Sample	0	1	2	3	4	5	6	7	8	9	10	11	12	13	14	15
012024-BEL-CBC-T1-557-SSID_S56_R1_16S	(1.0, 1.5971213938513984)	(2.0, 0.8595837804852389)	(3.0, 0.613913263051575)	(4.0, 0.5281653094291185)	(5.0, 0.4971277065841803)	(6.0, 0.4008585316583549)	(7.0, 0.324053616143762)	(8.0, 0.3114281505797193)	(9.0, 0.3740294173347642)	('>10', 7.461650148349221)	('>50', 4.029101698125118)	('>100', 9.535382867243229)	('>500', 6.325884308650548)	('>1k', 13.588157313300927)	('>5k', 12.564442480483134)	('>10k+', 40.989100014729715)
012024-BEL-CBC-T1-563-PSTR_S68_R1_16S	(1.0, 1.3966793324200204)	(2.0, 0.6565512963010831)	(3.0, 0.48078165792126554)	(4.0, 0.40323622922428726)	(5.0, 0.31879787353202194)	(6.0, 0.24297567658386537)	(7.0, 0.23522113371416756)	(8.0, 0.19989488286332188)	(9.0, 0.16284540026365446)	('>10', 4.036670371614927)	('>50', 1.5612479644324968)	('>100', 4.252935956092055)	('>500', 2.628790032827565)	('>1k', 13.558387399729451)	('>5k', 0.0)	('>10k+', 69.86498479247982)
012024-BEL-CBC-T2-601-OFAV_S58_R1_16S	(1.0, 1.1075184764070494)	(2.0, 0.4057703240477544)	(3.0, 0.29739909039226836)	(4.0, 0.2529846503695281)	(5.0, 0.22029562251279136)	(6.0, 0.24729960204661738)	(7.0, 0.1367964752700398)	(8.0, 0.17339397384877772)	(9.0, 0.15029846503695282)	('>10', 3.625639567936328)	('>50', 1.793988061398522)	('>100', 4.977259806708357)	('>500', 2.668419556566231)	('>1k', 12.319499715747584)	('>5k', 9.048820352472996)	('>10k+', 62.574616259238205)
012024-BEL-CBC-T2-605-SSID_S83_R1_16S	(1.0, 2.324317019745381)	(2.0, 0.9101165615444325)	(3.0, 0.5355105735054259)	(4.0, 0.368949186206203)	(5.0, 0.2521990817125025)	(6.0, 0.20081646506453468)	(7.0, 0.18588879356130245)	(8.0, 0.14959098180081143)	(9.0, 0.13293484307088915)	('>10', 4.535026602681953)	('>50', 4.08562512374254)	('>100', 8.164964912115298)	('>500', 5.508782184845428)	('>1k', 14.631632207315501)	('>5k', 0.8735044830154526)	('>10k+', 57.14014098007234)
012024-BEL-CBC-T3-627-PAST_S81_R1_16S	(1.0, 1.2385615768079832)	(2.0, 0.552241438399597)	(3.0, 0.38577857371644564)	(4.0, 0.28738734115390263)	(5.0, 0.2424388284364819)	(6.0, 0.1900578844823223)	(7.0, 0.1763137854493052)	(8.0, 0.16044613463436275)	(9.0, 0.14227796938900106)	('>10', 2.9225971274243143)	('>50', 1.8340998765390588)	('>100', 5.570371261737785)	('>500', 3.7601023551958885)	('>1k', 11.662369423685742)	('>5k', 3.030662318104518)	('>10k+', 67.8442941048433)
012024-BEL-CBC-T3-631-MCAV_S61_R1_16S	(1.0, 0.7726187199154844)	(2.0, 0.25555563821951743)	(3.0, 0.17464828550809816)	(4.0, 0.14135537485213484)	(5.0, 0.11996607471003548)	(6.0, 0.10936442159612539)	(7.0, 0.05728612559797044)	(8.0, 0.05951805256931993)	(9.0, 0.04687046639833945)	('>10', 1.6996123886826424)	('>50', 0.8066556062285642)	('>100', 2.156599436066452)	('>500', 0.8665456466264423)	('>1k', 6.867081309099567)	('>5k', 6.972911846324388)	('>10k+', 78.89341060760492)
012024-BEL-CBC-T3-633-MCAV_S69_R1_16S	(1.0, 1.168252638078751)	(2.0, 0.5292697180536106)	(3.0, 0.3737967383753625)	(4.0, 0.32638299279972655)	(5.0, 0.26187824591194275)	(6.0, 0.24147930886195984)	(7.0, 0.274007343617338)	(8.0, 0.2558136970592451)	(9.0, 0.20839995148360918)	('>10', 4.126098510326273)	('>50', 1.6953170656404715)	('>100', 3.4810510414484344)	('>500', 1.0204981751221178)	('>1k', 8.777607480345347)	('>5k', 0.0)	('>10k+', 77.26014709287581)
012024-BEL-CBC-T3-637-SSID_S70_R1_16S	(1.0, 3.9973509933774833)	(2.0, 1.8596026490066224)	(3.0, 1.4781456953642385)	(4.0, 1.0701986754966888)	(5.0, 0.8741721854304637)	(6.0, 1.0172185430463576)	(7.0, 0.7973509933774834)	(8.0, 0.8900662251655629)	(9.0, 0.9536423841059603)	('>10', 14.548344370860928)	('>50', 5.496688741721854)	('>100', 14.898013245033113)	('>500', 15.332450331125827)	('>1k', 36.78675496688742)	('>5k', 0.0)	('>10k+', 0.0)
012024-BEL-CBC-T4-661-PSTR_S71_R1_16S	(1.0, 1.2016971538971954)	(2.0, 0.5902779958178176)	(3.0, 0.46280306693375695)	(4.0, 0.3499804287260252)	(5.0, 0.27211396970324925)	(6.0, 0.2335993770683278)	(7.0, 0.16996657184541414)	(8.0, 0.1842002256452764)	(9.0, 0.1375222139192575)	('>10', 1.8949598213257812)	('>50', 0.8071318978274838)	('>100', 2.6338539082892196)	('>500', 4.539488969964897)	('>1k', 29.20243395479978)	('>5k', 21.05450442813156)	('>10k+', 36.26546601610496)
012024-BEL-CBC-T4-663-PSTR_S82_R1_16S	(1.0, 4.389627239308704)	(2.0, 1.6733478600775131)	(3.0, 0.9680799747168116)	(4.0, 0.4990102962457792)	(5.0, 0.3326735308305195)	(6.0, 0.3093863836723831)	(7.0, 0.23287147158136362)	(8.0, 0.10645552986576622)	(9.0, 0.11976247109898701)	('>10', 6.7133518521598825)	('>50', 8.584640463081556)	('>100', 25.517723182354995)	('>500', 7.085946206690065)	('>1k', 11.883098521266156)	('>5k', 10.084998087127198)	('>10k+', 21.499026929922323)
022024-BEL-CBC-T1-775-OANN_S93_R1_16S	(1.0, 1.4422825233400227)	(2.0, 0.5435825844167176)	(3.0, 0.3494459471250327)	(4.0, 0.2512869732135067)	(5.0, 0.15487304772707444)	(6.0, 0.11779076869383126)	(7.0, 0.13436872873222233)	(8.0, 0.12215338975656573)	(9.0, 0.07067446121629875)	('>10', 1.8715644359130965)	('>50', 1.1024343425530059)	('>100', 12.42081842771137)	('>500', 6.933077392897653)	('>1k', 17.85097286449699)	('>5k', 2.6446208882296487)	('>10k+', 53.990053223976965)
022024-BEL-CBC-T1-776-PSTR_S59_R1_16S	(1.0, 1.3870416112483375)	(2.0, 0.5216520131967596)	(3.0, 0.3756930889744874)	(4.0, 0.32819166393173616)	(5.0, 0.2504620593163249)	(6.0, 0.18136907743595945)	(7.0, 0.15114089786329954)	(8.0, 0.14509526194876754)	(9.0, 0.14768624876928127)	('>10', 3.927936019898779)	('>50', 1.6262760610091032)	('>100', 2.261931494308466)	('>500', 3.1273210923600434)	('>1k', 6.533605099062063)	('>5k', 0.0)	('>10k+', 79.0345983106766)
022024-BEL-CBC-T2-804-OFAV_S87_R1_16S	(1.0, 0.8873464506486816)	(2.0, 0.34580717422295115)	(3.0, 0.25283787409280795)	(4.0, 0.16993794919931224)	(5.0, 0.122073932663467)	(6.0, 0.10303867536679079)	(7.0, 0.07965841368717762)	(8.0, 0.06731308377375356)	(9.0, 0.0664164955677507)	('>10', 1.66289524884116)	('>50', 1.3901944975692115)	('>100', 4.078303875812877)	('>500', 1.4942676977890823)	('>1k', 3.5453856398294827)	('>5k', 0.36187679360746405)	('>10k+', 85.37264619732802)
022024-BEL-CBC-T2-814-MCAV_S1_R1_16S	(1.0, 2.438072669376269)	(2.0, 1.1199184271013425)	(3.0, 0.7271494772100018)	(4.0, 0.5240716952864878)	(5.0, 0.3802368006562289)	(6.0, 0.2409590512023743)	(7.0, 0.23127511770251524)	(8.0, 0.19595724258538236)	(9.0, 0.15636704386537054)	('>10', 3.9422153991631945)	('>50', 3.1942739470858483)	('>100', 6.48453276444971)	('>500', 0.7935129038413886)	('>1k', 0.9823496070886393)	('>5k', 2.6417200944468338)	('>10k+', 75.94738775893842)
022024-BEL-CBC-T3-851-PSTR_S13_R1_16S	(1.0, 0.6714961310281513)	(2.0, 0.2234205877134106)	(3.0, 0.13192306802138543)	(4.0, 0.10677282230502773)	(5.0, 0.09103463173405543)	(6.0, 0.0749878491911033)	(7.0, 0.06480431411576829)	(8.0, 0.06542149805972798)	(9.0, 0.045825907839007564)	('>10', 1.166477654083829)	('>50', 0.6699531711682521)	('>100', 2.330949460349789)	('>500', 1.3908240177131792)	('>1k', 7.632559538963594)	('>5k', 4.471189082016031)	('>10k+', 80.86236026569769)
022024-BEL-CBC-T4-874-OFAV_S89_R1_16S	(1.0, 1.1514423544687604)	(2.0, 0.45534070063029486)	(3.0, 0.27543336087077275)	(4.0, 0.21228004691389038)	(5.0, 0.15301853381709596)	(6.0, 0.10614002345694519)	(7.0, 0.11020872435612808)	(8.0, 0.09481842095487103)	(9.0, 0.08915761970383396)	('>10', 2.4175159342710217)	('>50', 1.2588206781993698)	('>100', 2.606622076063479)	('>500', 1.7261905814881184)	('>1k', 4.81185796342061)	('>5k', 2.596184973756879)	('>10k+', 81.93496800762793)
022024-BEL-CBC-T4-875-MCAV_S76_R1_16S	(1.0, 0.9879786678014236)	(2.0, 0.4431102826562565)	(3.0, 0.26919643476611826)	(4.0, 0.26642121378914796)	(5.0, 0.1734513110606432)	(6.0, 0.14431149080245514)	(7.0, 0.11979703883921757)	(8.0, 0.12210972298669281)	(9.0, 0.0790937978436533)	('>10', 1.7414511630488578)	('>50', 1.5573615049098286)	('>100', 2.545802709540747)	('>500', 0.7770618735516815)	('>1k', 7.522236458077974)	('>5k', 2.7969602079565585)	('>10k+', 80.45365612236874)
042024-BEL-CBC-T1-927-PSTR_S67_R1_16S	(1.0, 2.488875784056184)	(2.0, 0.8792151396558194)	(3.0, 0.5428081273789739)	(4.0, 0.4932182490752158)	(5.0, 0.28815740095427006)	(6.0, 0.2492896584999732)	(7.0, 0.21578298397040688)	(8.0, 0.2573312603870691)	(9.0, 0.2291856537822334)	('>10', 6.7469039832734685)	('>50', 1.9219428510159224)	('>100', 4.902696617166139)	('>500', 2.222162654800836)	('>1k', 17.719669758215836)	('>5k', 0.0)	('>10k+', 60.84275987776765)
042024-BEL-CBC-T2-1014-OFAV_S95_R1_16S	(1.0, 1.0926857042380298)	(2.0, 0.47224117792356224)	(3.0, 0.3083383222878578)	(4.0, 0.19592985041509497)	(5.0, 0.151761903366393)	(6.0, 0.10801260984421902)	(7.0, 0.11136183805644287)	(8.0, 0.08373070530559615)	(9.0, 0.11115251129317888)	('>10', 3.0888257187234416)	('>50', 2.432586315890832)	('>100', 5.790815578935029)	('>500', 2.9391570829896887)	('>1k', 4.002327713607495)	('>5k', 2.386115774446226)	('>10k+', 76.72495719267691)
042024-BEL-CBC-T2-1018-PAST_S15_R1_16S	(1.0, 0.2892360878029133)	(2.0, 0.09246828220447069)	(3.0, 0.06607874068604418)	(4.0, 0.05722628717191381)	(5.0, 0.050555480969322684)	(6.0, 0.042290394039068264)	(7.0, 0.04258407733100624)	(8.0, 0.035913271128415115)	(9.0, 0.03926965160770625)	('>10', 0.9241793649728134)	('>50', 0.5208263408740015)	('>100', 1.562898570181916)	('>500', 0.5580402094381419)	('>1k', 1.6894760690071828)	('>5k', 1.228561119688528)	('>10k+', 92.80039605289656)
042024-BEL-CBC-T2-1026-OFAV_S91_R1_16S	(1.0, 1.0896089892741614)	(2.0, 0.42762244680410505)	(3.0, 0.30737280609592055)	(4.0, 0.20062057403865471)	(5.0, 0.19862663866976904)	(6.0, 0.15828779236077348)	(7.0, 0.15460668091052293)	(8.0, 0.121476677858268)	(9.0, 0.1339004290028636)	('>10', 3.719916500121937)	('>50', 2.0858097754982157)	('>100', 5.452186196752339)	('>500', 3.183087746960399)	('>1k', 4.45429823444692)	('>5k', 3.053328568339067)	('>10k+', 75.25924994286608)
042024-BEL-CBC-T2-1144-MCAV_S3_R1_16S	(1.0, 1.6538976042806761)	(2.0, 0.7939789479373573)	(3.0, 0.5083302930803842)	(4.0, 0.3707757374302431)	(5.0, 0.2810544948450822)	(6.0, 0.1540394827516316)	(7.0, 0.16079560041617683)	(8.0, 0.12539354385395976)	(9.0, 0.08026267785479752)	('>10', 1.8806329131028148)	('>50', 1.5333684651451889)	('>100', 6.109151836988393)	('>500', 1.0739524639561122)	('>1k', 4.196089559095761)	('>5k', 9.11913737889659)	('>10k+', 71.95913900036484)
042024-BEL-CBC-T3-960-OFAV_S4_R1_16S	(1.0, 6.5985078751036195)	(2.0, 2.310030395136778)	(3.0, 1.3346228239845261)	(4.0, 1.1273832550428295)	(5.0, 0.8980381320806853)	(6.0, 0.6963249516441006)	(7.0, 0.5609284332688588)	(8.0, 0.7073777286543244)	(9.0, 0.3978999723680575)	('>10', 10.342636087316938)	('>50', 11.074882564244266)	('>100', 19.31749101961868)	('>500', 0.0)	('>1k', 0.0)	('>5k', 0.0)	('>10k+', 44.633876761536335)
042024-BEL-CBC-T4-1046-PSTR_S60_R1_16S	(1.0, 0.8333212421951702)	(2.0, 0.3414537417236159)	(3.0, 0.21909142351387823)	(4.0, 0.2205423600934403)	(5.0, 0.1765306171800564)	(6.0, 0.14799553111533495)	(7.0, 0.15234834085402127)	(8.0, 0.10059826951630611)	(9.0, 0.06964495581898116)	('>10', 1.8064160415548238)	('>50', 0.9648728254088014)	('>100', 2.3137601988750407)	('>500', 1.2521582681620986)	('>1k', 6.439740185623154)	('>5k', 7.598071221640236)	('>10k+', 77.36345477672504)
042024-BEL-CBC-T4-1047-MCAV_S92_R1_16S	(1.0, 1.061648145817447)	(2.0, 0.4101485863199899)	(3.0, 0.2809591850332783)	(4.0, 0.21321803765371317)	(5.0, 0.12770872046967197)	(6.0, 0.09772493392461853)	(7.0, 0.09846527433313838)	(8.0, 0.07995676412014244)	(9.0, 0.08995135963516024)	('>10', 2.2391595655682486)	('>50', 1.174920228320982)	('>100', 1.8545527233421928)	('>500', 2.5867493873683123)	('>1k', 6.615681890533268)	('>5k', 0.0)	('>10k+', 83.06915519755984)
052022-BEL-CBC-T1-2-SSID_S8_R1_16S	(1.0, 1.877772691760997)	(2.0, 1.0228629838551473)	(3.0, 0.7062297587048324)	(4.0, 0.5589264757001209)	(5.0, 0.4422540155632113)	(6.0, 0.3242048892299962)	(7.0, 0.2674174086323854)	(8.0, 0.2395399181571946)	(9.0, 0.22301992380152602)	('>10', 4.112101928365174)	('>50', 3.071342283958053)	('>100', 4.232216053992848)	('>500', 3.3955471731880493)	('>1k', 10.355971461709752)	('>5k', 11.769119312217569)	('>10k+', 57.40147372116314)
052022-BEL-CBC-T2-1-SSID_S57_R1_16S	(1.0, 1.0101982739795279)	(2.0, 0.40786217972416)	(3.0, 0.3064124807202585)	(4.0, 0.2269722079409322)	(5.0, 0.21063708691488026)	(6.0, 0.19498976045834632)	(7.0, 0.16369510754527838)	(8.0, 0.16369510754527838)	(9.0, 0.15011116479729836)	('>10', 4.496285049581391)	('>50', 2.544667958574133)	('>100', 6.397865085656217)	('>500', 2.7797217527069016)	('>1k', 6.939503309151622)	('>5k', 7.135008915537107)	('>10k+', 66.87237455916667)
052022-BEL-CBC-T2-71-OFAV_S21_R1_16S	(1.0, 1.9077096093206556)	(2.0, 1.0320197581612696)	(3.0, 0.7402039317577541)	(4.0, 0.5496995799694127)	(5.0, 0.4326339286796303)	(6.0, 0.32574789924113345)	(7.0, 0.28842261911975353)	(8.0, 0.25594477797517623)	(9.0, 0.23122283919348308)	('>10', 3.3161330040306454)	('>50', 1.4755604245387057)	('>100', 6.249075956945047)	('>500', 4.266231043483951)	('>1k', 24.671767788283255)	('>5k', 15.205204210485496)	('>10k+', 39.05242262881463)
052022-BEL-CBC-T2-9-PAST_S23_R1_16S	(1.0, 1.302795454487534)	(2.0, 0.622854477849674)	(3.0, 0.46025989647975085)	(4.0, 0.34200929184707957)	(5.0, 0.29116662886385125)	(6.0, 0.22171988368625872)	(7.0, 0.19355890995369368)	(8.0, 0.1661624875441847)	(9.0, 0.1525279889496849)	('>10', 3.6186214120243534)	('>50', 2.120865370157523)	('>100', 8.328002711608692)	('>500', 6.067479299772928)	('>1k', 13.65131872360705)	('>5k', 7.2916533932061975)	('>10k+', 55.169004069961545)
052022-BEL-CBC-T3-11-PAST_S19_R1_16S	(1.0, 2.1162201303403334)	(2.0, 0.9449674149167271)	(3.0, 0.6263577118030413)	(4.0, 0.4296403572290611)	(5.0, 0.3167994207096307)	(6.0, 0.2715423606082549)	(7.0, 0.20275162925416362)	(8.0, 0.12068549360366883)	(9.0, 0.12490948587979725)	('>10', 3.125754284335023)	('>50', 2.3515568428674873)	('>100', 6.575549118995896)	('>500', 0.31317885590152067)	('>1k', 2.0438088341781318)	('>5k', 0.0)	('>10k+', 80.43627805937726)
052022-BEL-CBC-T3-13-MCAV_S5_R1_16S	(1.0, 2.067707277518751)	(2.0, 1.1000233315101606)	(3.0, 0.6987978535010652)	(4.0, 0.4865193594161768)	(5.0, 0.35953474673836966)	(6.0, 0.3396455905358215)	(7.0, 0.275770800423792)	(8.0, 0.3182264992407697)	(9.0, 0.26850360873439943)	('>10', 6.57986834908529)	('>50', 3.4159625777876372)	('>100', 5.057582932044108)	('>500', 2.0252515787017735)	('>1k', 11.105033868938111)	('>5k', 11.93005136757073)	('>10k+', 53.97152025825305)
052022-BEL-CBC-T3-19-MCAV_S6_R1_16S	(1.0, 3.148606253613504)	(2.0, 1.6472840664600454)	(3.0, 0.9184224743381956)	(4.0, 0.6900016112674988)	(5.0, 0.4312510070421867)	(6.0, 0.363956893855384)	(7.0, 0.35163543651132156)	(8.0, 0.21989062337096116)	(9.0, 0.28149791009127356)	('>10', 5.92567317808297)	('>50', 4.181713061692589)	('>100', 8.5283440909134)	('>500', 4.228155477835594)	('>1k', 16.37806022349228)	('>5k', 0.0)	('>10k+', 52.70550769143279)
052022-BEL-CBC-T3-66-OFAV_S40_R1_16S	(1.0, 2.646513200581209)	(2.0, 0.893746515942135)	(3.0, 0.6141080354939823)	(4.0, 0.5227229111645206)	(5.0, 0.34726347245195427)	(6.0, 0.30705401774699115)	(7.0, 0.4285962331051751)	(8.0, 0.21201348844435103)	(9.0, 0.26318915806884957)	('>10', 3.63438639458269)	('>50', 1.3333089639668454)	('>100', 6.049695230610362)	('>500', 0.5208952086779314)	('>1k', 12.772898827528856)	('>5k', 0.0)	('>10k+', 69.45360834163415)
052022-BEL-CBC-T3-8-PAST_S17_R1_16S	(1.0, 2.760146181958069)	(2.0, 1.0546900044880425)	(3.0, 0.6924408540103866)	(4.0, 0.5065076617298199)	(5.0, 0.36064627813040967)	(6.0, 0.28851702250432776)	(7.0, 0.2636725011220106)	(8.0, 0.2308136180034622)	(9.0, 0.17311021350259664)	('>10', 3.743508366993652)	('>50', 1.9651214977239213)	('>100', 8.819805090722575)	('>500', 3.1480412899916645)	('>1k', 1.7327050073732129)	('>5k', 0.0)	('>10k+', 74.26027441174585)
062019-BEL-CBC-T1-21-PAST_S16_R1_16S	(1.0, 2.4428097627349263)	(2.0, 0.9652181307934348)	(3.0, 0.5612722170252572)	(4.0, 0.5697763415256399)	(5.0, 0.446466536270091)	(6.0, 0.420954162768943)	(7.0, 0.4762309720214304)	(8.0, 0.2721319840122459)	(9.0, 0.2104770813844715)	('>10', 6.099583297899482)	('>50', 3.2570796836465687)	('>100', 8.925078663151629)	('>500', 3.7545709669189553)	('>1k', 12.481928735436687)	('>5k', 28.39952376902798)	('>10k+', 30.71689769538226)
062019-BEL-CBC-T1-22-MCAV_S18_R1_16S	(1.0, 1.5266341036783684)	(2.0, 0.6770290372834503)	(3.0, 0.4041090274442739)	(4.0, 0.29517528961146966)	(5.0, 0.20303062248407966)	(6.0, 0.17569957714968434)	(7.0, 0.14212143573885577)	(8.0, 0.14368320975796406)	(9.0, 0.10893373783280429)	('>10', 2.0826256544809247)	('>50', 1.6437671551114912)	('>100', 1.1404854774538398)	('>500', 0.5411546976210277)	('>1k', 2.897481248950683)	('>5k', 10.643099496718323)	('>10k+', 77.37497022868276)
062019-BEL-CBC-T2-18-MCAV_S79_R1_16S	(1.0, 2.5234117944824095)	(2.0, 0.9162237408251075)	(3.0, 0.6150341685649202)	(4.0, 0.40496076942546194)	(5.0, 0.22779043280182232)	(6.0, 0.26575550493545935)	(7.0, 0.21260440394836752)	(8.0, 0.2733485193621868)	(9.0, 0.19362186788154898)	('>10', 3.3700329030625156)	('>50', 1.1073146038977475)	('>100', 2.0690964312832194)	('>500', 1.8261199696279422)	('>1k', 35.45051885598583)	('>5k', 0.0)	('>10k+', 50.54416603391546)
062019-BEL-CBC-T3-1-MCAV_S48_R1_16S	(1.0, 1.3221234578957974)	(2.0, 0.561986431722007)	(3.0, 0.39965967355529186)	(4.0, 0.3537603833150482)	(5.0, 0.30786109307480464)	(6.0, 0.3224145265656136)	(7.0, 0.21942099724604258)	(8.0, 0.15225130421153976)	(9.0, 0.2115845330586839)	('>10', 1.9680720059109331)	('>50', 0.36159684750240695)	('>100', 2.912925687929606)	('>500', 0.0)	('>1k', 2.9789758860802005)	('>5k', 0.0)	('>10k+', 87.92736717193202)
062024-BEL-CBC-T1-1347-OANN_S65_R1_16S	(1.0, 2.146810283265889)	(2.0, 0.843549154963104)	(3.0, 0.5645977148298024)	(4.0, 0.35110687931444895)	(5.0, 0.37937395858129014)	(6.0, 0.27671982861223515)	(7.0, 0.29159723875267796)	(8.0, 0.24994049035943822)	(9.0, 0.28787788621756727)	('>10', 9.084146631754345)	('>50', 4.460247560104737)	('>100', 12.5)	('>500', 3.439657224470364)	('>1k', 21.22411330635563)	('>5k', 17.41400856938824)	('>10k+', 26.48625327303023)
062024-BEL-CBC-T1-1353-MCAV_S86_R1_16S	(1.0, 0.862303170926019)	(2.0, 0.34051567473502187)	(3.0, 0.2235838769958257)	(4.0, 0.15015731640606356)	(5.0, 0.12298948898785157)	(6.0, 0.10243005202271818)	(7.0, 0.08994753672245862)	(8.0, 0.07416082619565975)	(9.0, 0.0586494652710725)	('>10', 2.018771500214773)	('>50', 1.7805023111009943)	('>100', 5.462660758276091)	('>500', 2.492097466416527)	('>1k', 5.727822425205869)	('>5k', 2.2179410458145026)	('>10k+', 78.27546708470855)
062024-BEL-CBC-T2-1375-SSID_S33_R1_16S	(1.0, 0.6099571884866954)	(2.0, 0.24304643715786925)	(3.0, 0.17228427821987163)	(4.0, 0.13692355610384693)	(5.0, 0.11135472076836794)	(6.0, 0.0946616913295998)	(7.0, 0.08272210381028575)	(8.0, 0.07467077070902624)	(9.0, 0.06476691848712296)	('>10', 1.4127188669911628)	('>50', 0.9509428508029959)	('>100', 3.025479262982393)	('>500', 1.946865273002282)	('>1k', 6.130596490799494)	('>5k', 2.975054099665529)	('>10k+', 81.96795549068345)
062024-BEL-CBC-T2-1396-MCAV_S49_R1_16S	(1.0, 0.989050036021763)	(2.0, 0.4100939173748774)	(3.0, 0.29501986901769794)	(4.0, 0.25687917876900107)	(5.0, 0.24177503077877638)	(6.0, 0.2184124997147598)	(7.0, 0.20993679077060493)	(8.0, 0.18255373110487386)	(9.0, 0.1613644587444867)	('>10', 3.625430169394649)	('>50', 2.145440992222994)	('>100', 6.515755582286638)	('>500', 3.797008944046195)	('>1k', 8.126574933416785)	('>5k', 4.243178955901321)	('>10k+', 68.58152491043458)
062024-BEL-CBC-T3-1415-MCAV_S50_R1_16S	(1.0, 0.9354217800002037)	(2.0, 0.37477976596633095)	(3.0, 0.27497428481225367)	(4.0, 0.21590573474147326)	(5.0, 0.23932947011436895)	(6.0, 0.17720565021234125)	(7.0, 0.18178855495921215)	(8.0, 0.17109511054984672)	(9.0, 0.16956747563422309)	('>10', 3.0786935666201587)	('>50', 1.391166196494587)	('>100', 1.9599555967451194)	('>500', 1.12739456773024)	('>1k', 2.1514191728366145)	('>5k', 0.0)	('>10k+', 87.55130307258302)
062024-BEL-CBC-T3-1433-PSTR_S2_R1_16S	(1.0, 1.4775234340591683)	(2.0, 0.9329683209738022)	(3.0, 0.7550605611911747)	(4.0, 0.6016777079839812)	(5.0, 0.49560748704522906)	(6.0, 0.3911722598781725)	(7.0, 0.33977214318049204)	(8.0, 0.2771314443024044)	(9.0, 0.2446359430899543)	('>10', 3.2763231442565224)	('>50', 1.1176204300646742)	('>100', 1.942474787885105)	('>500', 1.4718009558582337)	('>1k', 14.882122058416284)	('>5k', 20.43098435821896)	('>10k+', 51.363124963595844)
062024-BEL-CBC-T3-1439-OFAV_S41_R1_16S	(1.0, 2.3131737325642963)	(2.0, 1.4930742212288155)	(3.0, 1.0318945551697796)	(4.0, 0.7711926405264158)	(5.0, 0.6264929731739751)	(6.0, 0.518978695197022)	(7.0, 0.4781556046869758)	(8.0, 0.42359008766859735)	(9.0, 0.3201176998411537)	('>10', 4.937977195655777)	('>50', 1.7586264040515907)	('>100', 4.8037864426920605)	('>500', 3.0427349045507643)	('>1k', 7.845712969212923)	('>5k', 0.0)	('>10k+', 69.63449187377987)
062024-BEL-CBC-T3-1442-OFAV_S35_R1_16S	(1.0, 1.1614335553441169)	(2.0, 0.41864890580399616)	(3.0, 0.2863939105613701)	(4.0, 0.22962258166825245)	(5.0, 0.15540754836663495)	(6.0, 0.14462416745956233)	(7.0, 0.11877576910878528)	(8.0, 0.12559467174119884)	(9.0, 0.12274024738344433)	('>10', 1.8160482080558198)	('>50', 0.9835077703774184)	('>100', 2.2055185537583255)	('>500', 0.8469711385981605)	('>1k', 2.9161116397082143)	('>5k', 3.3566444655883285)	('>10k+', 85.11195686647636)
082024-BEL-CBC-T1-1479-PAST_S47_R1_16S	(1.0, 1.1651337023765493)	(2.0, 0.6754339693568825)	(3.0, 0.515973346429719)	(4.0, 0.4106767880709711)	(5.0, 0.3354938327745138)	(6.0, 0.272841370027466)	(7.0, 0.27587294080554897)	(8.0, 0.21988993377028374)	(9.0, 0.20554049875402441)	('>10', 4.1037363099316275)	('>50', 2.2946969742902588)	('>100', 5.496642030101477)	('>500', 2.017207195736399)	('>1k', 8.771142679868147)	('>5k', 0.0)	('>10k+', 73.23971842770614)
082024-BEL-CBC-T1-1482-OANN_S36_R1_16S	(1.0, 2.4234975260785983)	(2.0, 0.8761148403769184)	(3.0, 0.6570861302826888)	(4.0, 0.6681163530931896)	(5.0, 0.5672686016828968)	(6.0, 0.5672686016828968)	(7.0, 0.45223913523053166)	(8.0, 0.49793577258832056)	(9.0, 0.48217831143046236)	('>10', 8.475150483754057)	('>50', 3.498944250102423)	('>100', 9.723929280514323)	('>500', 2.382528127068167)	('>1k', 14.694620402760709)	('>5k', 0.0)	('>10k+', 54.03312218335382)
082024-BEL-CBC-T2-1510-PAST_S94_R1_16S	(1.0, 1.061070592043875)	(2.0, 0.508064669700836)	(3.0, 0.3618151695770571)	(4.0, 0.32550669992827175)	(5.0, 0.25834872634712674)	(6.0, 0.22546797935749244)	(7.0, 0.19461847542513283)	(8.0, 0.16859317375380065)	(9.0, 0.17367128139698743)	('>10', 3.4782498302007756)	('>50', 2.0146122547432697)	('>100', 7.812922514425)	('>500', 2.7120903395349725)	('>1k', 9.632408482978818)	('>5k', 5.166847574251456)	('>10k+', 65.90571223633513)
082024-BEL-CBC-T3-1554-OANN_S14_R1_16S	(1.0, 0.7862063178369214)	(2.0, 0.2743330747788929)	(3.0, 0.21010686080124621)	(4.0, 0.1609420705369505)	(5.0, 0.14523515723588448)	(6.0, 0.13361634465701372)	(7.0, 0.1257628880064807)	(8.0, 0.1273766119757683)	(9.0, 0.10941048511769966)	('>10', 3.8755194846411127)	('>50', 2.545380607556316)	('>100', 6.002730420956034)	('>500', 3.4834921417021776)	('>1k', 9.213503211848607)	('>5k', 3.0527354235003394)	('>10k+', 69.75364889884855)
082024-BEL-CBC-T3-1558-MCAV_S34_R1_16S	(1.0, 1.3514284085077264)	(2.0, 0.4573788351245337)	(3.0, 0.33313025392928636)	(4.0, 0.3229262641692902)	(5.0, 0.24759681035284795)	(6.0, 0.2575006827669619)	(7.0, 0.2794092490163654)	(8.0, 0.2569004480751974)	(9.0, 0.24849716239049466)	('>10', 5.89130349966837)	('>50', 2.8114992962248238)	('>100', 6.314769074708211)	('>500', 3.7142522726386016)	('>1k', 6.246042202501178)	('>5k', 2.689651653796634)	('>10k+', 68.57771388612947)
082024-BEL-CBC-T3-1560-PSTR_S54_R1_16S	(1.0, 0.7997445462066562)	(2.0, 0.3381859877788583)	(3.0, 0.26633960840094634)	(4.0, 0.20320188106884188)	(5.0, 0.1874779259861339)	(6.0, 0.16691583087797726)	(7.0, 0.15917480683725949)	(8.0, 0.15482048081435573)	(9.0, 0.14369275875582393)	('>10', 3.109472594355826)	('>50', 1.3360523680276355)	('>100', 3.2836456352719763)	('>500', 2.803460237746201)	('>1k', 9.437034026638798)	('>5k', 5.2849422567987965)	('>10k+', 72.32583905443391)
082024-BEL-CBC-T3-1561-MCAV_S38_R1_16S	(1.0, 1.486384856611752)	(2.0, 0.4777243294122099)	(3.0, 0.3221091765640742)	(4.0, 0.22798329383830213)	(5.0, 0.250687024345021)	(6.0, 0.20433357456046997)	(7.0, 0.24004465066999656)	(8.0, 0.17027797880039164)	(9.0, 0.18943425141543568)	('>10', 5.235101859340929)	('>50', 2.888103718208865)	('>100', 7.00764831921445)	('>500', 3.355658668331607)	('>1k', 8.982872873298994)	('>5k', 5.888543602987433)	('>10k+', 63.07309182240007)
082024-BEL-CBC-T3-1562-OFAV_S31_R1_16S	(1.0, 0.36820608189338805)	(2.0, 0.13933039054305385)	(3.0, 0.09832092536107685)	(4.0, 0.07279604199282866)	(5.0, 0.059455241924227645)	(6.0, 0.05357912073794211)	(7.0, 0.04437165525706951)	(8.0, 0.038495534070783974)	(9.0, 0.03844926540002582)	('>10', 0.7791798384575629)	('>50', 0.6175942172798371)	('>100', 1.840105036051777)	('>500', 0.8447271220316142)	('>1k', 1.9446105404041938)	('>5k', 0.8907644494359771)	('>10k+', 92.17001453915864)
082024-BEL-CBC-T4-1606-PSTR_S25_R1_16S	(1.0, 1.2791363171507473)	(2.0, 0.4647424369892446)	(3.0, 0.3612230920071181)	(4.0, 0.2627077032779041)	(5.0, 0.21110440441974437)	(6.0, 0.19140132667390156)	(7.0, 0.13792154422089964)	(8.0, 0.13010286257572393)	(9.0, 0.1013301141214773)	('>10', 1.700406884192815)	('>50', 0.9032141036506989)	('>100', 2.790643852796117)	('>500', 1.6265985294623562)	('>1k', 5.964403106205844)	('>5k', 11.672666201715732)	('>10k+', 72.20239752053968)
082024-BEL-CBC-T4-1607-PSTR_S90_R1_16S	(1.0, 2.363074534625088)	(2.0, 0.9105972622370837)	(3.0, 0.45679141351565183)	(4.0, 0.3284121273641941)	(5.0, 0.3060203914075445)	(6.0, 0.1791338876531968)	(7.0, 0.22988848915493587)	(8.0, 0.23884518353759573)	(9.0, 0.2015256236098464)	('>10', 5.162041529206288)	('>50', 5.182940482765827)	('>100', 13.132006747376435)	('>500', 4.2245741838212245)	('>1k', 9.388108495424621)	('>5k', 0.0)	('>10k+', 57.69603964830047)
082024-BEL-CBC-T4-1609-OFAV_S12_R1_16S	(1.0, 0.4960696489103132)	(2.0, 0.1654242909516571)	(3.0, 0.11675215620605282)	(4.0, 0.09957973288244715)	(5.0, 0.07722509897006105)	(6.0, 0.05243177772177829)	(7.0, 0.0689945292114098)	(8.0, 0.05934139184015217)	(9.0, 0.049383418551907456)	('>10', 1.427038539388865)	('>50', 1.17778437126576)	('>100', 3.160945235211394)	('>500', 1.3813131518408024)	('>1k', 3.413247762504369)	('>5k', 3.353296698830243)	('>10k+', 84.90117219571279)
092023-BEL-CBC-T1-171-PAST_S42_R1_16S	(1.0, 1.6401188995331255)	(2.0, 0.9293064732395276)	(3.0, 0.6785027705529798)	(4.0, 0.5347248025072293)	(5.0, 0.3988223130482545)	(6.0, 0.3550023424500412)	(7.0, 0.3307701006445776)	(8.0, 0.2665546598600992)	(9.0, 0.22899468506163068)	('>10', 4.551824687807952)	('>50', 2.0474224972132924)	('>100', 6.673559393224665)	('>500', 4.850890938757048)	('>1k', 17.319187089061565)	('>5k', 8.779745076816207)	('>10k+', 50.41457327022181)
092023-BEL-CBC-T1-175-PAST_S7_R1_16S	(1.0, 1.6592080983668753)	(2.0, 0.9286564229913601)	(3.0, 0.7204200941590356)	(4.0, 0.5095969786331419)	(5.0, 0.37939538172348974)	(6.0, 0.3492162036318485)	(7.0, 0.2550140548743684)	(8.0, 0.21729008225981686)	(9.0, 0.21923017227999378)	('>10', 4.479667856588546)	('>50', 2.6844378912514877)	('>100', 6.021392725955818)	('>500', 3.377481159570248)	('>1k', 8.893372652491076)	('>5k', 10.40384051597772)	('>10k+', 58.901779709245176)
092023-BEL-CBC-T2-174-SSID_S46_R1_16S	(1.0, 1.2410571705317641)	(2.0, 0.7038329350431761)	(3.0, 0.5121674838159563)	(4.0, 0.3732334055117374)	(5.0, 0.2963802343367254)	(6.0, 0.22663270915842973)	(7.0, 0.23822613157412498)	(8.0, 0.17053550392119463)	(9.0, 0.1868036934399928)	('>10', 3.4314660443616694)	('>50', 2.6373166088865454)	('>100', 7.767966999884066)	('>500', 5.64206991207698)	('>1k', 13.288679957964494)	('>5k', 4.3621186792474)	('>10k+', 58.92151253024574)
092023-BEL-CBC-T2-181-PAST_S63_R1_16S	(1.0, 1.1180274858528698)	(2.0, 0.5250028871694191)	(3.0, 0.4244139046079224)	(4.0, 0.31689571544058204)	(5.0, 0.26042268160295645)	(6.0, 0.21064788081764638)	(7.0, 0.2126111560226354)	(8.0, 0.1912461023212842)	(9.0, 0.1704584825037533)	('>10', 2.967086268622243)	('>50', 1.4020094699156946)	('>100', 4.978634946298649)	('>500', 4.318974477422335)	('>1k', 21.16318281556762)	('>5k', 13.878969857951265)	('>10k+', 47.861415867883125)
092023-BEL-CBC-T2-184-MCAV_S37_R1_16S	(1.0, 0.6258846519220466)	(2.0, 0.20981611050605065)	(3.0, 0.15633955804468977)	(4.0, 0.12603361913638852)	(5.0, 0.10818203341867882)	(6.0, 0.08833115386274457)	(7.0, 0.08355320828921482)	(8.0, 0.07573531427299317)	(9.0, 0.06482443923614613)	('>10', 1.2503418496610499)	('>50', 0.6287295618335375)	('>100', 1.5518135135609024)	('>500', 0.6149136769983129)	('>1k', 2.5468135460910406)	('>5k', 2.694200072626367)	('>10k+', 89.17448769053983)
092023-BEL-CBC-T3-171-OFAV_S78_R1_16S	(1.0, 0.7341725081501714)	(2.0, 0.3289271950463311)	(3.0, 0.2527550937963299)	(4.0, 0.1896271606837091)	(5.0, 0.1606184882587885)	(6.0, 0.13462749652236639)	(7.0, 0.12640188303274963)	(8.0, 0.10552147955910712)	(9.0, 0.09242863915255739)	('>10', 1.915886531312331)	('>50', 1.3128857885735035)	('>100', 6.090263696619905)	('>500', 3.6608847255711443)	('>1k', 10.720894713120778)	('>5k', 5.265998818237304)	('>10k+', 68.90810578236292)
092023-BEL-CBC-T3-173-OFAV_S84_R1_16S	(1.0, 0.7683816562440781)	(2.0, 0.3148569262838734)	(3.0, 0.20125071063104039)	(4.0, 0.1489482660602615)	(5.0, 0.1172541216600341)	(6.0, 0.10517339397384878)	(7.0, 0.07959067652075043)	(8.0, 0.06329353799507295)	(9.0, 0.06736782262649232)	('>10', 1.8939264733750238)	('>50', 1.3240477544059124)	('>100', 5.103136251658139)	('>500', 3.849488345650938)	('>1k', 9.562961910176236)	('>5k', 3.102615122228539)	('>10k+', 73.29770703050976)
092023-BEL-CBC-T3-178-PAST_S74_R1_16S	(1.0, 0.5628932764963621)	(2.0, 0.23455992841878046)	(3.0, 0.17250770597609663)	(4.0, 0.13244547682267344)	(5.0, 0.11121375916407694)	(6.0, 0.10009238324766925)	(7.0, 0.07696497651241234)	(8.0, 0.06875032384688393)	(9.0, 0.08871824878770683)	('>10', 1.596928478178723)	('>50', 0.9518886750270769)	('>100', 2.9103882497608273)	('>500', 0.6169836048170724)	('>1k', 3.5657911531982167)	('>5k', 1.8153118598100013)	('>10k+', 86.99456189993542)
092023-BEL-CBC-T3-195-PSTR_S66_R1_16S	(1.0, 1.9283597195113134)	(2.0, 0.8024289741921492)	(3.0, 0.5692908262849707)	(4.0, 0.3614544928793465)	(5.0, 0.3343454059133955)	(6.0, 0.16265452179570591)	(7.0, 0.3162726812694282)	(8.0, 0.3180799537338249)	(9.0, 0.2114508783344177)	('>10', 7.556206173642738)	('>50', 1.6807633918889613)	('>100', 5.911588231041712)	('>500', 3.509723125858454)	('>1k', 23.55779657341141)	('>5k', 0.0)	('>10k+', 52.779585050242176)
092023-BEL-CBC-T4-92-PSTR_S43_R1_16S	(1.0, 2.235049392610469)	(2.0, 1.23368963250457)	(3.0, 0.7807364316653009)	(4.0, 0.6483624346009419)	(5.0, 0.3962214878116867)	(6.0, 0.37821142018388276)	(7.0, 0.23323037578006103)	(8.0, 0.25934497384037675)	(9.0, 0.2755540347054003)	('>10', 4.030653135102522)	('>50', 1.6839413231996687)	('>100', 5.926212752928888)	('>500', 7.240047186377185)	('>1k', 9.299498419616565)	('>5k', 0.0)	('>10k+', 65.37924699907248)
092023-BEL-CBC-T4-94-MCAV_S85_R1_16S	(1.0, 1.2464333984081695)	(2.0, 0.5069719065814575)	(3.0, 0.3408085965527023)	(4.0, 0.21747231538491485)	(5.0, 0.16616331002875528)	(6.0, 0.09928083963224375)	(7.0, 0.08078734989682579)	(8.0, 0.08120449628183522)	(9.0, 0.0775892276117535)	('>10', 2.1024177804475146)	('>50', 2.362717124693398)	('>100', 8.489902276506871)	('>500', 4.066064863481893)	('>1k', 13.302937266745646)	('>5k', 7.621681600507251)	('>10k+', 59.23756764723876)
102019-BEL-CBC-T1-29-PSTR_S22_R1_16S	(1.0, 0.4684398419610846)	(2.0, 0.16878312321167993)	(3.0, 0.09601207008881116)	(4.0, 0.07162805228847817)	(5.0, 0.05524504032887944)	(6.0, 0.07200905256660838)	(7.0, 0.056007040885139844)	(8.0, 0.06400804672587411)	(9.0, 0.044577032541233755)	('>10', 1.2412989061482016)	('>50', 0.6528439765761029)	('>100', 0.9077331626452088)	('>500', 0.099441072591983)	('>1k', 2.2153261171880656)	('>5k', 1.3018779503709037)	('>10k+', 92.48476951388174)
112023-BEL-CBC-T1-276-MCAV_S26_R1_16S	(1.0, 1.953090268927786)	(2.0, 0.6567599447562935)	(3.0, 0.5192434220275388)	(4.0, 0.41966249177568216)	(5.0, 0.33490015233511355)	(6.0, 0.32008156152382533)	(7.0, 0.2448031202024812)	(8.0, 0.30348473981518254)	(9.0, 0.24006117114286898)	('>10', 4.146241708998441)	('>50', 2.5956243665052425)	('>100', 5.583052274060946)	('>500', 1.4759316448043058)	('>1k', 12.861351336933263)	('>5k', 3.2322310277581847)	('>10k+', 65.11348076843284)
112023-BEL-CBC-T2-304-OFAV_S72_R1_16S	(1.0, 0.592885375494071)	(2.0, 0.2832674571805006)	(3.0, 0.21848924022837066)	(4.0, 0.18152539891670327)	(5.0, 0.1610305958132045)	(6.0, 0.1478553652466696)	(7.0, 0.10759771629336846)	(8.0, 0.11711316059142146)	(9.0, 0.10320597277119017)	('>10', 1.63494851900649)	('>50', 0.5803201093056165)	('>100', 1.4472014834333675)	('>500', 1.2127311764992925)	('>1k', 6.412555506758405)	('>5k', 2.351168691748402)	('>10k+', 84.44810423071293)
112023-BEL-CBC-T2-307-SSID_S62_R1_16S	(1.0, 0.5584411614635626)	(2.0, 0.22102513337926266)	(3.0, 0.1735282430147828)	(4.0, 0.14296093733467202)	(5.0, 0.13226238034663326)	(6.0, 0.11780169342873467)	(7.0, 0.10369370619176047)	(8.0, 0.10533963803607413)	(9.0, 0.08147362629352609)	('>10', 2.0749322228779823)	('>50', 1.026356071489874)	('>100', 2.879557761626745)	('>500', 2.0267299331516537)	('>1k', 5.663651476283298)	('>5k', 3.9027395359883)	('>10k+', 80.78950647909315)
112023-BEL-CBC-T2-310-MCAV_S55_R1_16S	(1.0, 0.727018944024251)	(2.0, 0.28858113561386645)	(3.0, 0.21065566575967698)	(4.0, 0.1764027119776157)	(5.0, 0.1573495064363441)	(6.0, 0.14257792011783016)	(7.0, 0.13487100551686637)	(8.0, 0.13529916743914214)	(9.0, 0.11560371901445689)	('>10', 1.8064151500814578)	('>50', 0.6681466797113332)	('>100', 1.1684538858905662)	('>500', 1.3716167180104173)	('>1k', 1.9868854003206933)	('>5k', 9.14618090269378)	('>10k+', 81.7639414873917)
112023-BEL-CBC-T3-352-PAST_S30_R1_16S	(1.0, 0.8911133768854458)	(2.0, 0.3512074575064718)	(3.0, 0.26961719730181344)	(4.0, 0.23548135455500852)	(5.0, 0.1880269370971551)	(6.0, 0.18936998664784904)	(7.0, 0.16844079781620142)	(8.0, 0.164747411551793)	(9.0, 0.17426067920254196)	('>10', 3.9435292432251545)	('>50', 2.2803862162824613)	('>100', 6.806239360529341)	('>500', 2.5450788985650634)	('>1k', 7.749172065912395)	('>5k', 5.221664732302244)	('>10k+', 68.82166428461906)
112023-BEL-CBC-T3-355-PSTR_S10_R1_16S	(1.0, 1.3450118764845607)	(2.0, 0.4908946951702296)	(3.0, 0.29097387173396677)	(4.0, 0.281076801266825)	(5.0, 0.23258115597783055)	(6.0, 0.12470308788598573)	(7.0, 0.18705463182897863)	(8.0, 0.11084718923198733)	(9.0, 0.11579572446555819)	('>10', 4.6298495645289)	('>50', 4.463578780680918)	('>100', 9.993072050673)	('>500', 1.1718131433095804)	('>1k', 8.06710213776722)	('>5k', 6.023357086302455)	('>10k+', 62.472288202692006)
112023-BEL-CBC-T4-399-MCAV_S9_R1_16S	(1.0, 1.2759936800783611)	(2.0, 0.42858375960279066)	(3.0, 0.31411962065458476)	(4.0, 0.24168821469719545)	(5.0, 0.24956935213297357)	(6.0, 0.2454411372856612)	(7.0, 0.18652025264674865)	(8.0, 0.2702104263695353)	(9.0, 0.1891472984586747)	('>10', 3.6328290656348634)	('>50', 1.1510213578824509)	('>100', 2.9655594294056495)	('>500', 0.7498339331754603)	('>1k', 5.549071339305485)	('>5k', 3.721022746463808)	('>10k+', 78.82938838620575)
112023-BEL-CBC-T4-401-MCAV_S53_R1_16S	(1.0, 0.957066289708367)	(2.0, 0.31703287071399533)	(3.0, 0.22714472737038016)	(4.0, 0.21782023117290972)	(5.0, 0.19021972242839721)	(6.0, 0.15888941520489647)	(7.0, 0.15142981824692012)	(8.0, 0.15814345550909883)	(9.0, 0.11748865208812767)	('>10', 2.3911738048793225)	('>50', 0.9958561938898441)	('>100', 2.2539172208525575)	('>500', 0.7426028771665467)	('>1k', 0.4095318729929022)	('>5k', 3.263200689266759)	('>10k+', 87.44848215850898)
122022-BEL-CBC-T3-123-PAST_S20_R1_16S	(1.0, 1.8862231162914533)	(2.0, 0.843712096559477)	(3.0, 0.557346981037186)	(4.0, 0.3810312694139573)	(5.0, 0.28991509629322837)	(6.0, 0.23784871165281185)	(7.0, 0.21536550010354108)	(8.0, 0.12779930775374967)	(9.0, 0.09584948081531225)	('>10', 2.580836020471556)	('>50', 1.2637931544537466)	('>100', 7.858474099931959)	('>500', 0.32304825015531163)	('>1k', 0.8738869331124456)	('>5k', 0.0)	('>10k+', 82.46486998195427)
122022-BEL-CBC-T3-124-PAST_S64_R1_16S	(1.0, 0.6107446726570117)	(2.0, 0.25850035975885827)	(3.0, 0.1893665426140473)	(4.0, 0.19537817888750914)	(5.0, 0.1709559065265705)	(6.0, 0.1510423613707282)	(7.0, 0.11835408913377958)	(8.0, 0.12323854360596731)	(9.0, 0.09299249860511252)	('>10', 1.9368740618559799)	('>50', 0.9365002132252241)	('>100', 2.0494043783498435)	('>500', 1.7054260653277)	('>1k', 6.683624490654723)	('>5k', 1.0757071656825743)	('>10k+', 83.70189047174436)
122022-BEL-CBC-T3-126-SSID_S77_R1_16S	(1.0, 1.3758174207334979)	(2.0, 0.5354092408462809)	(3.0, 0.3883753180198003)	(4.0, 0.3000692302581238)	(5.0, 0.2732773346993628)	(6.0, 0.24691410946954187)	(7.0, 0.19054396121390865)	(8.0, 0.20576175789128492)	(9.0, 0.22376591170677235)	('>10', 8.801887864128652)	('>50', 4.868623260938059)	('>100', 14.202705338445941)	('>500', 7.307757432607666)	('>1k', 13.069515323892583)	('>5k', 7.649407684772987)	('>10k+', 40.360168810375534)
122022-BEL-CBC-T3-127-OFAV_S32_R1_16S	(1.0, 1.139518028423501)	(2.0, 0.5531377450930509)	(3.0, 0.42028066200140435)	(4.0, 0.32880714691958135)	(5.0, 0.3064193150454145)	(6.0, 0.2829007845917443)	(7.0, 0.23507223467875157)	(8.0, 0.2080485386286209)	(9.0, 0.18215554115799365)	('>10', 3.8331812543743906)	('>50', 2.1365680358295767)	('>100', 7.028083160619126)	('>500', 4.398982823557879)	('>1k', 14.304354659439241)	('>5k', 7.9532207383687865)	('>10k+', 56.68926933127094)
122022-BEL-CBC-T3-141-PSTR_S80_R1_16S	(1.0, 0.9955477066958512)	(2.0, 0.49621928166351603)	(3.0, 0.3306573972739031)	(4.0, 0.2910158193214606)	(5.0, 0.21764003581733163)	(6.0, 0.1902795741717242)	(7.0, 0.1294958213113123)	(8.0, 0.11939110536265049)	(9.0, 0.11053004676151627)	('>10', 1.7398766291911252)	('>50', 0.779306785394488)	('>100', 3.1733471793851358)	('>500', 3.173191722216695)	('>1k', 21.990504676151627)	('>5k', 10.123837180380061)	('>10k+', 56.139159038901596)
122022-BEL-CBC-T3-142-MCAV_S24_R1_16S	(1.0, 2.423838684055446)	(2.0, 0.9787593840477593)	(3.0, 0.6994798739398909)	(4.0, 0.5329370468113455)	(5.0, 0.37151861436367833)	(6.0, 0.3843296010658741)	(7.0, 0.17935381383074125)	(8.0, 0.2459709446821594)	(9.0, 0.2536575367034769)	('>10', 3.8023008532117144)	('>50', 1.2964718542622151)	('>100', 2.9285915601219603)	('>500', 0.0)	('>1k', 18.85521022829178)	('>5k', 0.0)	('>10k+', 67.04758000461194)
122023-BEL-CBC-T1-507-PAST_S51_R1_16S	(1.0, 1.2629506509583994)	(2.0, 0.4545429121695568)	(3.0, 0.3434241362659244)	(4.0, 0.2520680956740118)	(5.0, 0.25915284984236425)	(6.0, 0.22932230597561726)	(7.0, 0.22055958371476034)	(8.0, 0.21328838864724076)	(9.0, 0.2550511500606865)	('>10', 5.514176033768176)	('>50', 3.165393586060187)	('>100', 8.133484226167726)	('>500', 3.431631190070904)	('>1k', 9.508672298424761)	('>5k', 9.143807458754612)	('>10k+', 57.61247513344507)
122023-BEL-CBC-T1-508-SSID_S75_R1_16S	(1.0, 2.6667860281143327)	(2.0, 1.1444564067649672)	(3.0, 0.8007425538481111)	(4.0, 0.636070872430097)	(5.0, 0.5642184220259564)	(6.0, 0.4890678263573635)	(7.0, 0.5194578791512459)	(8.0, 0.43912448378137064)	(9.0, 0.45797102814966983)	('>10', 8.212381708486364)	('>50', 5.176674574362575)	('>100', 15.903892046993859)	('>500', 8.313681884465971)	('>1k', 24.169044079711462)	('>5k', 5.073960907555344)	('>10k+', 25.432469297801312)
122023-BEL-CBC-T2-513-SSID_S45_R1_16S	(1.0, 4.367882589367274)	(2.0, 2.9032945618415447)	(3.0, 2.1854637354606905)	(4.0, 1.7173131965166555)	(5.0, 1.1913099080445773)	(6.0, 1.0413494915047805)	(7.0, 0.9538091468241885)	(8.0, 0.8342975458254674)	(9.0, 0.8358199866025212)	('>10', 14.5583399305767)	('>50', 6.86240180256988)	('>100', 17.329182144814567)	('>500', 5.207508677912429)	('>1k', 15.151330613239145)	('>5k', 0.0)	('>10k+', 24.86069666889958)
122023-BEL-CBC-T2-515-PAST_S73_R1_16S	(1.0, 1.5230010785021362)	(2.0, 0.6181182785210866)	(3.0, 0.4748753591523587)	(4.0, 0.3511402303591384)	(5.0, 0.359500712034356)	(6.0, 0.25081445025652743)	(7.0, 0.30627231203547073)	(8.0, 0.2853711078474268)	(9.0, 0.2683714617744844)	('>10', 5.869615501447757)	('>50', 2.6257486114633353)	('>100', 6.780629321323967)	('>500', 2.183479130844325)	('>1k', 8.90335561866171)	('>5k', 3.3425205737519894)	('>10k+', 65.85718625202394)
122023-BEL-CBC-T2-518-MCAV_S27_R1_16S	(1.0, 1.4520433524833964)	(2.0, 0.7120156460090453)	(3.0, 0.4828260603838162)	(4.0, 0.3463309293892352)	(5.0, 0.21900338181966347)	(6.0, 0.16807236279183474)	(7.0, 0.13191133928207635)	(8.0, 0.1426068532779204)	(9.0, 0.11001100110011)	('>10', 1.8177280691032065)	('>50', 1.473943690665363)	('>100', 2.506824756549729)	('>500', 1.538116774640427)	('>1k', 16.810801450515424)	('>5k', 6.726968993195616)	('>10k+', 65.36079533879314)
122023-BEL-CBC-T2-522-MCAV_S88_R1_16S	(1.0, 1.3591530936944467)	(2.0, 0.542089204983867)	(3.0, 0.35017023801881986)	(4.0, 0.2379009174119629)	(5.0, 0.15327316815638578)	(6.0, 0.12969268074771104)	(7.0, 0.09078487652339774)	(8.0, 0.09851403628513003)	(9.0, 0.08724780341209652)	('>10', 3.4523143593378074)	('>50', 3.4437991833291193)	('>100', 12.21416846686221)	('>500', 5.967173341472969)	('>1k', 8.580415357185434)	('>5k', 1.895347176826145)	('>10k+', 61.397956095752505)
122023-BEL-CBC-T3-524-OFAV_S39_R1_16S	(1.0, 1.6803825206984078)	(2.0, 0.6409963484394667)	(3.0, 0.5022453566191285)	(4.0, 0.4270539508721788)	(5.0, 0.3416847029108629)	(6.0, 0.3551859221748179)	(7.0, 0.2995193565942032)	(8.0, 0.29079549183903225)	(9.0, 0.28788753692064195)	('>10', 6.169641781496268)	('>50', 3.5753305721609014)	('>100', 8.321112998973907)	('>500', 2.5812254122026097)	('>1k', 10.8171768742808)	('>5k', 6.284090578641487)	('>10k+', 57.42567059517528)
122023-BEL-CBC-T3-525-PAST_S29_R1_16S	(1.0, 0.9706536391301492)	(2.0, 0.39845746294564527)	(3.0, 0.2950899656901227)	(4.0, 0.24645563642163928)	(5.0, 0.1954755999537114)	(6.0, 0.14543384636556128)	(7.0, 0.14230623676630189)	(8.0, 0.12260229629096778)	(9.0, 0.11259394557333775)	('>10', 2.058749018712488)	('>50', 1.0393046698338926)	('>100', 3.648669358495995)	('>500', 1.8890761979526667)	('>1k', 10.720351042901422)	('>5k', 10.162072729433621)	('>10k+', 67.85270835353248)
122023-BEL-CBC-T3-526-SSID_S11_R1_16S	(1.0, 1.797235283160515)	(2.0, 0.6265487325088479)	(3.0, 0.3623822398834958)	(4.0, 0.2731978257065607)	(5.0, 0.23425020179384856)	(6.0, 0.16256399546175512)	(7.0, 0.19756041115143852)	(8.0, 0.13546999621812927)	(9.0, 0.15748387060357527)	('>10', 6.921952348428831)	('>50', 8.037321983958094)	('>100', 27.18036136621491)	('>500', 12.703134437037496)	('>1k', 16.787554823014094)	('>5k', 11.251912102550786)	('>10k+', 13.171070382307617)
122023-BEL-CBC-T3-531-PSTR_S28_R1_16S	(1.0, 1.2472263359097864)	(2.0, 0.5815469542585276)	(3.0, 0.4014740394881206)	(4.0, 0.3483377695558693)	(5.0, 0.305041549611072)	(6.0, 0.31291358960103516)	(7.0, 0.25141327717944806)	(8.0, 0.212545079729005)	(9.0, 0.18154892226852512)	('>10', 3.4887897230517932)	('>50', 1.0100811312121465)	('>100', 3.623598407879912)	('>500', 3.848935552592607)	('>1k', 10.069815154660985)	('>5k', 12.527367639027606)	('>10k+', 61.589364873973565)
122023-BEL-CBC-T3-532-MCAV_S52_R1_16S	(1.0, 0.7633118216538846)	(2.0, 0.31661428961704147)	(3.0, 0.24098870501137098)	(4.0, 0.2048042147694234)	(5.0, 0.18544551248998142)	(6.0, 0.16500127550328103)	(7.0, 0.13551091595609374)	(8.0, 0.12881678526133344)	(9.0, 0.14654718547988776)	('>10', 4.079620352328382)	('>50', 1.921577354298627)	('>100', 4.679921045442292)	('>500', 1.2764078932847014)	('>1k', 4.110377169034037)	('>5k', 8.867371178691677)	('>10k+', 72.77768430117798)
122023-BEL-CBC-T4-539-MCAV_S44_R1_16S	(1.0, 1.6796294480193725)	(2.0, 1.0267126336197467)	(3.0, 0.763810831403375)	(4.0, 0.5778558981283806)	(5.0, 0.43942697214070714)	(6.0, 0.4390497816066808)	(7.0, 0.35644505465490833)	(8.0, 0.38020805829856896)	(9.0, 0.336076765817485)	('>10', 4.8091793088360655)	('>50', 2.646368786728928)	('>100', 6.3907392180085845)	('>500', 4.147209921619807)	('>1k', 6.495975377001939)	('>5k', 6.64383406634027)	('>10k+', 62.86747787777518)
Negative_S96_R1_16S	(1.0, 15.947649054774601)	(2.0, 5.428986912263694)	(3.0, 2.9083858458555505)	(4.0, 1.3572467280659235)	(5.0, 1.9389238972370333)	(6.0, 1.4541929229277752)	(7.0, 1.3572467280659235)	(8.0, 0.7755695588948134)	(9.0, 2.617547261269995)	('>10', 22.92777508482792)	('>50', 4.604944255937955)	('>100', 0.0)	('>500', 38.681531749878815)	('>1k', 0.0)	('>5k', 0.0)	('>10k+', 0.0)
Undetermined_S0_R1_16S	(1.0, 5.22578814005924)	(2.0, 1.0596019302341542)	(3.0, 0.6131953212842467)	(4.0, 0.44285848225172203)	(5.0, 0.35795334348913066)	(6.0, 0.2991497957072663)	(7.0, 0.25475833553477484)	(8.0, 0.2261746502132706)	(9.0, 0.21514102410229227)	('>10', 6.08759489028058)	('>50', 8.024183683007804)	('>100', 19.792884508636263)	('>500', 2.072370254414745)	('>1k', 22.20180552107275)	('>5k', 6.621920054687518)	('>10k+', 26.50462006502424)
