Sample	0	1	2	3	4	5	6	7	8	9	10	11	12	13	14	15	16	17	18	19	20	21	22	23	24	25	26	27	28	29	30	31	32	33	34	35	36	37	38	39	40	41	42	43	44	45	46	47	48
012024-BEL-CBC-T1-557-SSID_S56_R1_16S	(209, 1.0)	(210, 0.0)	(211, 0.0)	(212, 0.0)	(213, 0.0)	(214, 0.0)	(215, 0.0)	(216, 0.0)	(217, 1.0)	(218, 1.0)	(219, 3.0)	(220, 0.0)	(221, 0.0)	(222, 0.0)	(223, 0.0)	(224, 0.0)	(225, 0.0)	(226, 2.0)	(227, 2.0)	(228, 0.0)	(229, 257.0)	(230, 48.0)	(231, 1211.0)	(232, 159424.0)	(233, 21045.0)	(234, 34.0)	(235, 8.0)	(236, 3.0)	(237, 3.0)	(238, 5.0)	(239, 7.0)	(240, 0.0)	(241, 0.0)	(242, 4.0)	(243, 0.0)	(244, 0.0)	(245, 0.0)	(246, 1.0)	(247, 24.0)	(248, 228.0)	(249, 0.0)	(250, 0.0)	(251, 7780.0)						
012024-BEL-CBC-T1-563-PSTR_S68_R1_16S	(214, 1.0)	(215, 0.0)	(216, 0.0)	(217, 0.0)	(218, 0.0)	(219, 0.0)	(220, 1.0)	(221, 0.0)	(222, 0.0)	(223, 0.0)	(224, 0.0)	(225, 0.0)	(226, 0.0)	(227, 0.0)	(228, 3.0)	(229, 800.0)	(230, 238.0)	(231, 111136.0)	(232, 824.0)	(233, 9.0)	(234, 5.0)	(235, 3.0)	(236, 1.0)	(237, 0.0)	(238, 0.0)	(239, 3.0)	(240, 0.0)	(241, 0.0)	(242, 0.0)	(243, 0.0)	(244, 0.0)	(245, 0.0)	(246, 0.0)	(247, 22.0)	(248, 139.0)	(249, 0.0)	(250, 0.0)	(251, 2876.0)											
012024-BEL-CBC-T2-601-OFAV_S58_R1_16S	(202, 1.0)	(204, 0.0)	(206, 0.0)	(208, 0.0)	(210, 3.0)	(212, 3.0)	(214, 0.0)	(216, 0.0)	(218, 0.0)	(220, 0.0)	(222, 2.0)	(224, 0.0)	(226, 1.0)	(228, 460.0)	(230, 1002.0)	(232, 274067.0)	(234, 22.0)	(236, 2.0)	(238, 38.0)	(240, 1.0)	(242, 0.0)	(244, 0.0)	(246, 68.0)	(248, 522.0)	(250, 5248.0)																								
012024-BEL-CBC-T2-605-SSID_S83_R1_16S	(203, 2.0)	(204, 0.0)	(205, 0.0)	(206, 1.0)	(207, 1.0)	(208, 0.0)	(209, 0.0)	(210, 0.0)	(211, 0.0)	(212, 0.0)	(213, 1.0)	(214, 0.0)	(215, 11.0)	(216, 1.0)	(217, 0.0)	(218, 1.0)	(219, 1.0)	(220, 3.0)	(221, 0.0)	(222, 3.0)	(223, 2.0)	(224, 14.0)	(225, 7.0)	(226, 11.0)	(227, 12.0)	(228, 1369.0)	(229, 610329.0)	(230, 8362.0)	(231, 478.0)	(232, 644.0)	(233, 91.0)	(234, 52.0)	(235, 82.0)	(236, 18.0)	(237, 20.0)	(238, 22.0)	(239, 136.0)	(240, 6.0)	(241, 10.0)	(242, 15.0)	(243, 0.0)	(244, 0.0)	(245, 0.0)	(246, 2.0)	(247, 27.0)	(248, 1212.0)	(249, 0.0)	(250, 0.0)	(251, 13456.0)
012024-BEL-CBC-T3-627-PAST_S81_R1_16S	(194, 2.0)	(196, 0.0)	(198, 0.0)	(200, 1.0)	(202, 0.0)	(204, 6.0)	(206, 0.0)	(208, 5.0)	(210, 1.0)	(212, 11.0)	(214, 4.0)	(216, 9.0)	(218, 8.0)	(220, 11.0)	(222, 12.0)	(224, 28.0)	(226, 50.0)	(228, 1661682.0)	(230, 10067.0)	(232, 5641.0)	(234, 293.0)	(236, 111.0)	(238, 505.0)	(240, 31.0)	(242, 37.0)	(244, 0.0)	(246, 25.0)	(248, 907.0)	(250, 15826.0)																				
012024-BEL-CBC-T3-631-MCAV_S61_R1_16S	(210, 1.0)	(211, 0.0)	(212, 0.0)	(213, 0.0)	(214, 0.0)	(215, 0.0)	(216, 0.0)	(217, 0.0)	(218, 0.0)	(219, 1.0)	(220, 0.0)	(221, 3.0)	(222, 0.0)	(223, 3.0)	(224, 0.0)	(225, 0.0)	(226, 1.0)	(227, 0.0)	(228, 2.0)	(229, 633.0)	(230, 157.0)	(231, 1211.0)	(232, 528649.0)	(233, 1569.0)	(234, 50.0)	(235, 30.0)	(236, 3.0)	(237, 7.0)	(238, 8.0)	(239, 58.0)	(240, 1.0)	(241, 0.0)	(242, 2.0)	(243, 0.0)	(244, 0.0)	(245, 0.0)	(246, 0.0)	(247, 20.0)	(248, 165.0)	(249, 0.0)	(250, 0.0)	(251, 5078.0)							
012024-BEL-CBC-T3-633-MCAV_S69_R1_16S	(210, 4.0)	(211, 0.0)	(212, 0.0)	(213, 0.0)	(214, 1.0)	(215, 0.0)	(216, 0.0)	(217, 0.0)	(218, 0.0)	(219, 0.0)	(220, 0.0)	(221, 0.0)	(222, 0.0)	(223, 1.0)	(224, 0.0)	(225, 0.0)	(226, 1.0)	(227, 1.0)	(228, 2.0)	(229, 649.0)	(230, 170.0)	(231, 172721.0)	(232, 3359.0)	(233, 12.0)	(234, 4.0)	(235, 8.0)	(236, 0.0)	(237, 7.0)	(238, 1.0)	(239, 3.0)	(240, 0.0)	(241, 0.0)	(242, 0.0)	(243, 0.0)	(244, 0.0)	(245, 0.0)	(246, 0.0)	(247, 27.0)	(248, 178.0)	(249, 0.0)	(250, 0.0)	(251, 4233.0)							
012024-BEL-CBC-T3-637-SSID_S70_R1_16S	(217, 3.0)	(218, 0.0)	(219, 0.0)	(220, 0.0)	(221, 0.0)	(222, 0.0)	(223, 0.0)	(224, 0.0)	(225, 0.0)	(226, 0.0)	(227, 0.0)	(228, 0.0)	(229, 694.0)	(230, 199.0)	(231, 27420.0)	(232, 1450.0)	(233, 7.0)	(234, 0.0)	(235, 0.0)	(236, 0.0)	(237, 5.0)	(238, 1.0)	(239, 4.0)	(240, 0.0)	(241, 0.0)	(242, 0.0)	(243, 0.0)	(244, 1.0)	(245, 0.0)	(246, 0.0)	(247, 417.0)	(248, 3844.0)	(249, 0.0)	(250, 0.0)	(251, 3705.0)														
012024-BEL-CBC-T4-661-PSTR_S71_R1_16S	(220, 1.0)	(221, 1.0)	(222, 0.0)	(223, 0.0)	(224, 0.0)	(225, 0.0)	(226, 5.0)	(227, 2.0)	(228, 8.0)	(229, 1306.0)	(230, 1278.0)	(231, 467042.0)	(232, 2921.0)	(233, 49.0)	(234, 15.0)	(235, 29.0)	(236, 4.0)	(237, 11.0)	(238, 5.0)	(239, 35.0)	(240, 0.0)	(241, 0.0)	(242, 0.0)	(243, 1.0)	(244, 0.0)	(245, 0.0)	(246, 5.0)	(247, 16.0)	(248, 41.0)	(249, 0.0)	(250, 0.0)	(251, 4966.0)																	
012024-BEL-CBC-T4-663-PSTR_S82_R1_16S	(220, 1.0)	(221, 0.0)	(222, 0.0)	(223, 0.0)	(224, 1.0)	(225, 0.0)	(226, 0.0)	(227, 0.0)	(228, 87.0)	(229, 55528.0)	(230, 519.0)	(231, 634.0)	(232, 783.0)	(233, 2.0)	(234, 4.0)	(235, 6.0)	(236, 4.0)	(237, 1.0)	(238, 1.0)	(239, 12.0)	(240, 0.0)	(241, 0.0)	(242, 0.0)	(243, 0.0)	(244, 0.0)	(245, 0.0)	(246, 0.0)	(247, 4.0)	(248, 1005.0)	(249, 0.0)	(250, 0.0)	(251, 1527.0)																	
022024-BEL-CBC-T1-775-OANN_S93_R1_16S	(213, 1.0)	(214, 1.0)	(215, 0.0)	(216, 0.0)	(217, 0.0)	(218, 0.0)	(219, 0.0)	(220, 0.0)	(221, 0.0)	(222, 0.0)	(223, 4.0)	(224, 0.0)	(225, 0.0)	(226, 1.0)	(227, 3.0)	(228, 533.0)	(229, 222478.0)	(230, 1195.0)	(231, 310.0)	(232, 1845.0)	(233, 46.0)	(234, 17.0)	(235, 16.0)	(236, 8.0)	(237, 5.0)	(238, 10.0)	(239, 52.0)	(240, 2.0)	(241, 0.0)	(242, 2.0)	(243, 0.0)	(244, 0.0)	(245, 0.0)	(246, 4.0)	(247, 24.0)	(248, 337.0)	(249, 0.0)	(250, 0.0)	(251, 2326.0)										
022024-BEL-CBC-T1-776-PSTR_S59_R1_16S	(205, 1.0)	(206, 0.0)	(207, 0.0)	(208, 0.0)	(209, 0.0)	(210, 0.0)	(211, 0.0)	(212, 0.0)	(213, 0.0)	(214, 0.0)	(215, 0.0)	(216, 0.0)	(217, 0.0)	(218, 0.0)	(219, 0.0)	(220, 0.0)	(221, 8.0)	(222, 0.0)	(223, 1.0)	(224, 1.0)	(225, 0.0)	(226, 0.0)	(227, 0.0)	(228, 3.0)	(229, 552.0)	(230, 65.0)	(231, 351.0)	(232, 111782.0)	(233, 203.0)	(234, 8.0)	(235, 10.0)	(236, 0.0)	(237, 0.0)	(238, 1.0)	(239, 8.0)	(240, 0.0)	(241, 0.0)	(242, 0.0)	(243, 0.0)	(244, 0.0)	(245, 0.0)	(246, 1.0)	(247, 22.0)	(248, 191.0)	(249, 0.0)	(250, 0.0)	(251, 2578.0)		
022024-BEL-CBC-T2-804-OFAV_S87_R1_16S	(206, 3.0)	(207, 0.0)	(208, 0.0)	(209, 0.0)	(210, 0.0)	(211, 1.0)	(212, 2.0)	(213, 0.0)	(214, 0.0)	(215, 0.0)	(216, 1.0)	(217, 3.0)	(218, 0.0)	(219, 0.0)	(220, 9.0)	(221, 0.0)	(222, 1.0)	(223, 1.0)	(224, 5.0)	(225, 14.0)	(226, 7.0)	(227, 34.0)	(228, 2793.0)	(229, 1418305.0)	(230, 6992.0)	(231, 4168.0)	(232, 2263.0)	(233, 181.0)	(234, 112.0)	(235, 132.0)	(236, 44.0)	(237, 29.0)	(238, 38.0)	(239, 290.0)	(240, 11.0)	(241, 4.0)	(242, 11.0)	(243, 1.0)	(244, 0.0)	(245, 0.0)	(246, 5.0)	(247, 38.0)	(248, 813.0)	(249, 0.0)	(250, 0.0)	(251, 13630.0)			
022024-BEL-CBC-T2-814-MCAV_S1_R1_16S	(194, 1.0)	(196, 0.0)	(198, 0.0)	(200, 0.0)	(202, 1.0)	(204, 0.0)	(206, 2.0)	(208, 0.0)	(210, 1.0)	(212, 4.0)	(214, 2.0)	(216, 0.0)	(218, 4.0)	(220, 3.0)	(222, 4.0)	(224, 7.0)	(226, 8.0)	(228, 318058.0)	(230, 1288.0)	(232, 3037.0)	(234, 23.0)	(236, 13.0)	(238, 67.0)	(240, 2.0)	(242, 0.0)	(244, 0.0)	(246, 17.0)	(248, 2479.0)	(250, 26076.0)																				
022024-BEL-CBC-T3-851-PSTR_S13_R1_16S	(217, 3.0)	(218, 0.0)	(219, 7.0)	(220, 0.0)	(221, 3.0)	(222, 0.0)	(223, 5.0)	(224, 1.0)	(225, 0.0)	(226, 3.0)	(227, 3.0)	(228, 2.0)	(229, 519.0)	(230, 293.0)	(231, 2357.0)	(232, 640277.0)	(233, 2226.0)	(234, 37.0)	(235, 36.0)	(236, 7.0)	(237, 14.0)	(238, 7.0)	(239, 39.0)	(240, 6.0)	(241, 0.0)	(242, 4.0)	(243, 0.0)	(244, 0.0)	(245, 0.0)	(246, 2.0)	(247, 3.0)	(248, 57.0)	(249, 0.0)	(250, 0.0)	(251, 2194.0)														
022024-BEL-CBC-T4-874-OFAV_S89_R1_16S	(206, 1.0)	(207, 0.0)	(208, 0.0)	(209, 0.0)	(210, 0.0)	(211, 1.0)	(212, 0.0)	(213, 0.0)	(214, 5.0)	(215, 0.0)	(216, 2.0)	(217, 5.0)	(218, 5.0)	(219, 0.0)	(220, 0.0)	(221, 0.0)	(222, 0.0)	(223, 0.0)	(224, 5.0)	(225, 1.0)	(226, 0.0)	(227, 5.0)	(228, 1060.0)	(229, 551455.0)	(230, 2571.0)	(231, 385.0)	(232, 1655.0)	(233, 171.0)	(234, 38.0)	(235, 58.0)	(236, 16.0)	(237, 13.0)	(238, 14.0)	(239, 121.0)	(240, 5.0)	(241, 2.0)	(242, 4.0)	(243, 2.0)	(244, 0.0)	(245, 0.0)	(246, 4.0)	(247, 28.0)	(248, 416.0)	(249, 0.0)	(250, 0.0)	(251, 7243.0)			
022024-BEL-CBC-T4-875-MCAV_S76_R1_16S	(209, 1.0)	(210, 0.0)	(211, 0.0)	(212, 0.0)	(213, 3.0)	(214, 0.0)	(215, 0.0)	(216, 0.0)	(217, 0.0)	(218, 1.0)	(219, 1.0)	(220, 0.0)	(221, 0.0)	(222, 1.0)	(223, 3.0)	(224, 0.0)	(225, 0.0)	(226, 0.0)	(227, 0.0)	(228, 2.0)	(229, 783.0)	(230, 295.0)	(231, 210321.0)	(232, 977.0)	(233, 26.0)	(234, 4.0)	(235, 6.0)	(236, 5.0)	(237, 2.0)	(238, 3.0)	(239, 7.0)	(240, 0.0)	(241, 0.0)	(242, 0.0)	(243, 0.0)	(244, 0.0)	(245, 0.0)	(246, 6.0)	(247, 16.0)	(248, 33.0)	(249, 0.0)	(250, 0.0)	(251, 3703.0)						
042024-BEL-CBC-T1-927-PSTR_S67_R1_16S	(221, 1.0)	(222, 0.0)	(223, 1.0)	(224, 1.0)	(225, 0.0)	(226, 1.0)	(227, 0.0)	(228, 1.0)	(229, 469.0)	(230, 89.0)	(231, 70363.0)	(232, 665.0)	(233, 3.0)	(234, 1.0)	(235, 2.0)	(236, 1.0)	(237, 0.0)	(238, 0.0)	(239, 4.0)	(240, 0.0)	(241, 0.0)	(242, 0.0)	(243, 0.0)	(244, 0.0)	(245, 0.0)	(246, 0.0)	(247, 8.0)	(248, 143.0)	(249, 0.0)	(250, 0.0)	(251, 2859.0)																		
042024-BEL-CBC-T2-1014-OFAV_S95_R1_16S	(198, 1.0)	(200, 0.0)	(202, 1.0)	(204, 0.0)	(206, 0.0)	(208, 0.0)	(210, 0.0)	(212, 0.0)	(214, 0.0)	(216, 3.0)	(218, 1.0)	(220, 1.0)	(222, 5.0)	(224, 2.0)	(226, 14.0)	(228, 467566.0)	(230, 3743.0)	(232, 918.0)	(234, 61.0)	(236, 18.0)	(238, 111.0)	(240, 5.0)	(242, 4.0)	(244, 0.0)	(246, 18.0)	(248, 253.0)	(250, 4997.0)																						
042024-BEL-CBC-T2-1018-PAST_S15_R1_16S	(206, 1.0)	(207, 0.0)	(208, 0.0)	(209, 0.0)	(210, 0.0)	(211, 0.0)	(212, 0.0)	(213, 0.0)	(214, 3.0)	(215, 0.0)	(216, 1.0)	(217, 1.0)	(218, 2.0)	(219, 0.0)	(220, 1.0)	(221, 2.0)	(222, 7.0)	(223, 0.0)	(224, 4.0)	(225, 0.0)	(226, 7.0)	(227, 4.0)	(228, 6.0)	(229, 1177.0)	(230, 961.0)	(231, 6937.0)	(232, 2361010.0)	(233, 6855.0)	(234, 175.0)	(235, 79.0)	(236, 16.0)	(237, 14.0)	(238, 15.0)	(239, 103.0)	(240, 11.0)	(241, 0.0)	(242, 8.0)	(243, 0.0)	(244, 0.0)	(245, 0.0)	(246, 1.0)	(247, 0.0)	(248, 123.0)	(249, 0.0)	(250, 0.0)	(251, 5996.0)			
042024-BEL-CBC-T2-1026-OFAV_S91_R1_16S	(205, 4.0)	(206, 0.0)	(207, 0.0)	(208, 0.0)	(209, 1.0)	(210, 0.0)	(211, 0.0)	(212, 3.0)	(213, 2.0)	(214, 0.0)	(215, 0.0)	(216, 0.0)	(217, 1.0)	(218, 2.0)	(219, 2.0)	(220, 2.0)	(221, 1.0)	(222, 4.0)	(223, 0.0)	(224, 2.0)	(225, 3.0)	(226, 4.0)	(227, 5.0)	(228, 1397.0)	(229, 640311.0)	(230, 3313.0)	(231, 303.0)	(232, 333.0)	(233, 91.0)	(234, 27.0)	(235, 81.0)	(236, 31.0)	(237, 15.0)	(238, 29.0)	(239, 157.0)	(240, 3.0)	(241, 0.0)	(242, 9.0)	(243, 2.0)	(244, 0.0)	(245, 0.0)	(246, 4.0)	(247, 32.0)	(248, 295.0)	(249, 0.0)	(250, 0.0)	(251, 5508.0)		
042024-BEL-CBC-T2-1144-MCAV_S3_R1_16S	(196, 1.0)	(198, 0.0)	(200, 0.0)	(202, 1.0)	(204, 0.0)	(206, 0.0)	(208, 1.0)	(210, 0.0)	(212, 0.0)	(214, 2.0)	(216, 2.0)	(218, 0.0)	(220, 3.0)	(222, 2.0)	(224, 5.0)	(226, 4.0)	(228, 356463.0)	(230, 1332.0)	(232, 537.0)	(234, 31.0)	(236, 12.0)	(238, 61.0)	(240, 1.0)	(242, 0.0)	(244, 0.0)	(246, 17.0)	(248, 1748.0)	(250, 9812.0)																					
042024-BEL-CBC-T3-960-OFAV_S4_R1_16S	(227, 2.0)	(228, 32.0)	(229, 32600.0)	(230, 192.0)	(231, 194.0)	(232, 346.0)	(233, 5.0)	(234, 1.0)	(235, 1.0)	(236, 0.0)	(237, 0.0)	(238, 1.0)	(239, 9.0)	(240, 0.0)	(241, 0.0)	(242, 0.0)	(243, 0.0)	(244, 0.0)	(245, 0.0)	(246, 3.0)	(247, 18.0)	(248, 855.0)	(249, 0.0)	(250, 0.0)	(251, 1931.0)																								
042024-BEL-CBC-T4-1046-PSTR_S60_R1_16S	(213, 2.0)	(214, 0.0)	(215, 0.0)	(216, 0.0)	(217, 0.0)	(218, 0.0)	(219, 0.0)	(220, 0.0)	(221, 0.0)	(222, 0.0)	(223, 1.0)	(224, 0.0)	(225, 0.0)	(226, 0.0)	(227, 0.0)	(228, 2.0)	(229, 758.0)	(230, 175.0)	(231, 675.0)	(232, 201984.0)	(233, 621.0)	(234, 15.0)	(235, 5.0)	(236, 0.0)	(237, 1.0)	(238, 1.0)	(239, 16.0)	(240, 0.0)	(241, 0.0)	(242, 4.0)	(243, 0.0)	(244, 0.0)	(245, 0.0)	(246, 0.0)	(247, 16.0)	(248, 174.0)	(249, 0.0)	(250, 0.0)	(251, 2313.0)										
042024-BEL-CBC-T4-1047-MCAV_S92_R1_16S	(205, 1.0)	(206, 0.0)	(207, 0.0)	(208, 0.0)	(209, 1.0)	(210, 0.0)	(211, 3.0)	(212, 1.0)	(213, 0.0)	(214, 0.0)	(215, 0.0)	(216, 0.0)	(217, 1.0)	(218, 0.0)	(219, 0.0)	(220, 1.0)	(221, 1.0)	(222, 0.0)	(223, 0.0)	(224, 1.0)	(225, 1.0)	(226, 0.0)	(227, 3.0)	(228, 416.0)	(229, 264936.0)	(230, 1020.0)	(231, 216.0)	(232, 319.0)	(233, 26.0)	(234, 14.0)	(235, 22.0)	(236, 2.0)	(237, 3.0)	(238, 6.0)	(239, 47.0)	(240, 0.0)	(241, 0.0)	(242, 0.0)	(243, 0.0)	(244, 0.0)	(245, 0.0)	(246, 1.0)	(247, 10.0)	(248, 158.0)	(249, 0.0)	(250, 0.0)	(251, 2936.0)		
052022-BEL-CBC-T1-2-SSID_S8_R1_16S	(196, 1.0)	(198, 2.0)	(200, 0.0)	(202, 0.0)	(204, 0.0)	(206, 0.0)	(208, 1.0)	(210, 0.0)	(212, 0.0)	(214, 5.0)	(216, 1.0)	(218, 0.0)	(220, 4.0)	(222, 3.0)	(224, 4.0)	(226, 4.0)	(228, 277686.0)	(230, 2098.0)	(232, 791.0)	(234, 60.0)	(236, 19.0)	(238, 93.0)	(240, 2.0)	(242, 0.0)	(244, 0.0)	(246, 2.0)	(248, 763.0)	(250, 9018.0)																					
052022-BEL-CBC-T2-1-SSID_S57_R1_16S	(218, 1.0)	(219, 0.0)	(220, 2.0)	(221, 2.0)	(222, 0.0)	(223, 2.0)	(224, 2.0)	(225, 0.0)	(226, 0.0)	(227, 0.0)	(228, 2.0)	(229, 1037.0)	(230, 330.0)	(231, 1421.0)	(232, 559976.0)	(233, 9421.0)	(234, 49.0)	(235, 35.0)	(236, 3.0)	(237, 14.0)	(238, 6.0)	(239, 33.0)	(240, 1.0)	(241, 0.0)	(242, 1.0)	(243, 0.0)	(244, 0.0)	(245, 0.0)	(246, 2.0)	(247, 13.0)	(248, 186.0)	(249, 0.0)	(250, 0.0)	(251, 9030.0)															
052022-BEL-CBC-T2-71-OFAV_S21_R1_16S	(194, 1.0)	(196, 0.0)	(198, 0.0)	(200, 0.0)	(202, 3.0)	(204, 0.0)	(206, 0.0)	(208, 0.0)	(210, 0.0)	(212, 0.0)	(214, 2.0)	(216, 4.0)	(218, 0.0)	(220, 2.0)	(222, 4.0)	(224, 9.0)	(226, 12.0)	(228, 399838.0)	(230, 2197.0)	(232, 2291.0)	(234, 61.0)	(236, 24.0)	(238, 114.0)	(240, 7.0)	(242, 10.0)	(244, 0.0)	(246, 1.0)	(248, 1746.0)	(250, 6263.0)																				
052022-BEL-CBC-T2-9-PAST_S23_R1_16S	(200, 1.0)	(202, 0.0)	(204, 0.0)	(206, 0.0)	(208, 0.0)	(210, 0.0)	(212, 4.0)	(214, 1.0)	(216, 3.0)	(218, 6.0)	(220, 0.0)	(222, 4.0)	(224, 7.0)	(226, 14.0)	(228, 770655.0)	(230, 5847.0)	(232, 1475.0)	(234, 187.0)	(236, 41.0)	(238, 244.0)	(240, 12.0)	(242, 12.0)	(244, 0.0)	(246, 32.0)	(248, 1171.0)	(250, 5058.0)																							
052022-BEL-CBC-T3-11-PAST_S19_R1_16S	(212, 2.0)	(213, 0.0)	(214, 0.0)	(215, 0.0)	(216, 0.0)	(217, 0.0)	(218, 2.0)	(219, 2.0)	(220, 0.0)	(221, 0.0)	(222, 0.0)	(223, 0.0)	(224, 0.0)	(225, 0.0)	(226, 0.0)	(227, 1.0)	(228, 156.0)	(229, 158935.0)	(230, 356.0)	(231, 176.0)	(232, 395.0)	(233, 15.0)	(234, 9.0)	(235, 20.0)	(236, 4.0)	(237, 1.0)	(238, 4.0)	(239, 53.0)	(240, 0.0)	(241, 0.0)	(242, 0.0)	(243, 0.0)	(244, 0.0)	(245, 0.0)	(246, 0.0)	(247, 0.0)	(248, 1319.0)	(249, 0.0)	(250, 0.0)	(251, 4270.0)									
052022-BEL-CBC-T3-13-MCAV_S5_R1_16S	(204, 1.0)	(205, 0.0)	(206, 0.0)	(207, 0.0)	(208, 2.0)	(209, 0.0)	(210, 0.0)	(211, 0.0)	(212, 0.0)	(213, 0.0)	(214, 1.0)	(215, 0.0)	(216, 4.0)	(217, 2.0)	(218, 1.0)	(219, 0.0)	(220, 0.0)	(221, 0.0)	(222, 0.0)	(223, 3.0)	(224, 3.0)	(225, 1.0)	(226, 0.0)	(227, 4.0)	(228, 383.0)	(229, 246683.0)	(230, 1022.0)	(231, 432.0)	(232, 3331.0)	(233, 46.0)	(234, 28.0)	(235, 14.0)	(236, 10.0)	(237, 5.0)	(238, 7.0)	(239, 75.0)	(240, 2.0)	(241, 0.0)	(242, 4.0)	(243, 0.0)	(244, 0.0)	(245, 0.0)	(246, 6.0)	(247, 23.0)	(248, 589.0)	(249, 0.0)	(250, 0.0)	(251, 8767.0)	
052022-BEL-CBC-T3-19-MCAV_S6_R1_16S	(211, 3.0)	(212, 0.0)	(213, 0.0)	(214, 0.0)	(215, 1.0)	(216, 0.0)	(217, 0.0)	(218, 0.0)	(219, 0.0)	(220, 0.0)	(221, 0.0)	(222, 0.0)	(223, 0.0)	(224, 0.0)	(225, 0.0)	(226, 3.0)	(227, 2.0)	(228, 131.0)	(229, 97322.0)	(230, 447.0)	(231, 720.0)	(232, 696.0)	(233, 13.0)	(234, 8.0)	(235, 14.0)	(236, 1.0)	(237, 1.0)	(238, 1.0)	(239, 25.0)	(240, 1.0)	(241, 0.0)	(242, 0.0)	(243, 0.0)	(244, 0.0)	(245, 0.0)	(246, 3.0)	(247, 37.0)	(248, 872.0)	(249, 0.0)	(250, 0.0)	(251, 5206.0)								
052022-BEL-CBC-T3-66-OFAV_S40_R1_16S	(200, 2.0)	(202, 2.0)	(204, 2.0)	(206, 0.0)	(208, 0.0)	(210, 0.0)	(212, 1.0)	(214, 2.0)	(216, 0.0)	(218, 0.0)	(220, 0.0)	(222, 1.0)	(224, 0.0)	(226, 0.0)	(228, 1866.0)	(230, 1667.0)	(232, 102117.0)	(234, 18.0)	(236, 1.0)	(238, 11.0)	(240, 1.0)	(242, 0.0)	(244, 0.0)	(246, 4.0)	(248, 12.0)	(250, 3720.0)																							
052022-BEL-CBC-T3-8-PAST_S17_R1_16S	(192, 1.0)	(194, 0.0)	(196, 0.0)	(198, 0.0)	(200, 0.0)	(202, 0.0)	(204, 0.0)	(206, 0.0)	(208, 1.0)	(210, 2.0)	(212, 3.0)	(214, 0.0)	(216, 0.0)	(218, 0.0)	(220, 0.0)	(222, 0.0)	(224, 6.0)	(226, 5.0)	(228, 116921.0)	(230, 648.0)	(232, 2254.0)	(234, 14.0)	(236, 4.0)	(238, 53.0)	(240, 4.0)	(242, 0.0)	(244, 0.0)	(246, 4.0)	(248, 1470.0)	(250, 3386.0)																			
062019-BEL-CBC-T1-21-PAST_S16_R1_16S	(190, 2.0)	(192, 0.0)	(194, 0.0)	(196, 0.0)	(198, 0.0)	(200, 0.0)	(202, 0.0)	(204, 0.0)	(206, 1.0)	(208, 0.0)	(210, 0.0)	(212, 0.0)	(214, 0.0)	(216, 0.0)	(218, 1.0)	(220, 0.0)	(222, 0.0)	(224, 0.0)	(226, 0.0)	(228, 328.0)	(230, 370.0)	(232, 45625.0)	(234, 6.0)	(236, 1.0)	(238, 7.0)	(240, 0.0)	(242, 0.0)	(244, 0.0)	(246, 0.0)	(248, 7.0)	(250, 688.0)																		
062019-BEL-CBC-T1-22-MCAV_S18_R1_16S	(211, 1.0)	(212, 0.0)	(213, 0.0)	(214, 0.0)	(215, 0.0)	(216, 1.0)	(217, 0.0)	(218, 0.0)	(219, 1.0)	(220, 0.0)	(221, 0.0)	(222, 2.0)	(223, 1.0)	(224, 0.0)	(225, 3.0)	(226, 0.0)	(227, 1.0)	(228, 372.0)	(229, 247743.0)	(230, 1027.0)	(231, 336.0)	(232, 394.0)	(233, 41.0)	(234, 29.0)	(235, 22.0)	(236, 3.0)	(237, 6.0)	(238, 3.0)	(239, 57.0)	(240, 1.0)	(241, 1.0)	(242, 1.0)	(243, 0.0)	(244, 0.0)	(245, 0.0)	(246, 0.0)	(247, 2.0)	(248, 660.0)	(249, 0.0)	(250, 0.0)	(251, 5411.0)								
062019-BEL-CBC-T2-18-MCAV_S79_R1_16S	(215, 1.0)	(216, 0.0)	(217, 0.0)	(218, 0.0)	(219, 0.0)	(220, 0.0)	(221, 0.0)	(222, 0.0)	(223, 0.0)	(224, 3.0)	(225, 0.0)	(226, 0.0)	(227, 0.0)	(228, 4.0)	(229, 1099.0)	(230, 295.0)	(231, 73925.0)	(232, 2037.0)	(233, 6.0)	(234, 7.0)	(235, 5.0)	(236, 3.0)	(237, 2.0)	(238, 2.0)	(239, 1.0)	(240, 0.0)	(241, 0.0)	(242, 0.0)	(243, 0.0)	(244, 0.0)	(245, 0.0)	(246, 3.0)	(247, 28.0)	(248, 22.0)	(249, 0.0)	(250, 0.0)	(251, 1577.0)												
062019-BEL-CBC-T3-1-MCAV_S48_R1_16S	(172, 1.0)	(174, 0.0)	(176, 0.0)	(178, 0.0)	(180, 0.0)	(182, 0.0)	(184, 0.0)	(186, 2.0)	(188, 0.0)	(190, 0.0)	(192, 0.0)	(194, 0.0)	(196, 0.0)	(198, 0.0)	(200, 0.0)	(202, 0.0)	(204, 0.0)	(206, 0.0)	(208, 0.0)	(210, 0.0)	(212, 0.0)	(214, 0.0)	(216, 2.0)	(218, 1.0)	(220, 1.0)	(222, 0.0)	(224, 1.0)	(226, 0.0)	(228, 218.0)	(230, 951.0)	(232, 85697.0)	(234, 14.0)	(236, 2.0)	(238, 10.0)	(240, 1.0)	(242, 0.0)	(244, 0.0)	(246, 8.0)	(248, 8.0)	(250, 2409.0)									
062024-BEL-CBC-T1-1347-OANN_S65_R1_16S	(217, 1.0)	(218, 2.0)	(219, 0.0)	(220, 0.0)	(221, 1.0)	(222, 1.0)	(223, 0.0)	(224, 3.0)	(225, 0.0)	(226, 0.0)	(227, 0.0)	(228, 3.0)	(229, 1047.0)	(230, 378.0)	(231, 126401.0)	(232, 3695.0)	(233, 210.0)	(234, 3.0)	(235, 3.0)	(236, 6.0)	(237, 0.0)	(238, 0.0)	(239, 15.0)	(240, 0.0)	(241, 0.0)	(242, 0.0)	(243, 0.0)	(244, 0.0)	(245, 0.0)	(246, 0.0)	(247, 60.0)	(248, 277.0)	(249, 0.0)	(250, 0.0)	(251, 2326.0)														
062024-BEL-CBC-T1-1353-MCAV_S86_R1_16S	(203, 1.0)	(204, 0.0)	(205, 1.0)	(206, 0.0)	(207, 0.0)	(208, 1.0)	(209, 1.0)	(210, 0.0)	(211, 1.0)	(212, 0.0)	(213, 0.0)	(214, 0.0)	(215, 6.0)	(216, 3.0)	(217, 0.0)	(218, 3.0)	(219, 3.0)	(220, 2.0)	(221, 2.0)	(222, 0.0)	(223, 1.0)	(224, 0.0)	(225, 1.0)	(226, 12.0)	(227, 15.0)	(228, 2092.0)	(229, 1068956.0)	(230, 5212.0)	(231, 1636.0)	(232, 1469.0)	(233, 185.0)	(234, 77.0)	(235, 109.0)	(236, 27.0)	(237, 15.0)	(238, 34.0)	(239, 243.0)	(240, 10.0)	(241, 2.0)	(242, 8.0)	(243, 1.0)	(244, 0.0)	(245, 0.0)	(246, 1.0)	(247, 34.0)	(248, 403.0)	(249, 0.0)	(250, 0.0)	(251, 8957.0)
062024-BEL-CBC-T2-1375-SSID_S33_R1_16S	(105, 1.0)	(110, 0.0)	(115, 0.0)	(120, 0.0)	(125, 0.0)	(130, 0.0)	(135, 0.0)	(140, 0.0)	(145, 0.0)	(150, 0.0)	(155, 0.0)	(160, 0.0)	(165, 0.0)	(170, 0.0)	(175, 2.0)	(180, 0.0)	(185, 0.0)	(190, 2.0)	(195, 0.0)	(200, 3.0)	(205, 7.0)	(210, 12.0)	(215, 55.0)	(220, 81.0)	(225, 5427.0)	(230, 9329949.0)	(235, 1854.0)	(240, 193.0)	(245, 175.0)	(250, 486699.0)																			
062024-BEL-CBC-T2-1396-MCAV_S49_R1_16S	(209, 2.0)	(210, 0.0)	(211, 0.0)	(212, 0.0)	(213, 0.0)	(214, 0.0)	(215, 0.0)	(216, 0.0)	(217, 0.0)	(218, 1.0)	(219, 0.0)	(220, 0.0)	(221, 0.0)	(222, 0.0)	(223, 1.0)	(224, 1.0)	(225, 9.0)	(226, 3.0)	(227, 3.0)	(228, 3.0)	(229, 668.0)	(230, 282.0)	(231, 1992.0)	(232, 908404.0)	(233, 2652.0)	(234, 97.0)	(235, 41.0)	(236, 17.0)	(237, 8.0)	(238, 5.0)	(239, 45.0)	(240, 1.0)	(241, 1.0)	(242, 3.0)	(243, 0.0)	(244, 0.0)	(245, 0.0)	(246, 5.0)	(247, 0.0)	(248, 83.0)	(249, 0.0)	(250, 0.0)	(251, 5950.0)						
062024-BEL-CBC-T3-1415-MCAV_S50_R1_16S	(176, 2.0)	(178, 0.0)	(180, 0.0)	(182, 0.0)	(184, 0.0)	(186, 0.0)	(188, 0.0)	(190, 0.0)	(192, 0.0)	(194, 0.0)	(196, 0.0)	(198, 0.0)	(200, 0.0)	(202, 0.0)	(204, 0.0)	(206, 1.0)	(208, 2.0)	(210, 0.0)	(212, 0.0)	(214, 0.0)	(216, 0.0)	(218, 1.0)	(220, 3.0)	(222, 0.0)	(224, 1.0)	(226, 1.0)	(228, 308.0)	(230, 576.0)	(232, 190986.0)	(234, 16.0)	(236, 6.0)	(238, 25.0)	(240, 0.0)	(242, 1.0)	(244, 0.0)	(246, 0.0)	(248, 62.0)	(250, 4391.0)											
062024-BEL-CBC-T3-1433-PSTR_S2_R1_16S	(202, 2.0)	(204, 0.0)	(206, 0.0)	(208, 0.0)	(210, 1.0)	(212, 0.0)	(214, 5.0)	(216, 6.0)	(218, 1.0)	(220, 6.0)	(222, 7.0)	(224, 8.0)	(226, 24.0)	(228, 949273.0)	(230, 5639.0)	(232, 858.0)	(234, 185.0)	(236, 53.0)	(238, 313.0)	(240, 17.0)	(242, 24.0)	(244, 0.0)	(246, 11.0)	(248, 858.0)	(250, 21306.0)																								
062024-BEL-CBC-T3-1439-OFAV_S41_R1_16S	(210, 1.0)	(211, 1.0)	(212, 0.0)	(213, 1.0)	(214, 0.0)	(215, 0.0)	(216, 3.0)	(217, 0.0)	(218, 0.0)	(219, 0.0)	(220, 0.0)	(221, 2.0)	(222, 0.0)	(223, 3.0)	(224, 0.0)	(225, 1.0)	(226, 1.0)	(227, 0.0)	(228, 9.0)	(229, 790.0)	(230, 224172.0)	(231, 1350.0)	(232, 2016.0)	(233, 106.0)	(234, 1.0)	(235, 6.0)	(236, 5.0)	(237, 1.0)	(238, 1.0)	(239, 3.0)	(240, 1.0)	(241, 0.0)	(242, 0.0)	(243, 0.0)	(244, 0.0)	(245, 0.0)	(246, 0.0)	(247, 0.0)	(248, 37.0)	(249, 0.0)	(250, 0.0)	(251, 18898.0)							
062024-BEL-CBC-T3-1442-OFAV_S35_R1_16S	(194, 2.0)	(196, 0.0)	(198, 0.0)	(200, 0.0)	(202, 0.0)	(204, 0.0)	(206, 0.0)	(208, 0.0)	(210, 1.0)	(212, 5.0)	(214, 0.0)	(216, 3.0)	(218, 2.0)	(220, 4.0)	(222, 4.0)	(224, 3.0)	(226, 3.0)	(228, 2521.0)	(230, 4282.0)	(232, 607895.0)	(234, 72.0)	(236, 4.0)	(238, 46.0)	(240, 1.0)	(242, 4.0)	(244, 0.0)	(246, 11.0)	(248, 117.0)	(250, 15620.0)																				
082024-BEL-CBC-T1-1479-PAST_S47_R1_16S	(196, 1.0)	(198, 3.0)	(200, 1.0)	(202, 2.0)	(204, 0.0)	(206, 0.0)	(208, 1.0)	(210, 0.0)	(212, 3.0)	(214, 5.0)	(216, 1.0)	(218, 0.0)	(220, 1.0)	(222, 1.0)	(224, 3.0)	(226, 6.0)	(228, 1518.0)	(230, 481249.0)	(232, 1020.0)	(234, 18.0)	(236, 2.0)	(238, 21.0)	(240, 2.0)	(242, 0.0)	(244, 0.0)	(246, 0.0)	(248, 83.0)	(250, 10852.0)																					
082024-BEL-CBC-T1-1482-OANN_S36_R1_16S	(194, 1.0)	(196, 0.0)	(198, 0.0)	(200, 0.0)	(202, 0.0)	(204, 0.0)	(206, 0.0)	(208, 0.0)	(210, 1.0)	(212, 5.0)	(214, 2.0)	(216, 0.0)	(218, 3.0)	(220, 0.0)	(222, 3.0)	(224, 1.0)	(226, 1.0)	(228, 3699.0)	(230, 2017.0)	(232, 117672.0)	(234, 14.0)	(236, 0.0)	(238, 15.0)	(240, 1.0)	(242, 0.0)	(244, 0.0)	(246, 15.0)	(248, 186.0)	(250, 3288.0)																				
082024-BEL-CBC-T2-1510-PAST_S94_R1_16S	(207, 2.0)	(208, 0.0)	(209, 0.0)	(210, 0.0)	(211, 0.0)	(212, 0.0)	(213, 0.0)	(214, 0.0)	(215, 0.0)	(216, 0.0)	(217, 1.0)	(218, 2.0)	(219, 2.0)	(220, 2.0)	(221, 3.0)	(222, 1.0)	(223, 2.0)	(224, 8.0)	(225, 2.0)	(226, 4.0)	(227, 16.0)	(228, 1655.0)	(229, 774264.0)	(230, 4013.0)	(231, 709.0)	(232, 548.0)	(233, 125.0)	(234, 48.0)	(235, 82.0)	(236, 21.0)	(237, 22.0)	(238, 18.0)	(239, 144.0)	(240, 10.0)	(241, 2.0)	(242, 10.0)	(243, 0.0)	(244, 0.0)	(245, 0.0)	(246, 3.0)	(247, 34.0)	(248, 285.0)	(249, 0.0)	(250, 0.0)	(251, 5657.0)				
082024-BEL-CBC-T3-1554-OANN_S14_R1_16S	(200, 1.0)	(202, 0.0)	(204, 0.0)	(206, 0.0)	(208, 0.0)	(210, 0.0)	(212, 1.0)	(214, 1.0)	(216, 1.0)	(218, 8.0)	(220, 11.0)	(222, 6.0)	(224, 2.0)	(226, 2.0)	(228, 911.0)	(230, 3126.0)	(232, 919715.0)	(234, 136.0)	(236, 21.0)	(238, 68.0)	(240, 0.0)	(242, 9.0)	(244, 0.0)	(246, 2.0)	(248, 94.0)	(250, 5412.0)																							
082024-BEL-CBC-T3-1558-MCAV_S34_R1_16S	(207, 1.0)	(208, 0.0)	(209, 0.0)	(210, 0.0)	(211, 0.0)	(212, 1.0)	(213, 0.0)	(214, 0.0)	(215, 0.0)	(216, 0.0)	(217, 1.0)	(218, 0.0)	(219, 0.0)	(220, 0.0)	(221, 0.0)	(222, 1.0)	(223, 7.0)	(224, 0.0)	(225, 0.0)	(226, 5.0)	(227, 0.0)	(228, 9.0)	(229, 2589.0)	(230, 908.0)	(231, 2455.0)	(232, 321341.0)	(233, 754.0)	(234, 14.0)	(235, 9.0)	(236, 3.0)	(237, 1.0)	(238, 5.0)	(239, 29.0)	(240, 1.0)	(241, 1.0)	(242, 0.0)	(243, 0.0)	(244, 0.0)	(245, 0.0)	(246, 1.0)	(247, 6.0)	(248, 92.0)	(249, 0.0)	(250, 0.0)	(251, 4969.0)				
082024-BEL-CBC-T3-1560-PSTR_S54_R1_16S	(202, 1.0)	(204, 1.0)	(206, 0.0)	(208, 3.0)	(210, 3.0)	(212, 0.0)	(214, 0.0)	(216, 0.0)	(218, 0.0)	(220, 1.0)	(222, 0.0)	(224, 1.0)	(226, 3.0)	(228, 520.0)	(230, 2164.0)	(232, 405841.0)	(234, 65.0)	(236, 9.0)	(238, 37.0)	(240, 2.0)	(242, 0.0)	(244, 0.0)	(246, 1.0)	(248, 81.0)	(250, 4649.0)																								
082024-BEL-CBC-T3-1561-MCAV_S38_R1_16S	(208, 1.0)	(209, 0.0)	(210, 2.0)	(211, 0.0)	(212, 2.0)	(213, 0.0)	(214, 0.0)	(215, 1.0)	(216, 1.0)	(217, 2.0)	(218, 5.0)	(219, 1.0)	(220, 0.0)	(221, 3.0)	(222, 1.0)	(223, 1.0)	(224, 1.0)	(225, 2.0)	(226, 1.0)	(227, 3.0)	(228, 7.0)	(229, 3739.0)	(230, 820.0)	(231, 5143.0)	(232, 404083.0)	(233, 1499.0)	(234, 31.0)	(235, 27.0)	(236, 7.0)	(237, 4.0)	(238, 6.0)	(239, 23.0)	(240, 0.0)	(241, 0.0)	(242, 0.0)	(243, 0.0)	(244, 0.0)	(245, 0.0)	(246, 0.0)	(247, 2.0)	(248, 70.0)	(249, 0.0)	(250, 0.0)	(251, 7350.0)					
082024-BEL-CBC-T3-1562-OFAV_S31_R1_16S	(190, 1.0)	(192, 0.0)	(194, 1.0)	(196, 0.0)	(198, 2.0)	(200, 1.0)	(202, 0.0)	(204, 3.0)	(206, 9.0)	(208, 5.0)	(210, 7.0)	(212, 22.0)	(214, 38.0)	(216, 20.0)	(218, 25.0)	(220, 21.0)	(222, 26.0)	(224, 38.0)	(226, 52.0)	(228, 3120.0)	(230, 6377960.0)	(232, 22800.0)	(234, 350.0)	(236, 135.0)	(238, 442.0)	(240, 24.0)	(242, 20.0)	(244, 0.0)	(246, 18.0)	(248, 222.0)	(250, 78507.0)																		
082024-BEL-CBC-T4-1606-PSTR_S25_R1_16S	(196, 1.0)	(198, 0.0)	(200, 0.0)	(202, 0.0)	(204, 0.0)	(206, 1.0)	(208, 0.0)	(210, 0.0)	(212, 1.0)	(214, 0.0)	(216, 0.0)	(218, 3.0)	(220, 1.0)	(222, 5.0)	(224, 5.0)	(226, 5.0)	(228, 1755.0)	(230, 303825.0)	(232, 7115.0)	(234, 14.0)	(236, 3.0)	(238, 20.0)	(240, 2.0)	(242, 0.0)	(244, 0.0)	(246, 24.0)	(248, 183.0)	(250, 6784.0)																					
082024-BEL-CBC-T4-1607-PSTR_S90_R1_16S	(208, 1.0)	(209, 0.0)	(210, 0.0)	(211, 0.0)	(212, 0.0)	(213, 0.0)	(214, 0.0)	(215, 0.0)	(216, 0.0)	(217, 0.0)	(218, 0.0)	(219, 0.0)	(220, 0.0)	(221, 0.0)	(222, 0.0)	(223, 0.0)	(224, 0.0)	(225, 1.0)	(226, 1.0)	(227, 1.0)	(228, 129.0)	(229, 64560.0)	(230, 319.0)	(231, 207.0)	(232, 265.0)	(233, 13.0)	(234, 9.0)	(235, 4.0)	(236, 1.0)	(237, 2.0)	(238, 4.0)	(239, 18.0)	(240, 1.0)	(241, 0.0)	(242, 0.0)	(243, 0.0)	(244, 0.0)	(245, 0.0)	(246, 5.0)	(247, 9.0)	(248, 386.0)	(249, 0.0)	(250, 0.0)	(251, 1053.0)					
082024-BEL-CBC-T4-1609-OFAV_S12_R1_16S	(211, 3.0)	(212, 0.0)	(213, 1.0)	(214, 0.0)	(215, 0.0)	(216, 0.0)	(217, 0.0)	(218, 3.0)	(219, 0.0)	(220, 2.0)	(221, 0.0)	(222, 0.0)	(223, 0.0)	(224, 1.0)	(225, 1.0)	(226, 6.0)	(227, 5.0)	(228, 2.0)	(229, 828.0)	(230, 425.0)	(231, 2038.0)	(232, 972826.0)	(233, 3130.0)	(234, 99.0)	(235, 37.0)	(236, 21.0)	(237, 18.0)	(238, 10.0)	(239, 71.0)	(240, 2.0)	(241, 2.0)	(242, 6.0)	(243, 0.0)	(244, 0.0)	(245, 0.0)	(246, 1.0)	(247, 0.0)	(248, 151.0)	(249, 0.0)	(250, 0.0)	(251, 4447.0)								
092023-BEL-CBC-T1-171-PAST_S42_R1_16S	(85, 1.0)	(90, 0.0)	(95, 0.0)	(100, 0.0)	(105, 0.0)	(110, 0.0)	(115, 0.0)	(120, 0.0)	(125, 0.0)	(130, 0.0)	(135, 0.0)	(140, 0.0)	(145, 0.0)	(150, 0.0)	(155, 0.0)	(160, 0.0)	(165, 0.0)	(170, 0.0)	(175, 0.0)	(180, 0.0)	(185, 0.0)	(190, 0.0)	(195, 0.0)	(200, 0.0)	(205, 0.0)	(210, 2.0)	(215, 6.0)	(220, 6.0)	(225, 1348.0)	(230, 479156.0)	(235, 55.0)	(240, 0.0)	(245, 64.0)	(250, 14570.0)															
092023-BEL-CBC-T1-175-PAST_S7_R1_16S	(208, 1.0)	(209, 0.0)	(210, 0.0)	(211, 0.0)	(212, 0.0)	(213, 2.0)	(214, 1.0)	(215, 1.0)	(216, 0.0)	(217, 0.0)	(218, 2.0)	(219, 1.0)	(220, 0.0)	(221, 1.0)	(222, 0.0)	(223, 4.0)	(224, 6.0)	(225, 2.0)	(226, 5.0)	(227, 7.0)	(228, 997.0)	(229, 440488.0)	(230, 2632.0)	(231, 2708.0)	(232, 1091.0)	(233, 82.0)	(234, 29.0)	(235, 47.0)	(236, 32.0)	(237, 10.0)	(238, 11.0)	(239, 136.0)	(240, 2.0)	(241, 2.0)	(242, 5.0)	(243, 5.0)	(244, 0.0)	(245, 0.0)	(246, 0.0)	(247, 2.0)	(248, 981.0)	(249, 0.0)	(250, 0.0)	(251, 14603.0)					
092023-BEL-CBC-T2-174-SSID_S46_R1_16S	(210, 1.0)	(211, 0.0)	(212, 0.0)	(213, 2.0)	(214, 0.0)	(215, 0.0)	(216, 0.0)	(217, 0.0)	(218, 0.0)	(219, 1.0)	(220, 4.0)	(221, 0.0)	(222, 0.0)	(223, 0.0)	(224, 3.0)	(225, 0.0)	(226, 0.0)	(227, 2.0)	(228, 170.0)	(229, 1488.0)	(230, 514266.0)	(231, 5447.0)	(232, 650.0)	(233, 47.0)	(234, 16.0)	(235, 13.0)	(236, 7.0)	(237, 4.0)	(238, 1.0)	(239, 21.0)	(240, 0.0)	(241, 0.0)	(242, 1.0)	(243, 1.0)	(244, 0.0)	(245, 0.0)	(246, 0.0)	(247, 0.0)	(248, 80.0)	(249, 0.0)	(250, 0.0)	(251, 12561.0)							
092023-BEL-CBC-T2-181-PAST_S63_R1_16S	(202, 1.0)	(204, 1.0)	(206, 0.0)	(208, 0.0)	(210, 0.0)	(212, 0.0)	(214, 3.0)	(216, 1.0)	(218, 1.0)	(220, 0.0)	(222, 0.0)	(224, 1.0)	(226, 6.0)	(228, 1210.0)	(230, 4989.0)	(232, 852335.0)	(234, 111.0)	(236, 15.0)	(238, 76.0)	(240, 4.0)	(242, 6.0)	(244, 0.0)	(246, 19.0)	(248, 260.0)	(250, 6861.0)																								
092023-BEL-CBC-T2-184-MCAV_S37_R1_16S	(105, 2.0)	(110, 0.0)	(115, 0.0)	(120, 0.0)	(125, 0.0)	(130, 4.0)	(135, 0.0)	(140, 0.0)	(145, 0.0)	(150, 0.0)	(155, 0.0)	(160, 0.0)	(165, 0.0)	(170, 0.0)	(175, 0.0)	(180, 0.0)	(185, 0.0)	(190, 0.0)	(195, 1.0)	(200, 4.0)	(205, 7.0)	(210, 36.0)	(215, 83.0)	(220, 122.0)	(225, 3427.0)	(230, 11583159.0)	(235, 2485.0)	(240, 129.0)	(245, 140.0)	(250, 122727.0)																			
092023-BEL-CBC-T3-171-OFAV_S78_R1_16S	(210, 3.0)	(211, 1.0)	(212, 0.0)	(213, 0.0)	(214, 4.0)	(215, 2.0)	(216, 1.0)	(217, 7.0)	(218, 6.0)	(219, 4.0)	(220, 4.0)	(221, 4.0)	(222, 0.0)	(223, 5.0)	(224, 4.0)	(225, 8.0)	(226, 1.0)	(227, 11.0)	(228, 17.0)	(229, 1176.0)	(230, 8239.0)	(231, 2025944.0)	(232, 8318.0)	(233, 252.0)	(234, 54.0)	(235, 78.0)	(236, 17.0)	(237, 17.0)	(238, 18.0)	(239, 114.0)	(240, 4.0)	(241, 8.0)	(242, 4.0)	(243, 1.0)	(244, 0.0)	(245, 0.0)	(246, 4.0)	(247, 42.0)	(248, 61.0)	(249, 0.0)	(250, 0.0)	(251, 10125.0)							
092023-BEL-CBC-T3-173-OFAV_S84_R1_16S	(198, 3.0)	(200, 0.0)	(202, 0.0)	(204, 0.0)	(206, 0.0)	(208, 0.0)	(210, 7.0)	(212, 6.0)	(214, 7.0)	(216, 11.0)	(218, 12.0)	(220, 13.0)	(222, 27.0)	(224, 26.0)	(226, 59.0)	(228, 2083645.0)	(230, 11962.0)	(232, 1401.0)	(234, 347.0)	(236, 122.0)	(238, 501.0)	(240, 21.0)	(242, 22.0)	(244, 0.0)	(246, 63.0)	(248, 517.0)	(250, 12028.0)																						
092023-BEL-CBC-T3-178-PAST_S74_R1_16S	(203, 3.0)	(204, 0.0)	(205, 0.0)	(206, 0.0)	(207, 0.0)	(208, 0.0)	(209, 1.0)	(210, 0.0)	(211, 0.0)	(212, 0.0)	(213, 3.0)	(214, 0.0)	(215, 0.0)	(216, 0.0)	(217, 2.0)	(218, 3.0)	(219, 3.0)	(220, 2.0)	(221, 4.0)	(222, 0.0)	(223, 3.0)	(224, 3.0)	(225, 7.0)	(226, 3.0)	(227, 2.0)	(228, 3.0)	(229, 559.0)	(230, 1773.0)	(231, 776880.0)	(232, 2857.0)	(233, 79.0)	(234, 20.0)	(235, 31.0)	(236, 8.0)	(237, 11.0)	(238, 3.0)	(239, 41.0)	(240, 0.0)	(241, 0.0)	(242, 6.0)	(243, 0.0)	(244, 0.0)	(245, 0.0)	(246, 5.0)	(247, 66.0)	(248, 74.0)	(249, 0.0)	(250, 0.0)	(251, 8814.0)
092023-BEL-CBC-T3-195-PSTR_S66_R1_16S	(214, 1.0)	(215, 0.0)	(216, 0.0)	(217, 0.0)	(218, 0.0)	(219, 0.0)	(220, 0.0)	(221, 0.0)	(222, 0.0)	(223, 1.0)	(224, 0.0)	(225, 0.0)	(226, 0.0)	(227, 0.0)	(228, 3.0)	(229, 453.0)	(230, 340.0)	(231, 52698.0)	(232, 767.0)	(233, 6.0)	(234, 2.0)	(235, 0.0)	(236, 0.0)	(237, 0.0)	(238, 2.0)	(239, 3.0)	(240, 0.0)	(241, 0.0)	(242, 0.0)	(243, 0.0)	(244, 0.0)	(245, 0.0)	(246, 0.0)	(247, 4.0)	(248, 100.0)	(249, 0.0)	(250, 0.0)	(251, 952.0)											
092023-BEL-CBC-T4-92-PSTR_S43_R1_16S	(207, 1.0)	(208, 0.0)	(209, 0.0)	(210, 1.0)	(211, 0.0)	(212, 0.0)	(213, 0.0)	(214, 0.0)	(215, 0.0)	(216, 0.0)	(217, 0.0)	(218, 0.0)	(219, 1.0)	(220, 0.0)	(221, 0.0)	(222, 0.0)	(223, 1.0)	(224, 0.0)	(225, 0.0)	(226, 0.0)	(227, 0.0)	(228, 10.0)	(229, 482.0)	(230, 104022.0)	(231, 461.0)	(232, 351.0)	(233, 6.0)	(234, 4.0)	(235, 6.0)	(236, 0.0)	(237, 0.0)	(238, 0.0)	(239, 0.0)	(240, 0.0)	(241, 0.0)	(242, 0.0)	(243, 0.0)	(244, 0.0)	(245, 0.0)	(246, 0.0)	(247, 0.0)	(248, 28.0)	(249, 0.0)	(250, 0.0)	(251, 5675.0)				
092023-BEL-CBC-T4-94-MCAV_S85_R1_16S	(194, 3.0)	(196, 0.0)	(198, 0.0)	(200, 0.0)	(202, 0.0)	(204, 0.0)	(206, 1.0)	(208, 0.0)	(210, 0.0)	(212, 2.0)	(214, 2.0)	(216, 5.0)	(218, 1.0)	(220, 1.0)	(222, 7.0)	(224, 8.0)	(226, 18.0)	(228, 700394.0)	(230, 4649.0)	(232, 5439.0)	(234, 143.0)	(236, 45.0)	(238, 149.0)	(240, 16.0)	(242, 10.0)	(244, 0.0)	(246, 32.0)	(248, 923.0)	(250, 7324.0)																				
102019-BEL-CBC-T1-29-PSTR_S22_R1_16S	(211, 2.0)	(212, 0.0)	(213, 0.0)	(214, 0.0)	(215, 0.0)	(216, 1.0)	(217, 0.0)	(218, 0.0)	(219, 0.0)	(220, 0.0)	(221, 1.0)	(222, 2.0)	(223, 6.0)	(224, 7.0)	(225, 8.0)	(226, 2.0)	(227, 10.0)	(228, 1215.0)	(229, 516012.0)	(230, 2917.0)	(231, 730.0)	(232, 793.0)	(233, 98.0)	(234, 40.0)	(235, 39.0)	(236, 7.0)	(237, 4.0)	(238, 9.0)	(239, 108.0)	(240, 0.0)	(241, 1.0)	(242, 5.0)	(243, 0.0)	(244, 0.0)	(245, 0.0)	(246, 0.0)	(247, 6.0)	(248, 436.0)	(249, 0.0)	(250, 0.0)	(251, 2475.0)								
112023-BEL-CBC-T1-276-MCAV_S26_R1_16S	(196, 1.0)	(198, 0.0)	(200, 0.0)	(202, 0.0)	(204, 0.0)	(206, 0.0)	(208, 0.0)	(210, 0.0)	(212, 0.0)	(214, 0.0)	(216, 0.0)	(218, 2.0)	(220, 0.0)	(222, 0.0)	(224, 2.0)	(226, 0.0)	(228, 597.0)	(230, 159569.0)	(232, 1204.0)	(234, 3.0)	(236, 4.0)	(238, 5.0)	(240, 0.0)	(242, 0.0)	(244, 0.0)	(246, 11.0)	(248, 92.0)	(250, 7217.0)																					
112023-BEL-CBC-T2-304-OFAV_S72_R1_16S	(211, 1.0)	(212, 0.0)	(213, 0.0)	(214, 0.0)	(215, 0.0)	(216, 0.0)	(217, 2.0)	(218, 5.0)	(219, 1.0)	(220, 0.0)	(221, 1.0)	(222, 8.0)	(223, 2.0)	(224, 4.0)	(225, 1.0)	(226, 0.0)	(227, 2.0)	(228, 2.0)	(229, 584.0)	(230, 1956.0)	(231, 805009.0)	(232, 3878.0)	(233, 118.0)	(234, 39.0)	(235, 26.0)	(236, 4.0)	(237, 5.0)	(238, 9.0)	(239, 60.0)	(240, 1.0)	(241, 1.0)	(242, 4.0)	(243, 0.0)	(244, 0.0)	(245, 0.0)	(246, 14.0)	(247, 45.0)	(248, 56.0)	(249, 0.0)	(250, 0.0)	(251, 7882.0)								
112023-BEL-CBC-T2-307-SSID_S62_R1_16S	(208, 2.0)	(209, 0.0)	(210, 0.0)	(211, 0.0)	(212, 0.0)	(213, 0.0)	(214, 1.0)	(215, 3.0)	(216, 2.0)	(217, 0.0)	(218, 1.0)	(219, 0.0)	(220, 2.0)	(221, 1.0)	(222, 0.0)	(223, 4.0)	(224, 0.0)	(225, 0.0)	(226, 2.0)	(227, 9.0)	(228, 7.0)	(229, 708.0)	(230, 460.0)	(231, 2674.0)	(232, 820138.0)	(233, 19660.0)	(234, 77.0)	(235, 49.0)	(236, 12.0)	(237, 24.0)	(238, 13.0)	(239, 59.0)	(240, 2.0)	(241, 0.0)	(242, 0.0)	(243, 1.0)	(244, 0.0)	(245, 0.0)	(246, 0.0)	(247, 20.0)	(248, 136.0)	(249, 0.0)	(250, 0.0)	(251, 6515.0)					
112023-BEL-CBC-T2-310-MCAV_S55_R1_16S	(218, 3.0)	(219, 0.0)	(220, 1.0)	(221, 0.0)	(222, 0.0)	(223, 0.0)	(224, 0.0)	(225, 0.0)	(226, 0.0)	(227, 1.0)	(228, 6.0)	(229, 783.0)	(230, 285.0)	(231, 3038.0)	(232, 456457.0)	(233, 1260.0)	(234, 35.0)	(235, 15.0)	(236, 8.0)	(237, 2.0)	(238, 6.0)	(239, 39.0)	(240, 3.0)	(241, 2.0)	(242, 4.0)	(243, 0.0)	(244, 0.0)	(245, 0.0)	(246, 0.0)	(247, 20.0)	(248, 74.0)	(249, 0.0)	(250, 0.0)	(251, 5071.0)															
112023-BEL-CBC-T3-352-PAST_S30_R1_16S	(200, 1.0)	(202, 0.0)	(204, 2.0)	(206, 0.0)	(208, 2.0)	(210, 0.0)	(212, 1.0)	(214, 5.0)	(216, 4.0)	(218, 1.0)	(220, 3.0)	(222, 6.0)	(224, 12.0)	(226, 13.0)	(228, 1339.0)	(230, 877890.0)	(232, 4736.0)	(234, 58.0)	(236, 14.0)	(238, 64.0)	(240, 4.0)	(242, 3.0)	(244, 0.0)	(246, 2.0)	(248, 12.0)	(250, 9317.0)																							
112023-BEL-CBC-T3-355-PSTR_S10_R1_16S	(200, 2.0)	(202, 0.0)	(204, 0.0)	(206, 1.0)	(208, 0.0)	(210, 0.0)	(212, 0.0)	(214, 0.0)	(216, 1.0)	(218, 0.0)	(220, 0.0)	(222, 0.0)	(224, 0.0)	(226, 0.0)	(228, 441.0)	(230, 1275.0)	(232, 98407.0)	(234, 17.0)	(236, 2.0)	(238, 12.0)	(240, 1.0)	(242, 0.0)	(244, 0.0)	(246, 0.0)	(248, 15.0)	(250, 866.0)																							
112023-BEL-CBC-T4-399-MCAV_S9_R1_16S	(221, 1.0)	(222, 0.0)	(223, 0.0)	(224, 0.0)	(225, 0.0)	(226, 0.0)	(227, 1.0)	(228, 1.0)	(229, 1010.0)	(230, 146.0)	(231, 615.0)	(232, 260143.0)	(233, 615.0)	(234, 25.0)	(235, 5.0)	(236, 1.0)	(237, 1.0)	(238, 2.0)	(239, 20.0)	(240, 1.0)	(241, 1.0)	(242, 0.0)	(243, 0.0)	(244, 0.0)	(245, 0.0)	(246, 0.0)	(247, 1.0)	(248, 68.0)	(249, 0.0)	(250, 0.0)	(251, 3802.0)																		
112023-BEL-CBC-T4-401-MCAV_S53_R1_16S	(213, 4.0)	(214, 0.0)	(215, 0.0)	(216, 1.0)	(217, 0.0)	(218, 5.0)	(219, 0.0)	(220, 1.0)	(221, 0.0)	(222, 0.0)	(223, 0.0)	(224, 0.0)	(225, 0.0)	(226, 0.0)	(227, 2.0)	(228, 1.0)	(229, 403.0)	(230, 58.0)	(231, 782.0)	(232, 261045.0)	(233, 434.0)	(234, 22.0)	(235, 22.0)	(236, 2.0)	(237, 1.0)	(238, 4.0)	(239, 20.0)	(240, 0.0)	(241, 0.0)	(242, 0.0)	(243, 0.0)	(244, 0.0)	(245, 0.0)	(246, 0.0)	(247, 0.0)	(248, 78.0)	(249, 0.0)	(250, 0.0)	(251, 5226.0)										
122022-BEL-CBC-T3-123-PAST_S20_R1_16S	(198, 2.0)	(200, 0.0)	(202, 0.0)	(204, 0.0)	(206, 0.0)	(208, 0.0)	(210, 0.0)	(212, 0.0)	(214, 0.0)	(216, 0.0)	(218, 0.0)	(220, 0.0)	(222, 1.0)	(224, 3.0)	(226, 6.0)	(228, 162553.0)	(230, 622.0)	(232, 438.0)	(234, 28.0)	(236, 12.0)	(238, 56.0)	(240, 2.0)	(242, 0.0)	(244, 0.0)	(246, 0.0)	(248, 1662.0)	(250, 3630.0)																						
122022-BEL-CBC-T3-124-PAST_S64_R1_16S	(218, 1.0)	(219, 1.0)	(220, 0.0)	(221, 0.0)	(222, 0.0)	(223, 1.0)	(224, 0.0)	(225, 2.0)	(226, 0.0)	(227, 1.0)	(228, 0.0)	(229, 367.0)	(230, 157.0)	(231, 1240.0)	(232, 522339.0)	(233, 1342.0)	(234, 56.0)	(235, 38.0)	(236, 9.0)	(237, 10.0)	(238, 10.0)	(239, 30.0)	(240, 0.0)	(241, 0.0)	(242, 0.0)	(243, 0.0)	(244, 0.0)	(245, 0.0)	(246, 0.0)	(247, 7.0)	(248, 11.0)	(249, 0.0)	(250, 0.0)	(251, 6679.0)															
122022-BEL-CBC-T3-126-SSID_S77_R1_16S	(206, 2.0)	(207, 0.0)	(208, 0.0)	(209, 0.0)	(210, 0.0)	(211, 0.0)	(212, 0.0)	(213, 0.0)	(214, 1.0)	(215, 0.0)	(216, 2.0)	(217, 6.0)	(218, 0.0)	(219, 2.0)	(220, 1.0)	(221, 1.0)	(222, 1.0)	(223, 2.0)	(224, 6.0)	(225, 2.0)	(226, 0.0)	(227, 6.0)	(228, 5.0)	(229, 625.0)	(230, 1159.0)	(231, 450291.0)	(232, 8519.0)	(233, 73.0)	(234, 18.0)	(235, 21.0)	(236, 1.0)	(237, 10.0)	(238, 3.0)	(239, 47.0)	(240, 1.0)	(241, 1.0)	(242, 3.0)	(243, 1.0)	(244, 0.0)	(245, 0.0)	(246, 6.0)	(247, 20.0)	(248, 29.0)	(249, 0.0)	(250, 0.0)	(251, 5694.0)			
122022-BEL-CBC-T3-127-OFAV_S32_R1_16S	(202, 6.0)	(204, 0.0)	(206, 1.0)	(208, 0.0)	(210, 0.0)	(212, 0.0)	(214, 2.0)	(216, 2.0)	(218, 6.0)	(220, 3.0)	(222, 8.0)	(224, 3.0)	(226, 2.0)	(228, 657.0)	(230, 7545.0)	(232, 867215.0)	(234, 179.0)	(236, 37.0)	(238, 96.0)	(240, 5.0)	(242, 1.0)	(244, 0.0)	(246, 6.0)	(248, 3.0)	(250, 8632.0)																								
122022-BEL-CBC-T3-141-PSTR_S80_R1_16S	(105, 2.0)	(110, 0.0)	(115, 0.0)	(120, 0.0)	(125, 0.0)	(130, 0.0)	(135, 0.0)	(140, 0.0)	(145, 0.0)	(150, 0.0)	(155, 0.0)	(160, 0.0)	(165, 0.0)	(170, 0.0)	(175, 0.0)	(180, 0.0)	(185, 0.0)	(190, 0.0)	(195, 0.0)	(200, 3.0)	(205, 1.0)	(210, 3.0)	(215, 5.0)	(220, 4.0)	(225, 326.0)	(230, 638634.0)	(235, 171.0)	(240, 1.0)	(245, 7.0)	(250, 4107.0)																			
122022-BEL-CBC-T3-142-MCAV_S24_R1_16S	(200, 1.0)	(202, 0.0)	(204, 0.0)	(206, 0.0)	(208, 0.0)	(210, 0.0)	(212, 2.0)	(214, 0.0)	(216, 1.0)	(218, 1.0)	(220, 0.0)	(222, 0.0)	(224, 0.0)	(226, 0.0)	(228, 1324.0)	(230, 176.0)	(232, 36754.0)	(234, 8.0)	(236, 0.0)	(238, 5.0)	(240, 0.0)	(242, 0.0)	(244, 0.0)	(246, 20.0)	(248, 18.0)	(250, 719.0)																							
122023-BEL-CBC-T1-507-PAST_S51_R1_16S	(205, 2.0)	(206, 0.0)	(207, 0.0)	(208, 1.0)	(209, 0.0)	(210, 0.0)	(211, 0.0)	(212, 0.0)	(213, 1.0)	(214, 0.0)	(215, 0.0)	(216, 0.0)	(217, 1.0)	(218, 0.0)	(219, 0.0)	(220, 0.0)	(221, 1.0)	(222, 0.0)	(223, 0.0)	(224, 2.0)	(225, 3.0)	(226, 0.0)	(227, 1.0)	(228, 0.0)	(229, 355.0)	(230, 113.0)	(231, 1092.0)	(232, 527923.0)	(233, 1237.0)	(234, 71.0)	(235, 32.0)	(236, 12.0)	(237, 3.0)	(238, 4.0)	(239, 32.0)	(240, 3.0)	(241, 0.0)	(242, 1.0)	(243, 0.0)	(244, 0.0)	(245, 0.0)	(246, 1.0)	(247, 0.0)	(248, 17.0)	(249, 0.0)	(250, 0.0)	(251, 5455.0)		
122023-BEL-CBC-T1-508-SSID_S75_R1_16S	(198, 1.0)	(200, 0.0)	(202, 0.0)	(204, 0.0)	(206, 0.0)	(208, 0.0)	(210, 1.0)	(212, 1.0)	(214, 2.0)	(216, 0.0)	(218, 1.0)	(220, 1.0)	(222, 4.0)	(224, 8.0)	(226, 7.0)	(228, 377.0)	(230, 408416.0)	(232, 7008.0)	(234, 24.0)	(236, 14.0)	(238, 25.0)	(240, 0.0)	(242, 1.0)	(244, 0.0)	(246, 45.0)	(248, 61.0)	(250, 8484.0)																						
122023-BEL-CBC-T2-513-SSID_S45_R1_16S	(213, 1.0)	(214, 0.0)	(215, 0.0)	(216, 0.0)	(217, 0.0)	(218, 0.0)	(219, 1.0)	(220, 0.0)	(221, 0.0)	(222, 0.0)	(223, 0.0)	(224, 0.0)	(225, 0.0)	(226, 0.0)	(227, 0.0)	(228, 15.0)	(229, 554.0)	(230, 99092.0)	(231, 8619.0)	(232, 2164.0)	(233, 13.0)	(234, 0.0)	(235, 3.0)	(236, 3.0)	(237, 0.0)	(238, 2.0)	(239, 3.0)	(240, 0.0)	(241, 0.0)	(242, 0.0)	(243, 0.0)	(244, 0.0)	(245, 0.0)	(246, 0.0)	(247, 1.0)	(248, 72.0)	(249, 0.0)	(250, 0.0)	(251, 20825.0)										
122023-BEL-CBC-T2-515-PAST_S73_R1_16S	(196, 1.0)	(198, 3.0)	(200, 0.0)	(202, 0.0)	(204, 0.0)	(206, 0.0)	(208, 4.0)	(210, 1.0)	(212, 4.0)	(214, 1.0)	(216, 1.0)	(218, 2.0)	(220, 4.0)	(222, 6.0)	(224, 4.0)	(226, 3.0)	(228, 967.0)	(230, 343621.0)	(232, 4722.0)	(234, 23.0)	(236, 4.0)	(238, 19.0)	(240, 2.0)	(242, 0.0)	(244, 0.0)	(246, 37.0)	(248, 49.0)	(250, 9353.0)																					
122023-BEL-CBC-T2-518-MCAV_S27_R1_16S	(216, 2.0)	(217, 1.0)	(218, 0.0)	(219, 3.0)	(220, 1.0)	(221, 3.0)	(222, 1.0)	(223, 0.0)	(224, 1.0)	(225, 2.0)	(226, 3.0)	(227, 0.0)	(228, 1.0)	(229, 988.0)	(230, 271.0)	(231, 187605.0)	(232, 1507.0)	(233, 18.0)	(234, 9.0)	(235, 10.0)	(236, 3.0)	(237, 0.0)	(238, 1.0)	(239, 9.0)	(240, 0.0)	(241, 0.0)	(242, 0.0)	(243, 0.0)	(244, 0.0)	(245, 0.0)	(246, 2.0)	(247, 15.0)	(248, 87.0)	(249, 0.0)	(250, 0.0)	(251, 5801.0)													
122023-BEL-CBC-T2-522-MCAV_S88_R1_16S	(200, 1.0)	(202, 0.0)	(204, 3.0)	(206, 0.0)	(208, 1.0)	(210, 2.0)	(212, 1.0)	(214, 7.0)	(216, 5.0)	(218, 2.0)	(220, 3.0)	(222, 5.0)	(224, 10.0)	(226, 20.0)	(228, 744173.0)	(230, 3256.0)	(232, 1464.0)	(234, 121.0)	(236, 18.0)	(238, 181.0)	(240, 8.0)	(242, 5.0)	(244, 0.0)	(246, 54.0)	(248, 1586.0)	(250, 12417.0)																							
122023-BEL-CBC-T3-524-OFAV_S39_R1_16S	(208, 1.0)	(209, 0.0)	(210, 0.0)	(211, 1.0)	(212, 0.0)	(213, 1.0)	(214, 1.0)	(215, 1.0)	(216, 3.0)	(217, 0.0)	(218, 0.0)	(219, 0.0)	(220, 1.0)	(221, 0.0)	(222, 2.0)	(223, 0.0)	(224, 0.0)	(225, 0.0)	(226, 1.0)	(227, 0.0)	(228, 12.0)	(229, 6182.0)	(230, 1246.0)	(231, 15738.0)	(232, 440817.0)	(233, 2259.0)	(234, 58.0)	(235, 24.0)	(236, 5.0)	(237, 2.0)	(238, 6.0)	(239, 54.0)	(240, 1.0)	(241, 0.0)	(242, 0.0)	(243, 0.0)	(244, 0.0)	(245, 0.0)	(246, 0.0)	(247, 0.0)	(248, 76.0)	(249, 0.0)	(250, 0.0)	(251, 14946.0)					
122023-BEL-CBC-T3-525-PAST_S29_R1_16S	(105, 1.0)	(110, 0.0)	(115, 0.0)	(120, 0.0)	(125, 0.0)	(130, 0.0)	(135, 0.0)	(140, 0.0)	(145, 0.0)	(150, 0.0)	(155, 0.0)	(160, 0.0)	(165, 0.0)	(170, 0.0)	(175, 0.0)	(180, 0.0)	(185, 0.0)	(190, 0.0)	(195, 0.0)	(200, 6.0)	(205, 0.0)	(210, 2.0)	(215, 5.0)	(220, 3.0)	(225, 1122.0)	(230, 630459.0)	(235, 106.0)	(240, 5.0)	(245, 113.0)	(250, 7644.0)																			
122023-BEL-CBC-T3-526-SSID_S11_R1_16S	(221, 1.0)	(222, 0.0)	(223, 0.0)	(224, 0.0)	(225, 0.0)	(226, 1.0)	(227, 0.0)	(228, 4.0)	(229, 564.0)	(230, 74.0)	(231, 631.0)	(232, 169185.0)	(233, 1427.0)	(234, 12.0)	(235, 5.0)	(236, 2.0)	(237, 3.0)	(238, 4.0)	(239, 10.0)	(240, 0.0)	(241, 0.0)	(242, 3.0)	(243, 0.0)	(244, 0.0)	(245, 0.0)	(246, 0.0)	(247, 0.0)	(248, 65.0)	(249, 0.0)	(250, 0.0)	(251, 5170.0)																		
122023-BEL-CBC-T3-531-PSTR_S28_R1_16S	(196, 1.0)	(198, 0.0)	(200, 0.0)	(202, 2.0)	(204, 1.0)	(206, 1.0)	(208, 0.0)	(210, 0.0)	(212, 2.0)	(214, 1.0)	(216, 0.0)	(218, 1.0)	(220, 0.0)	(222, 0.0)	(224, 2.0)	(226, 2.0)	(228, 1296.0)	(230, 196751.0)	(232, 1741.0)	(234, 8.0)	(236, 2.0)	(238, 23.0)	(240, 1.0)	(242, 0.0)	(244, 0.0)	(246, 38.0)	(248, 248.0)	(250, 3130.0)																					
122023-BEL-CBC-T3-532-MCAV_S52_R1_16S	(202, 1.0)	(204, 0.0)	(206, 0.0)	(208, 0.0)	(210, 0.0)	(212, 0.0)	(214, 1.0)	(216, 2.0)	(218, 6.0)	(220, 1.0)	(222, 1.0)	(224, 3.0)	(226, 1.0)	(228, 546.0)	(230, 1223.0)	(232, 544588.0)	(234, 62.0)	(236, 5.0)	(238, 32.0)	(240, 2.0)	(242, 2.0)	(244, 0.0)	(246, 0.0)	(248, 62.0)	(250, 6185.0)																								
122023-BEL-CBC-T4-539-MCAV_S44_R1_16S	(204, 3.0)	(205, 0.0)	(206, 0.0)	(207, 2.0)	(208, 0.0)	(209, 0.0)	(210, 0.0)	(211, 0.0)	(212, 1.0)	(213, 0.0)	(214, 0.0)	(215, 0.0)	(216, 0.0)	(217, 0.0)	(218, 0.0)	(219, 0.0)	(220, 0.0)	(221, 0.0)	(222, 0.0)	(223, 0.0)	(224, 0.0)	(225, 0.0)	(226, 0.0)	(227, 0.0)	(228, 27.0)	(229, 652.0)	(230, 239698.0)	(231, 643.0)	(232, 356.0)	(233, 8.0)	(234, 1.0)	(235, 7.0)	(236, 0.0)	(237, 0.0)	(238, 1.0)	(239, 16.0)	(240, 0.0)	(241, 1.0)	(242, 0.0)	(243, 0.0)	(244, 0.0)	(245, 0.0)	(246, 0.0)	(247, 0.0)	(248, 117.0)	(249, 0.0)	(250, 0.0)	(251, 23585.0)	
Negative_S96_R1_16S	(228, 1.0)	(229, 1322.0)	(230, 3.0)	(231, 199.0)	(232, 478.0)	(233, 4.0)	(234, 0.0)	(235, 0.0)	(236, 0.0)	(237, 0.0)	(238, 0.0)	(239, 0.0)	(240, 0.0)	(241, 0.0)	(242, 0.0)	(243, 0.0)	(244, 0.0)	(245, 0.0)	(246, 0.0)	(247, 0.0)	(248, 15.0)	(249, 0.0)	(250, 0.0)	(251, 41.0)																									
Undetermined_S0_R1_16S	(110, 1.0)	(115, 0.0)	(120, 0.0)	(125, 0.0)	(130, 0.0)	(135, 0.0)	(140, 0.0)	(145, 0.0)	(150, 0.0)	(155, 0.0)	(160, 0.0)	(165, 0.0)	(170, 0.0)	(175, 0.0)	(180, 0.0)	(185, 5.0)	(190, 5.0)	(195, 0.0)	(200, 1.0)	(205, 1.0)	(210, 3.0)	(215, 14.0)	(220, 12.0)	(225, 452385.0)	(230, 1183088.0)	(235, 276.0)	(240, 3118.0)	(245, 717806.0)	(250, 904797.0)																				
