Sample	0	1	2	3	4	5	6	7	8	9	10	11	12	13	14	15	16	17	18	19	20	21	22	23	24	25	26	27	28	29	30	31	32	33	34	35	36	37	38	39	40	41	42	43	44	45	46	47	48	49	50	51	52	53	54	55	56	57
012024-BEL-CBC-T1-557-SSID_S56_R1_16S	(1, 0.0)	(2, 0.001578183195505334)	(3, 0.0)	(4, 0.0)	(5, 0.0)	(6, 0.0)	(7, 0.0005260610651684447)	(8, 0.0)	(9, 0.0)	(10, 0.0)	(15, 0.0)	(20, 0.0)	(25, 0.0)	(30, 0.0)	(35, 0.0)	(40, 0.0)	(45, 0.0)	(50, 0.0)	(55, 0.0)	(60, 0.0)	(65, 0.0)	(70, 0.0)	(75, 0.0)	(80, 0.0)	(85, 0.0)	(90, 0.0)	(95, 0.0)	(100, 0.0)	(105, 0.0)	(110, 0.0)	(115, 0.9846811017822948)	(120, 0.059865749216169016)	(125, 0.00042084885213475575)	(130, 0.0005260610651684447)	(135, 0.04355785619594723)	(140, 0.0)	(145, 0.0)	(150, 0.0)	(155, 0.0)	(160, 0.0)	(165, 0.0)	(170, 0.0)	(175, 0.0)	(180, 0.0)	(185, 0.0)	(190, 0.00010521221303368894)	(195, 0.0)	(200, 0.0)	(205, 0.0)	(210, 0.0)	(215, 0.0)	(220, 0.00021043106804288585)	(225, 0.0)	(230, 0.0)	(235, 0.0)	(240, 0.0)	(245, 0.0)	(250, 0.0)
012024-BEL-CBC-T1-563-PSTR_S68_R1_16S	(1, 0.0)	(2, 0.006031311120876091)	(3, 0.0)	(4, 0.0)	(5, 0.0)	(6, 0.0)	(7, 0.0)	(8, 0.0)	(9, 0.0)	(10, 0.0)	(15, 0.0)	(20, 0.0)	(25, 0.0)	(30, 0.0)	(35, 0.0)	(40, 0.0)	(45, 0.0)	(50, 0.0)	(55, 0.0)	(60, 0.0)	(65, 0.0)	(70, 0.0)	(75, 0.0)	(80, 0.0)	(85, 0.0)	(90, 0.0)	(95, 0.0)	(100, 0.0)	(105, 0.0)	(110, 0.0)	(115, 1.0956307459008625)	(120, 0.0)	(125, 0.0)	(130, 0.00034464634976434807)	(135, 0.043253116895425686)	(140, 0.0)	(145, 0.0)	(150, 0.0)	(155, 0.0)	(160, 0.0)	(165, 0.0)	(170, 0.0)	(175, 0.0)	(180, 0.0)	(185, 0.0)	(190, 0.00034464634976434807)	(195, 0.0)	(200, 0.0)	(205, 0.0)	(210, 0.0)	(215, 0.0)	(220, 0.000344651694997036)	(225, 0.0)	(230, 0.0)	(235, 0.0)	(240, 0.0)	(245, 0.0)	(250, 0.0)
012024-BEL-CBC-T2-601-OFAV_S58_R1_16S	(1, 0.0)	(2, 0.005685048322910745)	(3, 0.0)	(4, 0.0)	(5, 0.0)	(6, 0.0)	(7, 0.0)	(8, 0.0)	(9, 0.0)	(10, 0.0)	(15, 0.0)	(20, 0.0)	(25, 0.0)	(30, 0.0)	(35, 0.0)	(40, 0.0)	(45, 0.0)	(50, 0.0)	(55, 0.0)	(60, 0.0)	(65, 0.0)	(70, 0.0)	(75, 0.0)	(80, 0.0)	(85, 0.0001421262080727686)	(90, 0.0001421262080727686)	(95, 0.0)	(100, 0.0)	(105, 0.0)	(110, 0.0)	(115, 1.1029704377487208)	(120, 0.0012080727686185333)	(125, 0.0)	(130, 0.0014212620807276862)	(135, 0.02842524161455372)	(140, 0.0)	(145, 0.0)	(150, 0.0)	(155, 0.0)	(160, 0.0)	(165, 0.0)	(170, 0.0)	(175, 0.0)	(180, 0.0)	(185, 0.0)	(190, 0.0002842524161455372)	(195, 0.0)	(200, 0.0)	(205, 0.0)	(210, 0.0)	(215, 0.0)	(220, 0.00028425989028989533)	(225, 0.0)	(230, 0.0)	(235, 0.0)	(240, 0.0)	(245, 0.0)	(250, 0.0)
012024-BEL-CBC-T2-605-SSID_S83_R1_16S	(1, 0.0)	(2, 0.0006285335369781993)	(3, 0.0)	(4, 0.0)	(5, 0.0)	(6, 0.0)	(7, 0.00015713338424454984)	(8, 0.00015713338424454984)	(9, 0.0)	(10, 0.0)	(15, 0.0)	(20, 0.0)	(25, 0.0)	(30, 0.0)	(35, 0.0)	(40, 0.0)	(45, 0.0)	(50, 0.0)	(55, 0.0)	(60, 0.0)	(65, 0.0)	(70, 0.0)	(75, 0.0)	(80, 0.0)	(85, 0.0)	(90, 6.285335369781992e-05)	(95, 0.0)	(100, 0.0)	(105, 0.0)	(110, 0.0015399071655965882)	(115, 1.091102793517305)	(120, 0.0005656801832803794)	(125, 0.0002514134147912797)	(130, 0.0007542402443738392)	(135, 0.021464420287805507)	(140, 0.0)	(145, 0.0)	(150, 0.0)	(155, 0.0)	(160, 0.0)	(165, 0.0)	(170, 0.0)	(175, 0.0)	(180, 0.0)	(185, 0.0)	(190, 6.285335369781992e-05)	(195, 0.0)	(200, 0.0)	(205, 0.0)	(210, 0.0)	(215, 0.0)	(220, 9.428343801413937e-05)	(225, 0.0)	(230, 0.0)	(235, 0.0)	(240, 0.0)	(245, 0.0)	(250, 0.0)
012024-BEL-CBC-T3-627-PAST_S81_R1_16S	(1, 0.0)	(2, 0.001120763440460622)	(3, 0.0)	(4, 0.00023595019799170988)	(5, 5.898754949792747e-05)	(6, 0.0)	(7, 0.0)	(8, 5.898754949792747e-05)	(9, 0.0)	(10, 0.0)	(15, 0.0)	(20, 0.0)	(25, 0.0)	(30, 0.0)	(35, 0.0)	(40, 0.0)	(45, 0.0)	(50, 0.0)	(55, 0.0)	(60, 0.0)	(65, 0.0)	(70, 0.0)	(75, 0.0)	(80, 0.0)	(85, 0.0)	(90, 0.00014157011879502594)	(95, 2.359501979917099e-05)	(100, 4.719003959834198e-05)	(105, 4.719003959834198e-05)	(110, 0.0011797509899585494)	(115, 1.0824805208364672)	(120, 0.00044830537618424876)	(125, 0.00031853276728880834)	(130, 0.0004365078662846633)	(135, 0.01037001120173565)	(140, 0.0)	(145, 0.0)	(150, 0.0)	(155, 0.0)	(160, 0.0)	(165, 0.0)	(170, 0.0)	(175, 0.0)	(180, 0.0)	(185, 0.0)	(190, 0.0001533676286946114)	(195, 0.0)	(200, 0.0)	(205, 0.0)	(210, 0.0)	(215, 0.0)	(220, 0.00021236249381051815)	(225, 0.0)	(230, 0.0)	(235, 0.0)	(240, 0.0)	(245, 0.0)	(250, 0.0)
012024-BEL-CBC-T3-631-MCAV_S61_R1_16S	(1, 0.0)	(2, 0.003533884371303371)	(3, 0.0)	(4, 0.00018599391427912479)	(5, 0.0)	(6, 0.0)	(7, 0.00018599391427912479)	(8, 0.0)	(9, 0.0)	(10, 0.0)	(15, 0.0)	(20, 0.0)	(25, 0.0)	(30, 0.0)	(35, 0.0)	(40, 0.0)	(45, 0.0)	(50, 0.0)	(55, 0.0)	(60, 0.0)	(65, 0.0)	(70, 0.0)	(75, 0.0)	(80, 0.0)	(85, 0.0)	(90, 3.719878285582496e-05)	(95, 0.0)	(100, 0.0)	(105, 3.719878285582496e-05)	(110, 3.719878285582496e-05)	(115, 1.0735196744362523)	(120, 0.001673945228512123)	(125, 7.439756571164991e-05)	(130, 0.0004835841771257244)	(135, 0.015251500970888234)	(140, 0.0)	(145, 0.0)	(150, 0.0)	(155, 0.0)	(160, 0.0)	(165, 0.0)	(170, 0.0)	(175, 0.0)	(180, 0.0)	(185, 0.0)	(190, 0.00018599391427912479)	(195, 0.0)	(200, 0.0)	(205, 0.0)	(210, 0.0)	(215, 0.0)	(220, 0.00048358813468152745)	(225, 0.0)	(230, 0.0)	(235, 0.0)	(240, 0.0)	(245, 0.0)	(250, 0.0)
012024-BEL-CBC-T3-633-MCAV_S69_R1_16S	(1, 0.0)	(2, 0.008269839344587665)	(3, 0.0)	(4, 0.0)	(5, 0.0)	(6, 0.0)	(7, 0.0)	(8, 0.0)	(9, 0.0)	(10, 0.0)	(15, 0.0)	(20, 0.0)	(25, 0.0)	(30, 0.0)	(35, 0.0)	(40, 0.0)	(45, 0.0)	(50, 0.0)	(55, 0.0)	(60, 0.0)	(65, 0.0)	(70, 0.0)	(75, 0.0)	(80, 0.0)	(85, 0.0)	(90, 0.0)	(95, 0.0)	(100, 0.0)	(105, 0.0)	(110, 0.0)	(115, 1.0636116042385684)	(120, 0.0)	(125, 0.0)	(130, 0.0007718516721615155)	(135, 0.037600202886725255)	(140, 0.0)	(145, 0.0)	(150, 0.0)	(155, 0.0)	(160, 0.0)	(165, 0.0)	(170, 0.0)	(175, 0.0)	(180, 0.0)	(185, 0.0)	(190, 0.0)	(195, 0.0)	(200, 0.0)	(205, 0.0)	(210, 0.0)	(215, 0.0)	(220, 0.00022053537166826187)	(225, 0.0)	(230, 0.0)	(235, 0.0)	(240, 0.0)	(245, 0.0)	(250, 0.0)
012024-BEL-CBC-T3-637-SSID_S70_R1_16S	(1, 0.0)	(2, 0.0026490066225165563)	(3, 0.0)	(4, 0.0)	(5, 0.0)	(6, 0.0)	(7, 0.0)	(8, 0.0)	(9, 0.0)	(10, 0.0)	(15, 0.0)	(20, 0.0)	(25, 0.0)	(30, 0.0)	(35, 0.0)	(40, 0.0)	(45, 0.0)	(50, 0.0)	(55, 0.0)	(60, 0.0)	(65, 0.0)	(70, 0.0)	(75, 0.0)	(80, 0.0)	(85, 0.0)	(90, 0.0005298013245033113)	(95, 0.0)	(100, 0.0)	(105, 0.0)	(110, 0.0)	(115, 0.8529801324503311)	(120, 0.0)	(125, 0.0)	(130, 0.07735099337748344)	(135, 0.15894039735099338)	(140, 0.0)	(145, 0.0)	(150, 0.0)	(155, 0.0)	(160, 0.0)	(165, 0.0)	(170, 0.0)	(175, 0.0)	(180, 0.0)	(185, 0.0)	(190, 0.0005298013245033113)	(195, 0.0)	(200, 0.0)	(205, 0.0)	(210, 0.0)	(215, 0.0)	(220, 0.0005298434312660608)	(225, 0.0)	(230, 0.0)	(235, 0.0)	(240, 0.0)	(245, 0.0)	(250, 0.0)
012024-BEL-CBC-T4-661-PSTR_S71_R1_16S	(1, 0.0)	(2, 0.002302502820565955)	(3, 0.0)	(4, 0.0)	(5, 0.0004186368764665373)	(6, 0.0)	(7, 0.0)	(8, 0.00020931843823326866)	(9, 0.0)	(10, 0.0)	(15, 0.0)	(20, 0.0)	(25, 0.0)	(30, 0.0)	(35, 0.0)	(40, 0.0)	(45, 0.0)	(50, 0.0)	(55, 0.0)	(60, 0.0)	(65, 0.0)	(70, 0.0)	(75, 0.0)	(80, 0.0)	(85, 0.0)	(90, 0.00020931843823326866)	(95, 0.0)	(100, 0.0)	(105, 0.0)	(110, 4.186368764665373e-05)	(115, 1.0744734071390145)	(120, 0.00046050056411319103)	(125, 0.0)	(130, 0.00016745475058661493)	(135, 0.010633376662250048)	(140, 0.0)	(145, 0.0)	(150, 0.0)	(155, 0.0)	(160, 0.0)	(165, 0.0)	(170, 0.0)	(175, 0.0)	(180, 0.0)	(185, 0.0)	(190, 0.00020931843823326866)	(195, 0.0)	(200, 0.0)	(205, 0.0)	(210, 0.0)	(215, 0.0)	(220, 0.00041863810326797277)	(225, 0.0)	(230, 0.0)	(235, 0.0)	(240, 0.0)	(245, 0.0)	(250, 0.0)
012024-BEL-CBC-T4-663-PSTR_S82_R1_16S	(1, 0.0)	(2, 0.0)	(3, 0.0)	(4, 0.0)	(5, 0.0)	(6, 0.0)	(7, 0.0)	(8, 0.0)	(9, 0.0)	(10, 0.0)	(15, 0.0)	(20, 0.0)	(25, 0.0)	(30, 0.0)	(35, 0.0)	(40, 0.0)	(45, 0.0)	(50, 0.0)	(55, 0.0)	(60, 0.0)	(65, 0.0)	(70, 0.0)	(75, 0.0)	(80, 0.0)	(85, 0.0)	(90, 0.0003326735308305195)	(95, 0.0)	(100, 0.0)	(105, 0.0)	(110, 0.000665347061661039)	(115, 1.0658859927809845)	(120, 0.0)	(125, 0.0)	(130, 0.010978226517407142)	(135, 0.03958815016883182)	(140, 0.0)	(145, 0.0)	(150, 0.0)	(155, 0.0)	(160, 0.0)	(165, 0.0)	(170, 0.0)	(175, 0.0)	(180, 0.0)	(185, 0.0)	(190, 0.0)	(195, 0.0)	(200, 0.0)	(205, 0.0)	(210, 0.0)	(215, 0.0)	(220, 0.0)	(225, 0.0)	(230, 0.0)	(235, 0.0)	(240, 0.0)	(245, 0.0)	(250, 0.0)
022024-BEL-CBC-T1-775-OANN_S93_R1_16S	(1, 0.0)	(2, 0.0004362621062734491)	(3, 0.0)	(4, 0.0)	(5, 0.0)	(6, 0.0)	(7, 0.0)	(8, 0.0)	(9, 0.0)	(10, 0.0)	(15, 0.0)	(20, 0.0)	(25, 0.0)	(30, 0.0)	(35, 0.0)	(40, 0.0)	(45, 0.0)	(50, 0.0)	(55, 0.0)	(60, 0.0)	(65, 0.0)	(70, 8.725242125468982e-05)	(75, 0.0)	(80, 0.0)	(85, 0.0)	(90, 8.725242125468982e-05)	(95, 0.0)	(100, 0.0)	(105, 0.0)	(110, 0.0021813105313672454)	(115, 1.064130529622197)	(120, 0.0006107669487828287)	(125, 0.0)	(130, 0.0003490096850187593)	(135, 0.0136986301369863)	(140, 0.0)	(145, 0.0)	(150, 0.0)	(155, 0.0)	(160, 0.0)	(165, 0.0)	(170, 0.0)	(175, 0.0)	(180, 0.0)	(185, 0.0)	(190, 0.00026175726376406945)	(195, 0.0)	(200, 0.0)	(205, 0.0)	(210, 0.0)	(215, 0.0)	(220, 0.0003490139483424455)	(225, 0.0)	(230, 0.0)	(235, 0.0)	(240, 0.0)	(245, 0.0)	(250, 0.0)
022024-BEL-CBC-T1-776-PSTR_S59_R1_16S	(1, 0.0)	(2, 0.009500285008550257)	(3, 0.0)	(4, 0.0)	(5, 0.0)	(6, 0.0)	(7, 0.0)	(8, 0.0)	(9, 0.0)	(10, 0.0)	(15, 0.0)	(20, 0.0)	(25, 0.0)	(30, 0.0)	(35, 0.0)	(40, 0.0)	(45, 0.0)	(50, 0.0)	(55, 0.0)	(60, 0.0)	(65, 0.0)	(70, 0.0)	(75, 0.0)	(80, 0.0)	(85, 0.0)	(90, 0.0)	(95, 0.0)	(100, 0.0)	(105, 0.0)	(110, 0.0)	(115, 1.1020330609918298)	(120, 0.0003454649094018275)	(125, 0.0)	(130, 0.0012091271829063964)	(135, 0.03661928039659371)	(140, 0.0)	(145, 0.0)	(150, 0.0)	(155, 0.0)	(160, 0.0)	(165, 0.0)	(170, 0.0)	(175, 0.0)	(180, 0.0)	(185, 0.0)	(190, 0.00017273245470091376)	(195, 0.0)	(200, 0.0)	(205, 0.0)	(210, 0.0)	(215, 0.0)	(220, 0.0005182242183451373)	(225, 0.0)	(230, 0.0)	(235, 0.0)	(240, 0.0)	(245, 0.0)	(250, 0.0)
022024-BEL-CBC-T2-804-OFAV_S87_R1_16S	(1, 0.0)	(2, 0.0003448416176934096)	(3, 0.0)	(4, 0.00013793664707736385)	(5, 0.0)	(6, 0.0)	(7, 0.0)	(8, 0.0002758732941547277)	(9, 0.0)	(10, 0.0)	(15, 0.0)	(20, 0.0)	(25, 0.0)	(30, 0.0)	(35, 0.0)	(40, 0.0)	(45, 0.0)	(50, 0.0)	(55, 0.0)	(60, 0.0)	(65, 0.0)	(70, 0.0)	(75, 0.0)	(80, 0.0)	(85, 0.0)	(90, 0.00012414298236962745)	(95, 0.0)	(100, 0.0)	(105, 0.0)	(110, 0.0009103818707106013)	(115, 1.0789266597744323)	(120, 0.00015173031178510022)	(125, 0.000358635282401146)	(130, 0.0005931275824326645)	(135, 0.0131177751370573)	(140, 0.0)	(145, 0.0)	(150, 0.0)	(155, 0.0)	(160, 0.0)	(165, 0.0)	(170, 0.0)	(175, 0.0)	(180, 0.0)	(185, 0.0)	(190, 0.00020690497061604573)	(195, 0.0)	(200, 0.0)	(205, 0.0)	(210, 0.0)	(215, 0.0)	(220, 0.00026208284687078597)	(225, 0.0)	(230, 0.0)	(235, 0.0)	(240, 0.0)	(245, 0.0)	(250, 0.0)
022024-BEL-CBC-T2-814-MCAV_S1_R1_16S	(1, 0.0)	(2, 0.001993751014676856)	(3, 0.0)	(4, 0.0)	(5, 0.0)	(6, 0.0)	(7, 0.0)	(8, 0.0)	(9, 0.0)	(10, 0.0)	(15, 0.0)	(20, 0.0)	(25, 0.0)	(30, 0.0)	(35, 0.0)	(40, 0.0)	(45, 0.0)	(50, 0.0)	(55, 0.0)	(60, 0.0)	(65, 0.0)	(70, 0.0)	(75, 0.0)	(80, 0.0)	(85, 0.0)	(90, 0.00017089294411515906)	(95, 0.0)	(100, 0.0)	(105, 0.0)	(110, 0.0002848215735252651)	(115, 1.0192055187028086)	(120, 0.0006266074617555833)	(125, 0.0)	(130, 0.005012859694044666)	(135, 0.08994665291927871)	(140, 0.0)	(145, 0.0)	(150, 0.0)	(155, 0.0)	(160, 0.0)	(165, 0.0)	(170, 0.0)	(175, 0.0)	(180, 0.0)	(185, 0.0)	(190, 0.0003417858882303181)	(195, 0.0)	(200, 0.0)	(205, 0.0)	(210, 0.0)	(215, 0.0)	(220, 0.00034180341176772176)	(225, 0.0)	(230, 0.0)	(235, 0.0)	(240, 0.0)	(245, 0.0)	(250, 0.0)
022024-BEL-CBC-T3-851-PSTR_S13_R1_16S	(1, 0.0)	(2, 0.0027773277478186404)	(3, 0.0)	(4, 0.00030859197197984897)	(5, 0.0)	(6, 0.0)	(7, 0.0)	(8, 0.0)	(9, 0.0)	(10, 0.0)	(15, 0.0)	(20, 0.0)	(25, 0.0)	(30, 0.0)	(35, 0.0)	(40, 0.0)	(45, 0.0)	(50, 0.0)	(55, 0.0)	(60, 0.0)	(65, 0.0)	(70, 0.0)	(75, 0.0)	(80, 0.0)	(85, 0.0)	(90, 6.171839439596979e-05)	(95, 0.0)	(100, 0.0)	(105, 0.0)	(110, 6.171839439596979e-05)	(115, 1.1054998804206109)	(120, 0.00290076453661058)	(125, 6.171839439596979e-05)	(130, 0.00021601438038589427)	(135, 0.00561637389003325)	(140, 0.0)	(145, 0.0)	(150, 0.0)	(155, 0.0)	(160, 0.0)	(165, 0.0)	(170, 0.0)	(175, 0.0)	(180, 0.0)	(185, 0.0)	(190, 0.00030859197197984897)	(195, 0.0)	(200, 0.0)	(205, 0.0)	(210, 0.0)	(215, 0.0)	(220, 0.00040117748678351634)	(225, 0.0)	(230, 0.0)	(235, 0.0)	(240, 0.0)	(245, 0.0)	(250, 0.0)
022024-BEL-CBC-T4-874-OFAV_S89_R1_16S	(1, 0.0)	(2, 0.0008845001954745431)	(3, 0.0)	(4, 0.0)	(5, 0.0)	(6, 0.0)	(7, 0.0)	(8, 0.00017690003909490864)	(9, 0.0)	(10, 0.0)	(15, 0.0)	(20, 0.0)	(25, 0.0)	(30, 0.0)	(35, 0.0)	(40, 0.0)	(45, 0.0)	(50, 0.0)	(55, 0.0)	(60, 0.0)	(65, 0.0)	(70, 0.0)	(75, 0.0)	(80, 0.0)	(85, 0.0)	(90, 3.538000781898173e-05)	(95, 0.0)	(100, 0.00021228004691389038)	(105, 7.076001563796347e-05)	(110, 0.0008845001954745431)	(115, 1.0812484189559006)	(120, 0.0004953201094657441)	(125, 0.0004953201094657441)	(130, 0.0005307001172847259)	(135, 0.015213403362162144)	(140, 0.0)	(145, 0.0)	(150, 0.0)	(155, 0.0)	(160, 0.0)	(165, 0.0)	(170, 0.0)	(175, 0.0)	(180, 0.0)	(185, 0.0)	(190, 0.0003538000781898173)	(195, 0.0)	(200, 0.0)	(205, 0.0)	(210, 0.0)	(215, 0.0)	(220, 0.0004245743641998896)	(225, 0.0)	(230, 0.0)	(235, 0.0)	(240, 0.0)	(245, 0.0)	(250, 0.0)
022024-BEL-CBC-T4-875-MCAV_S76_R1_16S	(1, 0.0)	(2, 0.00971327341939602)	(3, 0.0)	(4, 0.0)	(5, 0.0)	(6, 0.0)	(7, 0.0)	(8, 0.0)	(9, 0.0)	(10, 0.0)	(15, 0.0)	(20, 0.0)	(25, 0.0)	(30, 0.0)	(35, 0.0)	(40, 0.0)	(45, 0.0)	(50, 0.0)	(55, 0.0)	(60, 0.0)	(65, 0.0)	(70, 0.0)	(75, 0.0)	(80, 0.0)	(85, 0.0)	(90, 0.0002775220976970291)	(95, 0.0)	(100, 0.0)	(105, 0.0)	(110, 0.0)	(115, 1.096952344830457)	(120, 0.0)	(125, 0.0)	(130, 0.0002775220976970291)	(135, 0.026457106647116778)	(140, 0.0)	(145, 0.0)	(150, 0.0)	(155, 0.0)	(160, 0.0)	(165, 0.0)	(170, 0.0)	(175, 0.0)	(180, 0.0)	(185, 0.0)	(190, 9.250736589900971e-05)	(195, 0.0)	(200, 0.0)	(205, 0.0)	(210, 9.250805051309589e-05)	(215, 0.0)	(220, 9.251036116044997e-05)	(225, 0.0)	(230, 0.0)	(235, 0.0)	(240, 0.005321979776476849)	(245, 0.0)	(250, 0.0)
042024-BEL-CBC-T1-927-PSTR_S67_R1_16S	(1, 0.0)	(2, 0.005361067924730606)	(3, 0.0)	(4, 0.0)	(5, 0.0)	(6, 0.0)	(7, 0.0)	(8, 0.0)	(9, 0.0)	(10, 0.0)	(15, 0.0)	(20, 0.0)	(25, 0.0)	(30, 0.0)	(35, 0.0)	(40, 0.0)	(45, 0.0)	(50, 0.0)	(55, 0.0)	(60, 0.0)	(65, 0.0)	(70, 0.0)	(75, 0.0)	(80, 0.0)	(85, 0.0)	(90, 0.0)	(95, 0.0)	(100, 0.0)	(105, 0.0)	(110, 0.0)	(115, 1.1287728515520292)	(120, 0.0002680533962365303)	(125, 0.0)	(130, 0.0018763737736557122)	(135, 0.04449686377526403)	(140, 0.0)	(145, 0.0)	(150, 0.0)	(155, 0.0)	(160, 0.0)	(165, 0.0)	(170, 0.0)	(175, 0.0)	(180, 0.0)	(185, 0.0)	(190, 0.0002680533962365303)	(195, 0.0)	(200, 0.0)	(205, 0.0)	(210, 0.0)	(215, 0.0)	(220, 0.0002680562703722765)	(225, 0.0)	(230, 0.0)	(235, 0.0)	(240, 0.0)	(245, 0.0)	(250, 0.0)
042024-BEL-CBC-T2-1014-OFAV_S95_R1_16S	(1, 0.0)	(2, 0.000627980289791971)	(3, 0.0)	(4, 0.0)	(5, 0.00020932676326399036)	(6, 0.0)	(7, 0.0)	(8, 0.00020932676326399036)	(9, 0.0)	(10, 0.0)	(15, 0.0)	(20, 0.0)	(25, 0.0)	(30, 0.0)	(35, 0.0)	(40, 0.0)	(45, 0.0)	(50, 0.0)	(55, 0.0)	(60, 0.0)	(65, 0.0)	(70, 0.0)	(75, 0.0)	(80, 0.0)	(85, 0.0)	(90, 0.00025119211591678845)	(95, 0.0)	(100, 0.0)	(105, 8.373070530559614e-05)	(110, 0.0008373070530559615)	(115, 1.0751022561238543)	(120, 8.373070530559614e-05)	(125, 0.0007535763477503653)	(130, 0.0007954417004031634)	(135, 0.014192354549298547)	(140, 0.0)	(145, 0.0)	(150, 0.0)	(155, 0.0)	(160, 0.0)	(165, 0.0)	(170, 0.0)	(175, 0.0)	(180, 0.0)	(185, 0.0)	(190, 0.0002930574685695865)	(195, 0.0)	(200, 0.0)	(205, 0.0)	(210, 0.0)	(215, 0.0)	(220, 0.0004605267840284287)	(225, 0.0)	(230, 0.0)	(235, 0.0)	(240, 0.0)	(245, 0.0)	(250, 0.0)
042024-BEL-CBC-T2-1018-PAST_S15_R1_16S	(1, 0.0)	(2, 0.0025592401154594887)	(3, 0.0)	(4, 0.0)	(5, 0.0)	(6, 4.1954755991139154e-05)	(7, 4.1954755991139154e-05)	(8, 0.0)	(9, 0.0)	(10, 0.0)	(15, 0.0)	(20, 0.0)	(25, 0.0)	(30, 0.0)	(35, 0.0)	(40, 0.0)	(45, 0.0)	(50, 0.0)	(55, 0.0)	(60, 0.0)	(65, 0.0)	(70, 8.390951198227832e-06)	(75, 0.0)	(80, 0.0)	(85, 0.0)	(90, 7.551856078405048e-05)	(95, 4.1954755991139154e-05)	(100, 4.1954755991139154e-05)	(105, 1.6781902396455663e-05)	(110, 0.0)	(115, 1.0960260455125193)	(120, 0.0017033630932402496)	(125, 2.5172853594683495e-05)	(130, 0.0002349466335503793)	(135, 0.004866751694972142)	(140, 1.6781902396455663e-05)	(145, 0.0001090823655769618)	(150, 7.551856078405048e-05)	(155, 0.0)	(160, 0.0)	(165, 0.0)	(170, 0.0)	(175, 0.0)	(180, 0.0)	(185, 8.390951198227832e-06)	(190, 0.0002685104383432906)	(195, 0.0)	(200, 0.0)	(205, 0.0)	(210, 0.0)	(215, 3.3563880833790574e-05)	(220, 0.00047828678679888193)	(225, 0.0)	(230, 2.7940804611350393e-05)	(235, 0.0)	(240, 0.0)	(245, 0.0)	(250, 0.0)
042024-BEL-CBC-T2-1026-OFAV_S91_R1_16S	(1, 0.0)	(2, 0.0009202778625626364)	(3, 0.0)	(4, 0.0)	(5, 0.0)	(6, 0.0)	(7, 0.0)	(8, 0.0006135185750417576)	(9, 0.0)	(10, 0.0)	(15, 0.0)	(20, 0.0)	(25, 0.0)	(30, 0.0)	(35, 0.0)	(40, 0.0)	(45, 0.0)	(50, 0.0)	(55, 0.0)	(60, 0.0)	(65, 0.0)	(70, 0.0)	(75, 0.0)	(80, 0.0)	(85, 0.0)	(90, 0.0002760833587687909)	(95, 0.0)	(100, 0.0)	(105, 0.0)	(110, 0.0009202778625626364)	(115, 1.0887807391978552)	(120, 0.0004294630025292303)	(125, 0.0004601389312813182)	(130, 0.0003374352162729667)	(135, 0.011350093638272517)	(140, 0.0)	(145, 0.0)	(150, 0.0)	(155, 0.0)	(160, 0.0)	(165, 0.0)	(170, 0.0)	(175, 0.0)	(180, 0.0)	(185, 0.0)	(190, 0.00012270371500835154)	(195, 0.0)	(200, 0.0)	(205, 0.0)	(210, 0.0)	(215, 0.0)	(220, 0.0002147376933061046)	(225, 0.0)	(230, 0.0)	(235, 0.0)	(240, 0.0)	(245, 0.0)	(250, 0.0)
042024-BEL-CBC-T2-1144-MCAV_S3_R1_16S	(1, 0.0)	(2, 0.001621468239490859)	(3, 0.0)	(4, 0.0002702447065818098)	(5, 0.0)	(6, 0.0)	(7, 0.0)	(8, 0.0)	(9, 0.0)	(10, 0.0)	(15, 0.0)	(20, 0.0)	(25, 0.0)	(30, 0.0)	(35, 0.0)	(40, 0.0)	(45, 0.0)	(50, 0.0)	(55, 0.0)	(60, 0.0)	(65, 0.0)	(70, 0.0)	(75, 0.0)	(80, 0.0)	(85, 0.0)	(90, 0.00016214682394908588)	(95, 0.0)	(100, 0.0)	(105, 0.00010809788263272393)	(110, 0.00021619576526544785)	(115, 1.075844176902185)	(120, 5.404894131636196e-05)	(125, 0.0004323915305308957)	(130, 0.00275649600713446)	(135, 0.03686137797775886)	(140, 0.0)	(145, 0.0)	(150, 0.0)	(155, 0.0)	(160, 0.0)	(165, 0.0)	(170, 0.0)	(175, 0.0)	(180, 0.0)	(185, 0.0)	(190, 0.00010809788263272393)	(195, 0.0)	(200, 0.0)	(205, 0.0)	(210, 0.0)	(215, 0.0)	(220, 0.0001621511183562633)	(225, 0.0)	(230, 0.0)	(235, 0.0)	(240, 0.0)	(245, 0.0)	(250, 0.0)
042024-BEL-CBC-T3-960-OFAV_S4_R1_16S	(1, 0.0)	(2, 0.0)	(3, 0.0)	(4, 0.0027631942525559545)	(5, 0.0)	(6, 0.0)	(7, 0.0)	(8, 0.0)	(9, 0.0)	(10, 0.0)	(15, 0.0)	(20, 0.0)	(25, 0.0)	(30, 0.0)	(35, 0.0)	(40, 0.0)	(45, 0.0)	(50, 0.0)	(55, 0.0)	(60, 0.0)	(65, 0.0)	(70, 0.0)	(75, 0.0)	(80, 0.0)	(85, 0.0)	(90, 0.0)	(95, 0.0)	(100, 0.0)	(105, 0.0)	(110, 0.0)	(115, 1.033434650455927)	(120, 0.0)	(125, 0.0)	(130, 0.01602652666482454)	(135, 0.06355346780878696)	(140, 0.0)	(145, 0.0)	(150, 0.0)	(155, 0.0)	(160, 0.0)	(165, 0.0)	(170, 0.0)	(175, 0.0)	(180, 0.0)	(185, 0.0)	(190, 0.0)	(195, 0.0)	(200, 0.0)	(205, 0.0)	(210, 0.0)	(215, 0.0)	(220, 0.0005526388505111909)	(225, 0.0)	(230, 0.0)	(235, 0.0)	(240, 0.0)	(245, 0.0)	(250, 0.0)
042024-BEL-CBC-T4-1046-PSTR_S60_R1_16S	(1, 0.0)	(2, 0.0024182276326035123)	(3, 0.0)	(4, 0.0)	(5, 0.0)	(6, 0.0)	(7, 0.0)	(8, 0.0)	(9, 0.0)	(10, 0.0)	(15, 0.0)	(20, 0.0)	(25, 0.0)	(30, 0.0)	(35, 0.0)	(40, 0.0)	(45, 0.0)	(50, 0.0)	(55, 0.0)	(60, 0.0)	(65, 0.0)	(70, 9.672910530414049e-05)	(75, 0.0)	(80, 0.0)	(85, 0.0)	(90, 9.672910530414049e-05)	(95, 0.0)	(100, 0.0)	(105, 0.0)	(110, 0.0)	(115, 1.1371473619554757)	(120, 0.0009672910530414048)	(125, 0.0)	(130, 0.00029018731591242146)	(135, 0.018765446429003255)	(140, 0.0)	(145, 0.0)	(150, 0.0)	(155, 0.0)	(160, 0.0)	(165, 0.0)	(170, 0.0)	(175, 0.0)	(180, 0.0)	(185, 0.0)	(190, 0.00019345821060828098)	(195, 0.0)	(200, 0.0)	(205, 0.0)	(210, 0.0)	(215, 0.0)	(220, 0.0001934602690645422)	(225, 0.0)	(230, 0.0)	(235, 0.0)	(240, 0.0)	(245, 0.0)	(250, 0.0)
042024-BEL-CBC-T4-1047-MCAV_S92_R1_16S	(1, 0.0)	(2, 0.0007403404085198373)	(3, 0.0)	(4, 0.0)	(5, 0.0)	(6, 0.0)	(7, 0.0)	(8, 0.0)	(9, 0.0)	(10, 0.0)	(15, 0.0)	(20, 0.0)	(25, 0.0)	(30, 0.0)	(35, 0.0)	(40, 0.0)	(45, 0.0)	(50, 0.0)	(55, 0.0)	(60, 0.0)	(65, 0.0)	(70, 7.403404085198375e-05)	(75, 0.0)	(80, 0.0)	(85, 0.0)	(90, 0.0)	(95, 0.0)	(100, 0.0)	(105, 0.0)	(110, 0.0010364765719277724)	(115, 1.0917800004442042)	(120, 0.0002221021225559512)	(125, 0.000296136163407935)	(130, 0.0002221021225559512)	(135, 0.013104025230801123)	(140, 0.0)	(145, 0.0)	(150, 0.0)	(155, 0.0)	(160, 0.0)	(165, 0.0)	(170, 0.0)	(175, 0.0)	(180, 0.0)	(185, 0.0)	(190, 0.0001480680817039675)	(195, 0.0)	(200, 0.0)	(205, 0.0)	(210, 0.0)	(215, 0.0)	(220, 0.00022210902888009668)	(225, 0.0)	(230, 0.0)	(235, 0.0)	(240, 0.0)	(245, 0.0)	(250, 0.0)
052022-BEL-CBC-T1-2-SSID_S8_R1_16S	(1, 0.0)	(2, 0.0013766661963057162)	(3, 0.0)	(4, 0.0)	(5, 0.0)	(6, 0.0)	(7, 0.00034416654907642904)	(8, 0.0)	(9, 0.0)	(10, 0.0)	(15, 0.0)	(20, 0.0)	(25, 0.0)	(30, 0.0)	(35, 0.0)	(40, 0.0)	(45, 0.0)	(50, 0.0)	(55, 0.0)	(60, 0.0)	(65, 0.0)	(70, 6.883330981528581e-05)	(75, 0.0)	(80, 0.0)	(85, 0.0)	(90, 6.883330981528581e-05)	(95, 0.0)	(100, 0.0)	(105, 0.0)	(110, 0.0010324996472292872)	(115, 1.0286449818796313)	(120, 0.00034416654907642904)	(125, 0.00027533323926114323)	(130, 0.0015831661257515737)	(135, 0.04185065236769377)	(140, 0.0)	(145, 0.0)	(150, 0.0)	(155, 0.0)	(160, 0.0)	(165, 0.0)	(170, 0.0)	(175, 0.0)	(180, 0.0)	(185, 0.0)	(190, 6.883330981528581e-05)	(195, 0.0)	(200, 0.0)	(205, 0.0)	(210, 0.0)	(215, 0.0)	(220, 0.00013767325318455443)	(225, 0.0)	(230, 0.0)	(235, 0.0)	(240, 0.0)	(245, 0.0)	(250, 0.0)
052022-BEL-CBC-T2-1-SSID_S57_R1_16S	(1, 0.0)	(2, 0.0024072809933129175)	(3, 0.0)	(4, 0.0)	(5, 0.0)	(6, 0.0)	(7, 0.0)	(8, 0.0)	(9, 0.0)	(10, 0.0)	(15, 0.0)	(20, 0.0)	(25, 0.0)	(30, 0.0)	(35, 0.0)	(40, 0.0)	(45, 0.0)	(50, 0.0)	(55, 0.0)	(60, 0.0)	(65, 0.0)	(70, 0.0)	(75, 0.0)	(80, 0.0)	(85, 0.0)	(90, 0.00010316918542769646)	(95, 0.0)	(100, 0.0)	(105, 0.0001375589139035953)	(110, 0.0)	(115, 1.0772238547790545)	(120, 0.008597432118974704)	(125, 6.877945695179765e-05)	(130, 0.00017194864237949408)	(135, 0.016782187496238624)	(140, 0.0)	(145, 0.0)	(150, 0.0)	(155, 0.0)	(160, 0.0)	(165, 0.0)	(170, 0.0)	(175, 0.0)	(180, 0.0)	(185, 0.0)	(190, 0.00020633837085539292)	(195, 0.0)	(200, 0.0)	(205, 0.0)	(210, 0.0)	(215, 0.0)	(220, 0.0003782897451840277)	(225, 0.0)	(230, 0.0)	(235, 0.0)	(240, 0.0)	(245, 0.0)	(250, 0.0)
052022-BEL-CBC-T2-71-OFAV_S21_R1_16S	(1, 0.0)	(2, 0.0012118597442006451)	(3, 0.0)	(4, 0.00024237194884012904)	(5, 0.0)	(6, 0.0)	(7, 0.0)	(8, 0.00024237194884012904)	(9, 0.0)	(10, 0.0)	(15, 0.0)	(20, 0.0)	(25, 0.0)	(30, 0.0)	(35, 0.0)	(40, 0.0)	(45, 0.0)	(50, 0.0)	(55, 0.0)	(60, 0.0)	(65, 0.0)	(70, 0.0)	(75, 0.0)	(80, 0.0)	(85, 0.0)	(90, 4.847438976802581e-05)	(95, 0.0)	(100, 0.0)	(105, 0.0)	(110, 0.0014057573032727484)	(115, 1.0833541369256088)	(120, 0.0)	(125, 0.00038779511814420646)	(130, 0.0025691426577053676)	(135, 0.020989410769555173)	(140, 0.0)	(145, 0.0)	(150, 0.0)	(155, 0.0)	(160, 0.0)	(165, 0.0)	(170, 0.0)	(175, 0.0)	(180, 0.0)	(185, 0.0)	(190, 0.00014542316930407742)	(195, 0.0)	(200, 0.0)	(205, 0.0)	(210, 0.0)	(215, 0.0)	(220, 0.00019390319867564117)	(225, 0.0)	(230, 0.0)	(235, 0.0)	(240, 0.0)	(245, 0.0)	(250, 0.0)
052022-BEL-CBC-T2-9-PAST_S23_R1_16S	(1, 0.0)	(2, 0.0015291026461121291)	(3, 0.0)	(4, 0.0)	(5, 0.0)	(6, 0.0)	(7, 0.0)	(8, 0.0001274252205093441)	(9, 0.0)	(10, 0.0)	(15, 0.0)	(20, 0.0)	(25, 0.0)	(30, 0.0)	(35, 0.0)	(40, 0.0)	(45, 0.0)	(50, 0.0)	(55, 0.0)	(60, 0.0)	(65, 0.0)	(70, 2.548504410186882e-05)	(75, 0.0)	(80, 0.0)	(85, 0.0)	(90, 0.0001274252205093441)	(95, 0.0)	(100, 0.0)	(105, 0.0)	(110, 0.0013507073373990473)	(115, 1.0997561081279452)	(120, 0.0004077607056299011)	(125, 0.0004077607056299011)	(130, 0.0006116410584448516)	(135, 0.008359094465412971)	(140, 0.0)	(145, 0.0)	(150, 0.0)	(155, 0.0)	(160, 0.0)	(165, 0.0)	(170, 0.0)	(175, 0.0)	(180, 0.0)	(185, 0.0)	(190, 0.0001274252205093441)	(195, 0.0)	(200, 0.0)	(205, 0.0)	(210, 0.0)	(215, 0.0)	(220, 0.00020388461354181212)	(225, 0.0)	(230, 0.0)	(235, 0.0)	(240, 0.0)	(245, 0.0)	(250, 0.0)
052022-BEL-CBC-T3-11-PAST_S19_R1_16S	(1, 0.0)	(2, 0.0)	(3, 0.0)	(4, 0.0)	(5, 0.0)	(6, 0.0)	(7, 0.0)	(8, 0.0006034274680183442)	(9, 0.0)	(10, 0.0)	(15, 0.0)	(20, 0.0)	(25, 0.0)	(30, 0.0)	(35, 0.0)	(40, 0.0)	(45, 0.0)	(50, 0.0)	(55, 0.0)	(60, 0.0)	(65, 0.0)	(70, 0.0)	(75, 0.0)	(80, 0.0)	(85, 0.0)	(90, 0.0002413709872073377)	(95, 0.0)	(100, 0.0)	(105, 0.0)	(110, 0.0003620564808110065)	(115, 1.1047550084479845)	(120, 0.00012068549360366884)	(125, 0.0)	(130, 0.0039826212889210715)	(135, 0.033067825247405265)	(140, 0.0)	(145, 0.0)	(150, 0.0)	(155, 0.0)	(160, 0.0)	(165, 0.0)	(170, 0.0)	(175, 0.0)	(180, 0.0)	(185, 0.0)	(190, 0.00012068549360366884)	(195, 0.0)	(200, 0.0)	(205, 0.0)	(210, 0.0)	(215, 0.0)	(220, 0.00024137972651676987)	(225, 0.0)	(230, 0.0)	(235, 0.0)	(240, 0.0)	(245, 0.0)	(250, 0.0)
052022-BEL-CBC-T3-13-MCAV_S5_R1_16S	(1, 0.0)	(2, 0.0015299350925037005)	(3, 0.0)	(4, 0.0)	(5, 0.0)	(6, 0.0)	(7, 0.0)	(8, 0.0003824837731259251)	(9, 0.0)	(10, 0.0)	(15, 0.0)	(20, 0.0)	(25, 0.0)	(30, 0.0)	(35, 0.0)	(40, 0.0)	(45, 0.0)	(50, 0.0)	(55, 0.0)	(60, 0.0)	(65, 0.0)	(70, 0.0)	(75, 0.0)	(80, 0.0)	(85, 0.0)	(90, 0.0003824837731259251)	(95, 0.0)	(100, 0.0)	(105, 0.0)	(110, 0.0007649675462518503)	(115, 1.0516773825870438)	(120, 0.0009179610555022202)	(125, 0.0004589805277511101)	(130, 0.0019889156202548106)	(135, 0.04505658847423398)	(140, 0.0)	(145, 0.0)	(150, 0.0)	(155, 0.0)	(160, 0.0)	(165, 0.0)	(170, 0.0)	(175, 0.0)	(180, 0.0)	(185, 0.0)	(190, 0.00022949026387555506)	(195, 0.0)	(200, 0.0)	(205, 0.0)	(210, 0.0)	(215, 0.0)	(220, 0.00022950044637836818)	(225, 0.0)	(230, 0.0)	(235, 0.0)	(240, 0.0)	(245, 0.0)	(250, 0.0)
052022-BEL-CBC-T3-19-MCAV_S6_R1_16S	(1, 0.0)	(2, 0.003791217644326917)	(3, 0.0)	(4, 0.0)	(5, 0.0)	(6, 0.0)	(7, 0.0)	(8, 0.0)	(9, 0.0)	(10, 0.0)	(15, 0.0)	(20, 0.0)	(25, 0.0)	(30, 0.0)	(35, 0.0)	(40, 0.0)	(45, 0.0)	(50, 0.0)	(55, 0.0)	(60, 0.0)	(65, 0.0)	(70, 0.0)	(75, 0.0)	(80, 0.0)	(85, 0.0)	(90, 0.0)	(95, 0.0)	(100, 0.0)	(105, 0.0)	(110, 0.0007582435288653834)	(115, 1.0524420180651521)	(120, 0.0)	(125, 0.0)	(130, 0.004739022055408646)	(135, 0.058195190840418166)	(140, 0.0)	(145, 0.0)	(150, 0.0)	(155, 0.0)	(160, 0.0)	(165, 0.0)	(170, 0.0)	(175, 0.0)	(180, 0.0)	(185, 0.0)	(190, 0.0)	(195, 0.0)	(200, 0.0)	(205, 0.0)	(210, 0.0)	(215, 0.0)	(220, 0.00018956806915443162)	(225, 0.0)	(230, 0.0)	(235, 0.0)	(240, 0.0)	(245, 0.0)	(250, 0.0)
052022-BEL-CBC-T3-66-OFAV_S40_R1_16S	(1, 0.0)	(2, 0.007310809946356932)	(3, 0.0)	(4, 0.0)	(5, 0.0)	(6, 0.0)	(7, 0.0)	(8, 0.0)	(9, 0.0)	(10, 0.0)	(15, 0.0)	(20, 0.0)	(25, 0.0)	(30, 0.0)	(35, 0.0)	(40, 0.0)	(45, 0.0)	(50, 0.0)	(55, 0.0)	(60, 0.0)	(65, 0.0)	(70, 0.0)	(75, 0.0)	(80, 0.0)	(85, 0.0)	(90, 0.0005483107459767699)	(95, 0.0)	(100, 0.0)	(105, 0.0)	(110, 0.0)	(115, 1.0514772405347859)	(120, 0.0027415537298838494)	(125, 0.0)	(130, 0.0)	(135, 0.03472634724519543)	(140, 0.0)	(145, 0.0)	(150, 0.0)	(155, 0.0)	(160, 0.0)	(165, 0.0)	(170, 0.0)	(175, 0.0)	(180, 0.0)	(185, 0.0)	(190, 0.0)	(195, 0.0)	(200, 0.0)	(205, 0.0)	(210, 0.0)	(215, 0.0)	(220, 0.0)	(225, 0.0)	(230, 0.0)	(235, 0.0)	(240, 0.0)	(245, 0.0)	(250, 0.0)
052022-BEL-CBC-T3-8-PAST_S17_R1_16S	(1, 0.0)	(2, 0.002404308520869398)	(3, 0.0)	(4, 0.0)	(5, 0.0)	(6, 0.0)	(7, 0.0)	(8, 0.0)	(9, 0.0)	(10, 0.0)	(15, 0.0)	(20, 0.0)	(25, 0.0)	(30, 0.0)	(35, 0.0)	(40, 0.0)	(45, 0.0)	(50, 0.0)	(55, 0.0)	(60, 0.0)	(65, 0.0)	(70, 0.0)	(75, 0.0)	(80, 0.0)	(85, 0.0)	(90, 0.0)	(95, 0.0)	(100, 0.0)	(105, 0.0)	(110, 0.0003205744694492531)	(115, 1.056613451304738)	(120, 0.0009617234083477592)	(125, 0.0012822978777970123)	(130, 0.008655510675129832)	(135, 0.044239276783996924)	(140, 0.0)	(145, 0.0)	(150, 0.0)	(155, 0.0)	(160, 0.0)	(165, 0.0)	(170, 0.0)	(175, 0.0)	(180, 0.0)	(185, 0.0)	(190, 0.0)	(195, 0.0)	(200, 0.0)	(205, 0.0)	(210, 0.0)	(215, 0.0)	(220, 0.00016029622742828748)	(225, 0.0)	(230, 0.0)	(235, 0.0)	(240, 0.0)	(245, 0.0)	(250, 0.0)
062019-BEL-CBC-T1-21-PAST_S16_R1_16S	(1, 0.0)	(2, 0.0021260311250956712)	(3, 0.0)	(4, 0.0)	(5, 0.0)	(6, 0.0)	(7, 0.0)	(8, 0.0)	(9, 0.0)	(10, 0.0)	(15, 0.0)	(20, 0.0)	(25, 0.0)	(30, 0.0)	(35, 0.0)	(40, 0.0)	(45, 0.0)	(50, 0.0)	(55, 0.0)	(60, 0.0)	(65, 0.0)	(70, 0.0)	(75, 0.0)	(80, 0.0)	(85, 0.0)	(90, 0.0)	(95, 0.0)	(100, 0.0)	(105, 0.0)	(110, 0.0)	(115, 1.0906539671740796)	(120, 0.004677268475210477)	(125, 0.0)	(130, 0.00042520622501913426)	(135, 0.022110723700994983)	(140, 0.0)	(145, 0.0)	(150, 0.0)	(155, 0.0)	(160, 0.0)	(165, 0.0)	(170, 0.0)	(175, 0.0)	(180, 0.0)	(185, 0.0)	(190, 0.0004252170733159278)	(195, 0.0)	(200, 0.0)	(205, 0.0)	(210, 0.0)	(215, 0.0)	(220, 0.0008504847763225038)	(225, 0.0)	(230, 0.0)	(235, 0.0)	(240, 0.0)	(245, 0.0)	(250, 0.0)
062019-BEL-CBC-T1-22-MCAV_S18_R1_16S	(1, 0.0)	(2, 0.0003904435047770763)	(3, 0.0)	(4, 0.0)	(5, 0.0)	(6, 0.0)	(7, 0.0003904435047770763)	(8, 0.0)	(9, 0.0)	(10, 0.0)	(15, 0.0)	(20, 0.0)	(25, 0.0)	(30, 0.0)	(35, 0.0)	(40, 0.0)	(45, 0.0)	(50, 0.0)	(55, 0.0)	(60, 0.0)	(65, 0.0)	(70, 0.0)	(75, 0.0)	(80, 0.0)	(85, 0.0)	(90, 7.808870095541525e-05)	(95, 0.0)	(100, 0.0)	(105, 0.0)	(110, 0.0007808870095541526)	(115, 1.0599760267688068)	(120, 0.0001561774019108305)	(125, 0.0001561774019108305)	(130, 0.002186483626751627)	(135, 0.026081626119108695)	(140, 0.0)	(145, 0.0)	(150, 0.0)	(155, 0.0)	(160, 0.0)	(165, 0.0)	(170, 0.0)	(175, 0.0)	(180, 0.0)	(185, 0.0)	(190, 0.0001561774019108305)	(195, 0.0)	(200, 0.0)	(205, 0.0)	(210, 0.0)	(215, 0.0)	(220, 0.0003904496027175292)	(225, 0.0)	(230, 0.0)	(235, 0.0)	(240, 0.0032926146653057195)	(245, 0.0)	(250, 0.0)
062019-BEL-CBC-T2-18-MCAV_S79_R1_16S	(1, 0.0)	(2, 0.0037965072133637054)	(3, 0.0)	(4, 0.0)	(5, 0.0)	(6, 0.0)	(7, 0.0)	(8, 0.0)	(9, 0.0)	(10, 0.0)	(15, 0.0)	(20, 0.0)	(25, 0.0)	(30, 0.0)	(35, 0.0)	(40, 0.0)	(45, 0.0)	(50, 0.0)	(55, 0.0)	(60, 0.0)	(65, 0.0)	(70, 0.0)	(75, 0.0)	(80, 0.0)	(85, 0.0)	(90, 0.0002531004808909137)	(95, 0.0)	(100, 0.0)	(105, 0.0)	(110, 0.0)	(115, 1.058466211085801)	(120, 0.0)	(125, 0.0)	(130, 0.0010124019235636548)	(135, 0.01771703366236396)	(140, 0.0)	(145, 0.0)	(150, 0.0)	(155, 0.0)	(160, 0.0)	(165, 0.0)	(170, 0.0)	(175, 0.0)	(180, 0.0)	(185, 0.0)	(190, 0.0005062009617818274)	(195, 0.0)	(200, 0.0)	(205, 0.0)	(210, 0.0)	(215, 0.0)	(220, 0.000506207367848239)	(225, 0.0)	(230, 0.0)	(235, 0.0)	(240, 0.0)	(245, 0.0)	(250, 0.0)
062019-BEL-CBC-T3-1-MCAV_S48_R1_16S	(1, 0.0)	(2, 0.007836464187358665)	(3, 0.0)	(4, 0.0)	(5, 0.0)	(6, 0.0)	(7, 0.0)	(8, 0.0)	(9, 0.0)	(10, 0.0)	(15, 0.0)	(20, 0.0)	(25, 0.0)	(30, 0.0)	(35, 0.0)	(40, 0.0)	(45, 0.0)	(50, 0.0)	(55, 0.00044779795356335224)	(60, 0.0)	(65, 0.0)	(70, 0.0)	(75, 0.0)	(80, 0.0)	(85, 0.0)	(90, 0.00022389897678167612)	(95, 0.0)	(100, 0.0)	(105, 0.0)	(110, 0.0)	(115, 1.121957772652979)	(120, 0.0011194948839083805)	(125, 0.0)	(130, 0.0008955959071267045)	(135, 0.05843763294001746)	(140, 0.0)	(145, 0.0)	(150, 0.0)	(155, 0.0)	(160, 0.0)	(165, 0.0)	(170, 0.0)	(175, 0.0)	(180, 0.0)	(185, 0.0)	(190, 0.00044781299329400045)	(195, 0.0)	(200, 0.0)	(205, 0.0)	(210, 0.0)	(215, 0.0)	(220, 0.0006717480676047255)	(225, 0.0)	(230, 0.0)	(235, 0.0)	(240, 0.0)	(245, 0.0)	(250, 0.0)
062024-BEL-CBC-T1-1347-OANN_S65_R1_16S	(1, 0.0)	(2, 0.0014877410140442752)	(3, 0.0)	(4, 0.0)	(5, 0.0)	(6, 0.0)	(7, 0.0)	(8, 0.0)	(9, 0.0)	(10, 0.0)	(15, 0.0)	(20, 0.0)	(25, 0.0)	(30, 0.0)	(35, 0.0)	(40, 0.0)	(45, 0.0)	(50, 0.0)	(55, 0.0)	(60, 0.0)	(65, 0.0)	(70, 0.0)	(75, 0.0)	(80, 0.0)	(85, 0.0)	(90, 0.0001487741014044275)	(95, 0.0)	(100, 0.0)	(105, 0.0)	(110, 0.0001487741014044275)	(115, 1.067900499880981)	(120, 0.0007438705070221376)	(125, 0.0)	(130, 0.00357057843370626)	(135, 0.02335753392049512)	(140, 0.0)	(145, 0.0)	(150, 0.0)	(155, 0.0)	(160, 0.0)	(165, 0.0)	(170, 0.0)	(175, 0.0)	(180, 0.0)	(185, 0.0)	(190, 0.0001487741014044275)	(195, 0.0)	(200, 0.0)	(205, 0.0)	(210, 0.0)	(215, 0.0)	(220, 0.00014877852828279822)	(225, 0.0)	(230, 0.0)	(235, 0.0)	(240, 0.0)	(245, 0.0)	(250, 0.0)
062024-BEL-CBC-T1-1353-MCAV_S86_R1_16S	(1, 0.0)	(2, 0.00137674801105804)	(3, 0.0)	(4, 0.00018356640147440534)	(5, 0.0)	(6, 9.178320073720267e-05)	(7, 0.00018356640147440534)	(8, 9.178320073720267e-05)	(9, 0.0)	(10, 0.0)	(15, 0.0)	(20, 0.0)	(25, 0.0)	(30, 0.0)	(35, 0.0)	(40, 0.0)	(45, 0.0)	(50, 0.0)	(55, 0.0)	(60, 0.0)	(65, 0.0)	(70, 0.0)	(75, 0.0)	(80, 0.0)	(85, 1.8356640147440534e-05)	(90, 0.0001652097613269648)	(95, 0.0)	(100, 0.0)	(105, 0.0)	(110, 0.0008260488066348241)	(115, 1.102646660376458)	(120, 0.0005323425642757755)	(125, 0.00018356640147440534)	(130, 0.00029370624235904854)	(135, 0.01167482313377218)	(140, 0.0)	(145, 0.0)	(150, 0.0)	(155, 0.0)	(160, 0.0)	(165, 0.0)	(170, 0.0)	(175, 0.0)	(180, 0.0)	(185, 0.0)	(190, 7.342656058976214e-05)	(195, 0.0)	(200, 0.0)	(205, 0.0)	(210, 0.0)	(215, 0.0)	(220, 0.00016521324900114822)	(225, 0.0)	(230, 0.0)	(235, 0.0)	(240, 0.0)	(245, 0.0)	(250, 0.0)
062024-BEL-CBC-T2-1375-SSID_S33_R1_16S	(1, 0.0)	(2, 0.002127343385794232)	(3, 0.0)	(4, 0.00013232279433169863)	(5, 2.035735297410748e-05)	(6, 1.017867648705374e-05)	(7, 2.035735297410748e-05)	(8, 0.0)	(9, 0.0)	(10, 0.0)	(15, 0.0)	(20, 0.0)	(25, 0.0)	(30, 0.0)	(35, 0.0)	(40, 0.0)	(45, 0.0)	(50, 0.0)	(55, 0.0)	(60, 0.0)	(65, 0.0)	(70, 2.035735297410748e-06)	(75, 0.0)	(80, 0.0)	(85, 0.0)	(90, 8.346514719384068e-05)	(95, 0.0)	(100, 8.142941189642993e-06)	(105, 1.6285883373898415e-05)	(110, 8.142942018486717e-06)	(115, 0.9909919721788243)	(120, 0.05845818075071614)	(125, 0.00016082310486511268)	(130, 8.550089119411054e-05)	(135, 0.057063701930050295)	(140, 0.0)	(145, 0.0)	(150, 6.1072065138650374e-06)	(155, 2.0357355046216793e-06)	(160, 0.0)	(165, 0.0)	(170, 0.0)	(175, 0.0)	(180, 0.0)	(185, 0.0)	(190, 0.0001099297485798756)	(195, 1.425015433426078e-05)	(200, 0.0)	(205, 0.0)	(210, 0.0)	(215, 0.0)	(220, 0.00018932557182633545)	(225, 2.2393541409505685e-05)	(230, 0.0)	(235, 0.0)	(240, 8.214378859474567e-05)	(245, 0.0)	(250, 0.0)
062024-BEL-CBC-T2-1396-MCAV_S49_R1_16S	(1, 0.0)	(2, 0.0023905845739923956)	(3, 0.0)	(4, 0.0)	(5, 0.0)	(6, 0.00010866293518147254)	(7, 0.0)	(8, 0.0)	(9, 0.0)	(10, 0.0)	(15, 0.0)	(20, 0.0)	(25, 0.0)	(30, 0.0)	(35, 0.0)	(40, 0.0)	(45, 0.0)	(50, 0.0)	(55, 0.0)	(60, 0.0)	(65, 0.0)	(70, 0.0)	(75, 0.0)	(80, 0.0)	(85, 0.0)	(90, 0.00015212810925406154)	(95, 0.0)	(100, 0.0)	(105, 0.0)	(110, 0.0)	(115, 1.0935185819052307)	(120, 0.001934200246230211)	(125, 4.346517407258902e-05)	(130, 0.00019559328332665056)	(135, 0.009279814664497755)	(140, 0.0)	(145, 0.0)	(150, 0.0)	(155, 0.0)	(160, 0.0)	(165, 0.0)	(170, 0.0)	(175, 0.0)	(180, 0.0)	(185, 0.0)	(190, 0.00034772139258071213)	(195, 0.0)	(200, 0.0)	(205, 0.0)	(210, 0.0)	(215, 0.0)	(220, 0.0004563859147136428)	(225, 0.0)	(230, 0.0)	(235, 0.0)	(240, 0.0)	(245, 0.0)	(250, 0.0)
062024-BEL-CBC-T3-1415-MCAV_S50_R1_16S	(1, 0.0)	(2, 0.006619751301035737)	(3, 0.0)	(4, 0.0)	(5, 0.0)	(6, 0.0)	(7, 0.0)	(8, 0.0)	(9, 0.0)	(10, 0.0)	(15, 0.0)	(20, 0.0)	(25, 0.0)	(30, 0.0)	(35, 0.0)	(40, 0.0)	(45, 0.0)	(50, 0.0)	(55, 0.0)	(60, 0.0)	(65, 0.0)	(70, 0.0)	(75, 0.0)	(80, 0.0)	(85, 0.0)	(90, 0.00010184232770824211)	(95, 0.0)	(100, 0.0)	(105, 0.0)	(110, 0.0)	(115, 1.0805470969844486)	(120, 0.0006110539662494526)	(125, 0.0)	(130, 0.00020368465541648422)	(135, 0.03432086443767759)	(140, 0.0)	(145, 0.0)	(150, 0.0)	(155, 0.0)	(160, 0.0)	(165, 0.0)	(170, 0.0)	(175, 0.0)	(180, 0.0)	(185, 0.0)	(190, 0.00010184336490477645)	(195, 0.0)	(200, 0.0)	(205, 0.0)	(210, 0.0)	(215, 0.0)	(220, 0.00010184647662114128)	(225, 0.0)	(230, 0.0)	(235, 0.0)	(240, 0.0)	(245, 0.0)	(250, 0.0)
062024-BEL-CBC-T3-1433-PSTR_S2_R1_16S	(1, 0.0)	(2, 0.0018393679931575512)	(3, 0.0)	(4, 0.0)	(5, 0.0)	(6, 0.00010218711073097506)	(7, 0.00010218711073097506)	(8, 0.00020437422146195013)	(9, 0.0)	(10, 0.0)	(15, 0.0)	(20, 0.0)	(25, 0.0)	(30, 0.0)	(35, 0.0)	(40, 0.0)	(45, 0.0)	(50, 0.0)	(55, 0.0)	(60, 0.0)	(65, 0.0)	(70, 2.0437422146195012e-05)	(75, 0.0)	(80, 0.0)	(85, 0.0)	(90, 0.0001634993771695601)	(95, 0.0)	(100, 0.0)	(105, 0.0)	(110, 0.0016554311938417959)	(115, 1.082079752952441)	(120, 0.0003269987543391202)	(125, 0.0003065613321929252)	(130, 0.0005722478200934603)	(135, 0.025199341506258452)	(140, 0.0)	(145, 0.0)	(150, 0.0)	(155, 0.0)	(160, 0.0)	(165, 0.0)	(170, 0.0)	(175, 0.0)	(180, 0.0)	(185, 0.0)	(190, 0.0001634993771695601)	(195, 0.0)	(200, 0.0)	(205, 0.0)	(210, 0.0)	(215, 0.0)	(220, 0.0003474438454103792)	(225, 0.0)	(230, 0.0)	(235, 0.0)	(240, 0.0)	(245, 0.0)	(250, 0.0)
062024-BEL-CBC-T3-1439-OFAV_S41_R1_16S	(1, 0.0)	(2, 0.0008083780299019033)	(3, 0.0)	(4, 0.0)	(5, 0.0)	(6, 0.0)	(7, 0.0)	(8, 0.0)	(9, 0.0)	(10, 0.0)	(15, 0.0)	(20, 0.0)	(25, 0.0)	(30, 0.0)	(35, 0.0)	(40, 0.0)	(45, 0.0)	(50, 0.0)	(55, 0.0)	(60, 0.0)	(65, 0.0)	(70, 0.0)	(75, 0.0)	(80, 0.0)	(85, 0.0)	(90, 0.0)	(95, 0.0)	(100, 0.0)	(105, 0.0)	(110, 0.0)	(115, 1.0799930479489428)	(120, 0.00016167560598038066)	(125, 0.0)	(130, 0.00016167560598038066)	(135, 0.09991552449587525)	(140, 0.0)	(145, 0.0)	(150, 0.0)	(155, 0.0)	(160, 0.0)	(165, 0.0)	(170, 0.0)	(175, 0.0)	(180, 0.0)	(185, 0.0)	(190, 0.00024251340897057098)	(195, 0.0)	(200, 0.0)	(205, 0.0)	(210, 0.0)	(215, 0.0)	(220, 0.0003233614064927737)	(225, 0.0)	(230, 0.0)	(235, 0.0)	(240, 0.0)	(245, 0.0)	(250, 0.0)
062024-BEL-CBC-T3-1442-OFAV_S35_R1_16S	(1, 0.0)	(2, 0.005233111322549952)	(3, 0.0)	(4, 0.0)	(5, 0.0)	(6, 0.0)	(7, 0.0)	(8, 0.0)	(9, 0.0)	(10, 0.0)	(15, 0.0)	(20, 0.0)	(25, 0.0)	(30, 0.0)	(35, 0.0)	(40, 0.0)	(45, 0.0)	(50, 0.0)	(55, 0.0)	(60, 0.0)	(65, 0.0)	(70, 0.0)	(75, 0.0)	(80, 0.0)	(85, 0.0)	(90, 6.343165239454488e-05)	(95, 0.0)	(100, 6.343165239454488e-05)	(105, 6.343165239454488e-05)	(110, 0.0)	(115, 1.0770060260069774)	(120, 0.0012686330478908975)	(125, 0.00012686330478908975)	(130, 0.00012686330478908975)	(135, 0.029876308277830634)	(140, 0.0)	(145, 0.0)	(150, 0.0)	(155, 0.0)	(160, 0.0)	(165, 0.0)	(170, 0.0)	(175, 0.0)	(180, 0.0)	(185, 0.0)	(190, 3.171582619727244e-05)	(195, 0.0)	(200, 0.0)	(205, 0.0)	(210, 0.0)	(215, 0.0)	(220, 9.515001351130192e-05)	(225, 0.0)	(230, 0.0)	(235, 0.0)	(240, 0.0)	(245, 0.0)	(250, 0.0)
082024-BEL-CBC-T1-1479-PAST_S47_R1_16S	(1, 0.0)	(2, 0.0008084188741554548)	(3, 0.0)	(4, 0.0)	(5, 0.0)	(6, 0.0)	(7, 0.0)	(8, 0.0)	(9, 0.0)	(10, 0.0)	(15, 0.0)	(20, 0.0)	(25, 0.0)	(30, 0.0)	(35, 0.0)	(40, 0.0)	(45, 0.0)	(50, 0.0)	(55, 0.0)	(60, 0.0)	(65, 0.0)	(70, 0.0)	(75, 0.0)	(80, 0.0)	(85, 0.0)	(90, 0.00012126283112331824)	(95, 4.0420943707772744e-05)	(100, 0.0002829466059544092)	(105, 0.0)	(110, 0.0005658932119088184)	(115, 1.1169115165331764)	(120, 0.0002425256622466365)	(125, 8.084188741554549e-05)	(130, 0.0002829466059544092)	(135, 0.031124126654985013)	(140, 0.0)	(145, 4.0420943707772744e-05)	(150, 4.0420943707772744e-05)	(155, 0.0)	(160, 0.0)	(165, 0.0)	(170, 0.0)	(175, 0.0)	(180, 0.0)	(185, 0.0)	(190, 0.00012126283112331824)	(195, 0.0)	(200, 0.0)	(205, 0.0)	(210, 0.0)	(215, 0.0)	(220, 0.0002425345834104728)	(225, 0.0)	(230, 0.0)	(235, 0.0)	(240, 0.0)	(245, 0.0)	(250, 0.0)
082024-BEL-CBC-T1-1482-OANN_S36_R1_16S	(1, 0.0)	(2, 0.0047272383473574734)	(3, 0.0)	(4, 0.0)	(5, 0.0)	(6, 0.0)	(7, 0.0)	(8, 0.0)	(9, 0.0)	(10, 0.0)	(15, 0.0)	(20, 0.0)	(25, 0.0)	(30, 0.0)	(35, 0.0)	(40, 0.0)	(45, 0.0)	(50, 0.0)	(55, 0.0)	(60, 0.0)	(65, 0.0)	(70, 0.0)	(75, 0.0)	(80, 0.0)	(85, 0.0)	(90, 0.0)	(95, 0.0)	(100, 0.0)	(105, 0.0)	(110, 0.0003151492231571649)	(115, 1.0730831048501466)	(120, 0.0047272383473574734)	(125, 0.0)	(130, 0.0017333207273644072)	(135, 0.030411900034666414)	(140, 0.0)	(145, 0.0)	(150, 0.0)	(155, 0.0)	(160, 0.0)	(165, 0.0)	(170, 0.0)	(175, 0.0)	(180, 0.0)	(185, 0.0)	(190, 0.0004727238347357474)	(195, 0.0)	(200, 0.0)	(205, 0.0)	(210, 0.0)	(215, 0.0)	(220, 0.0004727707676378954)	(225, 0.0)	(230, 0.0)	(235, 0.0)	(240, 0.0)	(245, 0.0)	(250, 0.0)
082024-BEL-CBC-T2-1510-PAST_S94_R1_16S	(1, 0.0)	(2, 0.0008886688375576841)	(3, 0.0)	(4, 0.0005078107643186766)	(5, 0.0)	(6, 0.00012695269107966916)	(7, 0.0)	(8, 0.00012695269107966916)	(9, 0.0)	(10, 0.0)	(15, 0.0)	(20, 0.0)	(25, 0.0)	(30, 0.0)	(35, 0.0)	(40, 0.0)	(45, 0.0)	(50, 0.0)	(55, 0.0)	(60, 0.0)	(65, 0.0)	(70, 0.0)	(75, 0.0)	(80, 0.0)	(85, 0.0)	(90, 0.000304686458591206)	(95, 0.0)	(100, 0.0)	(105, 0.0)	(110, 0.001066402605069221)	(115, 1.0957032861704086)	(120, 0.000457029687886809)	(125, 0.0002539053821593383)	(130, 0.0003300769968071398)	(135, 0.008708954608065304)	(140, 0.0)	(145, 0.0)	(150, 0.0)	(155, 0.0)	(160, 0.0)	(165, 0.0)	(170, 0.0)	(175, 0.0)	(180, 0.0)	(185, 0.0)	(190, 0.000457029687886809)	(195, 0.0)	(200, 0.0)	(205, 0.0)	(210, 0.0)	(215, 0.0)	(220, 0.0006347724810387112)	(225, 0.0)	(230, 0.0)	(235, 0.0)	(240, 0.0)	(245, 0.0)	(250, 0.0)
082024-BEL-CBC-T3-1554-OANN_S14_R1_16S	(1, 0.0)	(2, 0.002474376752907662)	(3, 0.0)	(4, 0.0)	(5, 0.0)	(6, 0.0)	(7, 0.0)	(8, 0.0)	(9, 0.0)	(10, 0.0)	(15, 0.0)	(20, 0.0)	(25, 0.0)	(30, 0.0)	(35, 0.0)	(40, 0.0)	(45, 0.0)	(50, 0.0)	(55, 0.0)	(60, 0.0)	(65, 0.0)	(70, 0.0)	(75, 0.0)	(80, 0.0)	(85, 0.0)	(90, 0.00010758159795250702)	(95, 4.303263918100281e-05)	(100, 0.0)	(105, 2.1516319590501404e-05)	(110, 6.454895877150421e-05)	(115, 1.0840782462478227)	(120, 0.0014631097321540956)	(125, 0.0)	(130, 8.606527836200562e-05)	(135, 0.01056451291893619)	(140, 0.0)	(145, 0.0)	(150, 0.0)	(155, 0.0)	(160, 0.0)	(165, 0.0)	(170, 0.0)	(175, 0.0)	(180, 0.0)	(185, 0.0)	(190, 0.00015061423713350985)	(195, 0.0)	(200, 0.0)	(205, 0.0)	(210, 0.0)	(215, 0.0)	(220, 0.0003873023359494889)	(225, 0.0)	(230, 0.0)	(235, 0.0)	(240, 0.0)	(245, 0.0)	(250, 0.0)
082024-BEL-CBC-T3-1558-MCAV_S34_R1_16S	(1, 0.0)	(2, 0.0072028163011737594)	(3, 0.0)	(4, 0.0)	(5, 0.0)	(6, 0.0)	(7, 0.0)	(8, 0.0)	(9, 0.0)	(10, 0.0)	(15, 0.0)	(20, 0.0)	(25, 0.0)	(30, 0.0)	(35, 0.0)	(40, 0.0)	(45, 0.0)	(50, 0.0)	(55, 0.0)	(60, 0.0)	(65, 0.0)	(70, 0.0)	(75, 0.0)	(80, 0.0)	(85, 0.0)	(90, 6.002346917644799e-05)	(95, 0.0)	(100, 0.0)	(105, 0.0)	(110, 0.0)	(115, 1.0896660594292369)	(120, 0.0010804224451760637)	(125, 0.00012004693835289598)	(130, 0.00024009387670579195)	(135, 0.02472966930069657)	(140, 0.0)	(145, 0.0)	(150, 0.0)	(155, 0.0)	(160, 0.0)	(165, 0.0)	(170, 0.0)	(175, 0.0)	(180, 0.0)	(185, 0.0)	(190, 0.00024009387670579195)	(195, 0.0)	(200, 0.0)	(205, 0.0)	(210, 0.0)	(215, 0.0)	(220, 0.00030012166932474427)	(225, 0.0)	(230, 0.0)	(235, 0.0)	(240, 0.0)	(245, 0.0)	(250, 0.0)
082024-BEL-CBC-T3-1560-PSTR_S54_R1_16S	(1, 0.0)	(2, 0.0026609770139967392)	(3, 0.0)	(4, 0.0007257210038172925)	(5, 0.0)	(6, 0.0)	(7, 0.0)	(8, 0.0)	(9, 0.0)	(10, 0.0)	(15, 0.0)	(20, 0.0)	(25, 0.0)	(30, 0.0)	(35, 0.0)	(40, 0.0)	(45, 0.0)	(50, 0.0)	(55, 0.0)	(60, 0.0)	(65, 0.0)	(70, 0.0)	(75, 0.0)	(80, 0.0)	(85, 0.0)	(90, 0.0)	(95, 0.0)	(100, 0.0)	(105, 0.0)	(110, 9.676280050897233e-05)	(115, 1.0837917471007446)	(120, 0.0021771630114518774)	(125, 9.676280050897233e-05)	(130, 0.0003386698017814032)	(135, 0.017223778490597075)	(140, 0.0)	(145, 0.0)	(150, 0.0)	(155, 0.0)	(160, 0.0)	(165, 0.0)	(170, 0.0)	(175, 0.0)	(180, 0.0)	(185, 0.0)	(190, 4.838140025448617e-05)	(195, 0.0)	(200, 0.0)	(205, 0.0)	(210, 0.0)	(215, 0.0)	(220, 0.00014514729063229062)	(225, 0.0)	(230, 0.0)	(235, 0.0)	(240, 0.0)	(245, 0.0)	(250, 0.0)
082024-BEL-CBC-T3-1561-MCAV_S38_R1_16S	(1, 0.0)	(2, 0.0063854242050146864)	(3, 0.0)	(4, 0.0)	(5, 0.0)	(6, 0.0)	(7, 0.0)	(8, 0.0)	(9, 0.0)	(10, 0.0)	(15, 0.0)	(20, 0.0)	(25, 0.0)	(30, 0.0)	(35, 0.0)	(40, 0.0)	(45, 0.0)	(50, 0.0)	(55, 0.0)	(60, 0.0)	(65, 0.0)	(70, 0.0)	(75, 0.0)	(80, 0.0)	(85, 0.0)	(90, 4.729943855566435e-05)	(95, 0.0)	(100, 0.0)	(105, 0.0)	(110, 0.0003783955084453148)	(115, 1.087177595201945)	(120, 0.0018446781036709095)	(125, 0.0)	(130, 0.00023649719277832172)	(135, 0.02908915471173357)	(140, 0.0)	(145, 0.0)	(150, 0.0)	(155, 0.0)	(160, 0.0)	(165, 0.0)	(170, 0.0)	(175, 0.0)	(180, 0.0)	(185, 0.0)	(190, 0.0001891977542226574)	(195, 0.0)	(200, 0.0)	(205, 0.0)	(210, 0.0)	(215, 0.0)	(220, 0.0002838083101911307)	(225, 0.0)	(230, 0.0)	(235, 0.0)	(240, 0.0)	(245, 0.0)	(250, 0.0)
082024-BEL-CBC-T3-1562-OFAV_S31_R1_16S	(1, 0.0)	(2, 0.0040407972462121)	(3, 0.0)	(4, 9.253734151630762e-05)	(5, 0.0)	(6, 0.0)	(7, 1.542289025271794e-05)	(8, 4.626867075815381e-05)	(9, 0.0)	(10, 0.0)	(15, 0.0)	(20, 0.0)	(25, 0.0)	(30, 0.0)	(35, 0.0)	(40, 0.0)	(45, 0.0)	(50, 0.0)	(55, 0.0)	(60, 0.0)	(65, 0.0)	(70, 0.0)	(75, 0.0)	(80, 0.0)	(85, 0.0)	(90, 0.00012955227812283068)	(95, 3.084578050543588e-05)	(100, 5.5522404909784577e-05)	(105, 3.7014936606523047e-05)	(110, 1.542289025271794e-05)	(115, 1.0910461022577722)	(120, 0.00014189059032500504)	(125, 7.711445126358968e-05)	(130, 0.00016348263667881013)	(135, 0.015774532150479907)	(140, 6.169156101087175e-06)	(145, 0.00010487565371848196)	(150, 9.253734151630762e-05)	(155, 0.0)	(160, 0.0)	(165, 0.0)	(170, 0.0)	(175, 0.0)	(180, 0.0)	(185, 0.0)	(190, 0.0003022886769262621)	(195, 0.0)	(200, 0.0)	(205, 0.0)	(210, 0.0)	(215, 2.1592365383786096e-05)	(220, 0.0005274755538215697)	(225, 0.0)	(230, 1.5158190497072687e-05)	(235, 0.0)	(240, 0.0)	(245, 0.0)	(250, 0.0)
082024-BEL-CBC-T4-1606-PSTR_S25_R1_16S	(1, 0.0)	(2, 0.005316703518719487)	(3, 0.0)	(4, 0.0)	(5, 0.0)	(6, 0.00031274726580702867)	(7, 0.0)	(8, 0.0)	(9, 0.0)	(10, 0.0)	(15, 0.0)	(20, 0.0)	(25, 0.0)	(30, 0.0)	(35, 0.0)	(40, 0.0)	(45, 0.0)	(50, 0.0)	(55, 0.0)	(60, 0.0)	(65, 0.0)	(70, 0.0)	(75, 0.0)	(80, 0.0)	(85, 0.0)	(90, 0.00012509890632281148)	(95, 0.0)	(100, 0.00012509890632281148)	(105, 0.00031274726580702867)	(110, 0.00018764835948421722)	(115, 1.0970548589978952)	(120, 6.254945316140574e-05)	(125, 0.0)	(130, 0.00025019781264562296)	(135, 0.03171257275283271)	(140, 0.0)	(145, 0.0)	(150, 0.0)	(155, 0.0)	(160, 0.0)	(165, 0.0)	(170, 0.0)	(175, 0.0)	(180, 0.0)	(185, 0.0)	(190, 0.00012509890632281148)	(195, 0.0)	(200, 0.0)	(205, 0.0)	(210, 0.0)	(215, 0.0)	(220, 0.000187653054522595)	(225, 0.0)	(230, 0.0)	(235, 0.0)	(240, 0.0)	(245, 0.0)	(250, 0.0)
082024-BEL-CBC-T4-1607-PSTR_S90_R1_16S	(1, 0.0)	(2, 0.0)	(3, 0.0)	(4, 0.0)	(5, 0.0)	(6, 0.0)	(7, 0.0)	(8, 0.0)	(9, 0.0)	(10, 0.0)	(15, 0.0)	(20, 0.0)	(25, 0.0)	(30, 0.0)	(35, 0.0)	(40, 0.0)	(45, 0.0)	(50, 0.0)	(55, 0.0)	(60, 0.0)	(65, 0.0)	(70, 0.0)	(75, 0.0)	(80, 0.0)	(85, 0.0)	(90, 0.0)	(95, 0.0)	(100, 0.0)	(105, 0.0)	(110, 0.000895669438265984)	(115, 1.0739076564809147)	(120, 0.0)	(125, 0.0)	(130, 0.0023884518353759574)	(135, 0.02567585723029154)	(140, 0.0)	(145, 0.0)	(150, 0.0)	(155, 0.0)	(160, 0.0)	(165, 0.0)	(170, 0.0)	(175, 0.0)	(180, 0.0)	(185, 0.0)	(190, 0.0)	(195, 0.0)	(200, 0.0)	(205, 0.0)	(210, 0.0)	(215, 0.0)	(220, 0.0)	(225, 0.0)	(230, 0.0)	(235, 0.0)	(240, 0.0)	(245, 0.0)	(250, 0.0)
082024-BEL-CBC-T4-1609-OFAV_S12_R1_16S	(1, 0.0)	(2, 0.002540299308225692)	(3, 0.0)	(4, 0.00010161197232902769)	(5, 0.0)	(6, 0.00010161197232902769)	(7, 0.0)	(8, 0.0)	(9, 0.0)	(10, 0.0)	(15, 0.0)	(20, 0.0)	(25, 0.0)	(30, 0.0)	(35, 0.0)	(40, 0.0)	(45, 0.0)	(50, 0.0)	(55, 0.0)	(60, 0.0)	(65, 0.0)	(70, 0.0)	(75, 0.0)	(80, 0.0)	(85, 0.0)	(90, 0.00014225676126063876)	(95, 0.0)	(100, 0.0)	(105, 0.0)	(110, 0.0)	(115, 1.0879593877268996)	(120, 0.0020119170521147485)	(125, 0.00012193436679483324)	(130, 0.0002845135225212775)	(135, 0.006929936512839689)	(140, 0.0)	(145, 0.0)	(150, 0.0)	(155, 0.0)	(160, 0.0)	(165, 0.0)	(170, 0.0)	(175, 0.0)	(180, 0.0)	(185, 0.0)	(190, 0.00022354633912386094)	(195, 0.0)	(200, 0.0)	(205, 0.0)	(210, 0.0)	(215, 0.0)	(220, 0.0003048385808585352)	(225, 0.0)	(230, 0.0)	(235, 0.0)	(240, 0.0)	(245, 0.0)	(250, 0.0)
092023-BEL-CBC-T1-171-PAST_S42_R1_16S	(1, 0.0)	(2, 0.0014135474386520411)	(3, 0.0)	(4, 0.0)	(5, 0.0)	(6, 0.000201935348378863)	(7, 0.000403870696757726)	(8, 0.0)	(9, 0.0)	(10, 0.0)	(15, 0.0)	(20, 0.0)	(25, 0.0)	(30, 0.0)	(35, 0.0)	(40, 0.0)	(45, 0.0)	(50, 0.0)	(55, 0.0)	(60, 0.0)	(65, 0.0)	(70, 0.0)	(75, 0.0)	(80, 0.0)	(85, 0.0)	(90, 0.00016154860492682856)	(95, 0.0)	(100, 0.0)	(105, 0.0)	(110, 0.0004846458147804857)	(115, 1.1069310409586295)	(120, 0.0)	(125, 0.0006461944197073143)	(130, 0.00020193575615853573)	(135, 0.03327901261492669)	(140, 0.0)	(145, 0.0)	(150, 0.0)	(155, 0.0)	(160, 0.0)	(165, 0.0)	(170, 0.0)	(175, 0.0)	(180, 0.0)	(185, 0.0)	(190, 0.00024232290739024286)	(195, 0.0)	(200, 0.0)	(205, 0.0)	(210, 0.0)	(215, 0.0)	(220, 0.00040388032056788806)	(225, 0.0)	(230, 0.0)	(235, 0.0)	(240, 0.0013666803334700013)	(245, 0.0)	(250, 0.0)
092023-BEL-CBC-T1-175-PAST_S7_R1_16S	(1, 0.0)	(2, 0.0008622622311897493)	(3, 0.0)	(4, 0.00021556555779743734)	(5, 0.0)	(6, 0.0)	(7, 0.0)	(8, 0.0)	(9, 0.0)	(10, 0.0)	(15, 0.0)	(20, 0.0)	(25, 0.0)	(30, 0.0)	(35, 0.0)	(40, 0.0)	(45, 0.0)	(50, 0.0)	(55, 0.0)	(60, 0.0)	(65, 0.0)	(70, 0.0)	(75, 0.0)	(80, 0.0)	(85, 0.0)	(90, 0.00017245244623794988)	(95, 0.0)	(100, 0.0)	(105, 0.0)	(110, 0.0014658457930225742)	(115, 1.0901150257816408)	(120, 0.0005604704502733371)	(125, 0.00021556555779743734)	(130, 0.0014658457930225742)	(135, 0.03962094952316899)	(140, 0.0)	(145, 0.0)	(150, 0.0)	(155, 0.0)	(160, 0.0)	(165, 0.0)	(170, 0.0)	(175, 0.0)	(180, 0.0)	(185, 0.0)	(190, 0.0003017917809164123)	(195, 0.0)	(200, 0.0)	(205, 0.0)	(210, 4.3113241671707323e-05)	(215, 0.0)	(220, 0.000517367822222069)	(225, 0.0)	(230, 0.0)	(235, 0.0)	(240, 0.0)	(245, 0.0)	(250, 0.0)
092023-BEL-CBC-T2-174-SSID_S46_R1_16S	(1, 0.0)	(2, 0.0005609720523723508)	(3, 0.0)	(4, 0.00018699068412411695)	(5, 0.0)	(6, 0.0)	(7, 0.00018699068412411695)	(8, 0.0)	(9, 0.0)	(10, 0.0)	(15, 0.0)	(20, 0.0)	(25, 0.0)	(30, 0.0)	(35, 0.0)	(40, 0.0)	(45, 0.0)	(50, 0.0)	(55, 0.0)	(60, 0.0)	(65, 0.0)	(70, 0.0)	(75, 0.0)	(80, 0.0)	(85, 0.0)	(90, 0.00018699068412411695)	(95, 0.0)	(100, 0.0)	(105, 0.0)	(110, 0.0007853608733212911)	(115, 1.1413163396199602)	(120, 0.0004113795050730573)	(125, 0.0)	(130, 3.7398136824823386e-05)	(135, 0.02902095417606295)	(140, 0.0)	(145, 0.0)	(150, 0.0)	(155, 0.0)	(160, 0.0)	(165, 0.0)	(170, 0.0)	(175, 0.0)	(180, 0.0)	(185, 0.0)	(190, 0.00014959254729929355)	(195, 0.0)	(200, 0.0)	(205, 0.0)	(210, 0.0)	(215, 0.0)	(220, 0.00029918912268025587)	(225, 0.0)	(230, 0.0)	(235, 0.0)	(240, 0.0)	(245, 0.0)	(250, 0.0)
092023-BEL-CBC-T2-181-PAST_S63_R1_16S	(1, 0.0)	(2, 0.003349116526157755)	(3, 0.0)	(4, 0.00011548677676406051)	(5, 0.0)	(6, 0.00011548677676406051)	(7, 0.00011548677676406051)	(8, 0.0)	(9, 0.0)	(10, 0.0)	(15, 0.0)	(20, 0.0)	(25, 0.0)	(30, 0.0)	(35, 0.0)	(40, 0.0)	(45, 0.0)	(50, 0.0)	(55, 0.0)	(60, 0.0)	(65, 0.0)	(70, 0.0)	(75, 0.0)	(80, 0.0)	(85, 0.0)	(90, 0.00013858413211687262)	(95, 9.238942141124841e-05)	(100, 9.238942141124841e-05)	(105, 2.3097355352812103e-05)	(110, 0.0)	(115, 1.0940062362859453)	(120, 0.001824691072872156)	(125, 0.00013858413211687262)	(130, 0.00020787619817530894)	(135, 0.01187204065134542)	(140, 2.3097355352812103e-05)	(145, 0.0003002656195865573)	(150, 0.00023097355352812103)	(155, 0.0)	(160, 0.0)	(165, 0.0)	(170, 0.0)	(175, 0.0)	(180, 0.0)	(185, 0.0)	(190, 0.00023097355352812103)	(195, 0.0)	(200, 0.0)	(205, 0.0)	(210, 0.0)	(215, 4.619497745107663e-05)	(220, 0.00034646313112590124)	(225, 0.0)	(230, 0.0)	(235, 0.0)	(240, 0.0)	(245, 0.0)	(250, 0.0)
092023-BEL-CBC-T2-184-MCAV_S37_R1_16S	(1, 0.0)	(2, 0.002817544525314613)	(3, 0.0)	(4, 0.00012807020569611876)	(5, 2.5614041139223754e-05)	(6, 5.122808227844751e-05)	(7, 4.269006856537292e-05)	(8, 0.0)	(9, 0.0)	(10, 0.0)	(15, 0.0)	(20, 0.0)	(25, 0.0)	(30, 0.0)	(35, 0.0)	(40, 0.0)	(45, 0.0)	(50, 0.0)	(55, 0.0)	(60, 0.0)	(65, 0.0)	(70, 6.830410970459668e-06)	(75, 0.0)	(80, 0.0)	(85, 0.0)	(90, 9.904095907166518e-05)	(95, 0.0)	(100, 1.707602742614917e-06)	(105, 8.538014587846812e-06)	(110, 1.7076030342056793e-05)	(115, 1.0857810969027155)	(120, 0.002006433565191673)	(125, 0.00017759071555739067)	(130, 8.708777110273729e-05)	(135, 0.013701811425917325)	(140, 0.0)	(145, 0.0)	(150, 0.0)	(155, 0.0)	(160, 0.0)	(165, 0.0)	(170, 0.0)	(175, 0.0)	(180, 0.0)	(185, 0.0)	(190, 0.00012465506406928774)	(195, 0.0)	(200, 0.0)	(205, 0.0)	(210, 0.0)	(215, 0.0)	(220, 0.0001997926118536376)	(225, 0.0)	(230, 0.0)	(235, 0.0)	(240, 0.00016269527500382334)	(245, 0.0)	(250, 0.0)
092023-BEL-CBC-T3-171-OFAV_S78_R1_16S	(1, 0.0)	(2, 0.0014114958059105657)	(3, 0.0)	(4, 0.00014601680750798954)	(5, 0.0)	(6, 9.734453833865971e-05)	(7, 0.0)	(8, 9.734453833865971e-05)	(9, 0.0)	(10, 0.0)	(15, 0.0)	(20, 0.0)	(25, 0.0)	(30, 0.0)	(35, 0.0)	(40, 0.0)	(45, 0.0)	(50, 0.0)	(55, 0.0)	(60, 0.0)	(65, 0.0)	(70, 0.0)	(75, 0.0)	(80, 0.0)	(85, 0.0)	(90, 0.0001265478998402576)	(95, 0.0)	(100, 1.946890766773194e-05)	(105, 5.840672300319582e-05)	(110, 1.946890766773194e-05)	(115, 1.1179338816426696)	(120, 0.0002238924381789173)	(125, 5.840672300319582e-05)	(130, 0.0001265478998402576)	(135, 0.006210581546006489)	(140, 0.0)	(145, 0.0)	(150, 0.0)	(155, 0.0)	(160, 0.0)	(165, 0.0)	(170, 0.0)	(175, 0.0)	(180, 0.0)	(185, 0.0)	(190, 0.00018495462284345344)	(195, 0.0)	(200, 0.0)	(205, 0.0)	(210, 0.0)	(215, 0.0)	(220, 0.0003601808575166386)	(225, 0.0)	(230, 0.0)	(235, 0.0)	(240, 0.0)	(245, 0.0)	(250, 0.0)
092023-BEL-CBC-T3-173-OFAV_S84_R1_16S	(1, 0.0)	(2, 0.0010422588592003033)	(3, 0.0)	(4, 0.0003316278188364601)	(5, 4.737540269092287e-05)	(6, 0.0)	(7, 4.737540269092287e-05)	(8, 0.00023687701345461435)	(9, 0.0)	(10, 0.0)	(15, 0.0)	(20, 0.0)	(25, 0.0)	(30, 0.0)	(35, 0.0)	(40, 0.0)	(45, 0.0)	(50, 0.0)	(55, 0.0)	(60, 0.0)	(65, 0.0)	(70, 9.475080538184574e-06)	(75, 0.0)	(80, 0.0)	(85, 0.0)	(90, 0.00019897669130187605)	(95, 0.0)	(100, 1.8950161076369148e-05)	(105, 5.685048322910745e-05)	(110, 0.0012222853894258102)	(115, 1.0983323858252796)	(120, 0.0004169035436801213)	(125, 0.00023687701345461435)	(130, 0.0001421262080727686)	(135, 0.005599772598067084)	(140, 0.0)	(145, 0.0)	(150, 0.0)	(155, 0.0)	(160, 0.0)	(165, 0.0)	(170, 0.0)	(175, 0.0)	(180, 0.0)	(185, 0.0)	(190, 0.00012317604699639946)	(195, 0.0)	(200, 0.0)	(205, 0.0)	(210, 0.0)	(215, 0.0)	(220, 0.00022740869872383922)	(225, 0.0)	(230, 0.0)	(235, 0.0)	(240, 0.0)	(245, 0.0)	(250, 0.0)
092023-BEL-CBC-T3-178-PAST_S74_R1_16S	(1, 0.0)	(2, 0.0027803439791019235)	(3, 0.0)	(4, 0.00012637927177736017)	(5, 0.0)	(6, 0.0)	(7, 0.0)	(8, 0.0)	(9, 0.0)	(10, 0.0)	(15, 0.0)	(20, 0.0)	(25, 0.0)	(30, 0.0)	(35, 0.0)	(40, 0.0)	(45, 0.0)	(50, 0.0)	(55, 0.0)	(60, 0.0)	(65, 0.0)	(70, 0.0)	(75, 0.0)	(80, 0.0)	(85, 0.0)	(90, 0.00012637927177736017)	(95, 0.0)	(100, 0.0)	(105, 0.0)	(110, 0.0)	(115, 1.1021030774616472)	(120, 7.58275630664161e-05)	(125, 0.00025275854355472034)	(130, 0.00017693098048830424)	(135, 0.01304234084742357)	(140, 0.0)	(145, 0.0)	(150, 0.0)	(155, 0.0)	(160, 0.0)	(165, 0.0)	(170, 0.0)	(175, 0.0)	(180, 0.0)	(185, 0.0)	(190, 7.58275630664161e-05)	(195, 0.0)	(200, 0.0)	(205, 0.0)	(210, 0.0)	(215, 0.0)	(220, 0.00032859424601143456)	(225, 0.0)	(230, 0.0)	(235, 0.0)	(240, 0.0)	(245, 0.0)	(250, 0.0)
092023-BEL-CBC-T3-195-PSTR_S66_R1_16S	(1, 0.0)	(2, 0.005421817393190197)	(3, 0.0)	(4, 0.0)	(5, 0.0)	(6, 0.0)	(7, 0.0)	(8, 0.0)	(9, 0.0)	(10, 0.0)	(15, 0.0)	(20, 0.0)	(25, 0.0)	(30, 0.0)	(35, 0.0)	(40, 0.0)	(45, 0.0)	(50, 0.0)	(55, 0.0)	(60, 0.0)	(65, 0.0)	(70, 0.0)	(75, 0.0)	(80, 0.0)	(85, 0.0)	(90, 0.0)	(95, 0.0)	(100, 0.0)	(105, 0.0)	(110, 0.0)	(115, 1.1219547458974914)	(120, 0.0)	(125, 0.0)	(130, 0.0)	(135, 0.023133087544278178)	(140, 0.0)	(145, 0.0)	(150, 0.0)	(155, 0.0)	(160, 0.0)	(165, 0.0)	(170, 0.0)	(175, 0.0)	(180, 0.0)	(185, 0.0)	(190, 0.0)	(195, 0.0)	(200, 0.0)	(205, 0.0)	(210, 0.0)	(215, 0.0)	(220, 0.0003614623320103812)	(225, 0.0)	(230, 0.0)	(235, 0.0)	(240, 0.0)	(245, 0.0)	(250, 0.0)
092023-BEL-CBC-T4-92-PSTR_S43_R1_16S	(1, 0.0)	(2, 0.0018010067627803944)	(3, 0.0)	(4, 0.0009005033813901972)	(5, 0.0)	(6, 0.0)	(7, 0.0)	(8, 0.0009005033813901972)	(9, 0.0)	(10, 0.0)	(15, 0.0)	(20, 0.0)	(25, 0.0)	(30, 0.0)	(35, 0.0)	(40, 0.0)	(45, 0.0)	(50, 0.0)	(55, 0.0)	(60, 0.0)	(65, 0.0)	(70, 0.0)	(75, 0.0)	(80, 0.0)	(85, 0.0)	(90, 0.0007204027051121577)	(95, 0.0)	(100, 0.0)	(105, 0.0)	(110, 0.0)	(115, 1.1115813739880593)	(120, 0.0)	(125, 0.0)	(130, 0.0)	(135, 0.06411584075498203)	(140, 0.0)	(145, 0.0)	(150, 0.0)	(155, 0.0)	(160, 0.0)	(165, 0.0)	(170, 0.0)	(175, 0.0)	(180, 0.0)	(185, 0.0)	(190, 0.0)	(195, 0.0)	(200, 0.0)	(205, 0.0)	(210, 0.0)	(215, 0.0)	(220, 0.0)	(225, 0.0)	(230, 0.0)	(235, 0.0)	(240, 0.0)	(245, 0.0)	(250, 0.0)
092023-BEL-CBC-T4-94-MCAV_S85_R1_16S	(1, 0.0)	(2, 0.00166858554003771)	(3, 0.0)	(4, 0.00013904879500314251)	(5, 0.0)	(6, 0.0)	(7, 0.00013904879500314251)	(8, 0.0)	(9, 0.0)	(10, 0.0)	(15, 0.0)	(20, 0.0)	(25, 0.0)	(30, 0.0)	(35, 0.0)	(40, 0.0)	(45, 0.0)	(50, 0.0)	(55, 0.0)	(60, 0.0)	(65, 0.0)	(70, 0.0)	(75, 0.0)	(80, 0.0)	(85, 0.0)	(90, 0.00011123903600251401)	(95, 0.0)	(100, 5.5619518001257005e-05)	(105, 0.0)	(110, 0.001223629396027654)	(115, 1.090754367522651)	(120, 0.00027809759000628503)	(125, 0.00022247807200502802)	(130, 0.0008064830110182266)	(135, 0.012709059863287225)	(140, 0.0)	(145, 0.0)	(150, 0.0)	(155, 0.0)	(160, 0.0)	(165, 0.0)	(170, 0.0)	(175, 0.0)	(180, 0.0)	(185, 0.0)	(190, 8.34292770018855e-05)	(195, 0.0)	(200, 0.0)	(205, 0.0)	(210, 0.0)	(215, 0.0)	(220, 8.343117956670295e-05)	(225, 0.0)	(230, 0.0)	(235, 0.0)	(240, 0.0)	(245, 0.0)	(250, 0.0)
102019-BEL-CBC-T1-29-PSTR_S22_R1_16S	(1, 0.0)	(2, 0.0019050013906510151)	(3, 0.0)	(4, 0.00038100027813020305)	(5, 0.0)	(6, 0.0)	(7, 0.0)	(8, 0.0)	(9, 0.0)	(10, 0.0)	(15, 0.0)	(20, 0.0)	(25, 0.0)	(30, 0.0)	(35, 0.0)	(40, 0.0)	(45, 0.0)	(50, 0.0)	(55, 0.0)	(60, 0.0)	(65, 0.0)	(70, 3.8100027813020304e-05)	(75, 0.0)	(80, 0.0)	(85, 0.0)	(90, 0.0)	(95, 0.0)	(100, 7.620005562604061e-05)	(105, 7.620005562604061e-05)	(110, 0.0013335009734557106)	(115, 1.138886031386803)	(120, 0.0003429002503171827)	(125, 0.00030480022250416243)	(130, 0.000495300361569264)	(135, 0.007658105590417081)	(140, 0.0)	(145, 0.0)	(150, 0.0)	(155, 0.0)	(160, 0.0)	(165, 0.0)	(170, 0.0)	(175, 0.0)	(180, 0.0)	(185, 0.0)	(190, 0.00011430008343906092)	(195, 0.0)	(200, 0.0)	(205, 0.0)	(210, 0.0)	(215, 0.0)	(220, 0.0002667030398812486)	(225, 0.0)	(230, 0.0)	(235, 0.0)	(240, 0.0)	(245, 0.0)	(250, 0.0)
112023-BEL-CBC-T1-276-MCAV_S26_R1_16S	(1, 0.0)	(2, 0.006520179956966812)	(3, 0.0)	(4, 0.0)	(5, 0.0)	(6, 0.0)	(7, 0.0)	(8, 0.0)	(9, 0.0)	(10, 0.0)	(15, 0.0)	(20, 0.0)	(25, 0.0)	(30, 0.0)	(35, 0.0)	(40, 0.0)	(45, 0.0)	(50, 0.0)	(55, 0.0)	(60, 0.0)	(65, 0.0)	(70, 0.0)	(75, 0.0)	(80, 0.0)	(85, 0.0)	(90, 0.0)	(95, 0.0)	(100, 0.0)	(105, 0.0)	(110, 0.0)	(115, 1.1053483257956103)	(120, 0.0)	(125, 0.00023709745298061138)	(130, 0.0005927436324515284)	(135, 0.04433722370737432)	(140, 0.0)	(145, 0.0)	(150, 0.0)	(155, 0.0)	(160, 0.0)	(165, 0.0)	(170, 0.0)	(175, 0.0)	(180, 0.0)	(185, 0.0)	(190, 0.00023709745298061138)	(195, 0.0)	(200, 0.0)	(205, 0.0)	(210, 0.0)	(215, 0.0)	(220, 0.00023710166919575115)	(225, 0.0)	(230, 0.0)	(235, 0.0)	(240, 0.0)	(245, 0.0)	(250, 0.0)
112023-BEL-CBC-T2-304-OFAV_S72_R1_16S	(1, 0.0)	(2, 0.0025618503879373446)	(3, 0.0)	(4, 0.00024398575123212805)	(5, 0.0)	(6, 0.0)	(7, 0.0)	(8, 0.0)	(9, 0.0)	(10, 0.0)	(15, 0.0)	(20, 0.0)	(25, 0.0)	(30, 0.0)	(35, 0.0)	(40, 0.0)	(45, 0.0)	(50, 0.0)	(55, 0.0)	(60, 0.0)	(65, 0.0)	(70, 0.0)	(75, 0.0)	(80, 0.0)	(85, 0.0)	(90, 4.879715024642561e-05)	(95, 0.0)	(100, 4.879715024642561e-05)	(105, 0.0)	(110, 0.0)	(115, 1.1067193675889329)	(120, 0.00019518860098570245)	(125, 4.879715024642561e-05)	(130, 0.00021958717610891522)	(135, 0.011442931732786805)	(140, 0.0)	(145, 0.0)	(150, 0.0)	(155, 0.0)	(160, 0.0)	(165, 0.0)	(170, 0.0)	(175, 0.0)	(180, 0.0)	(185, 0.0)	(190, 0.00021958717610891522)	(195, 0.0)	(200, 0.0)	(205, 0.0)	(210, 0.0)	(215, 0.0)	(220, 0.0003903834883399772)	(225, 0.0)	(230, 0.0)	(235, 0.0)	(240, 0.0)	(245, 0.0)	(250, 0.0)
112023-BEL-CBC-T2-307-SSID_S62_R1_16S	(1, 0.0)	(2, 0.0024688977664704876)	(3, 0.0)	(4, 0.00011756656030811844)	(5, 0.0)	(6, 0.0)	(7, 0.0)	(8, 0.0)	(9, 0.0)	(10, 0.0)	(15, 0.0)	(20, 0.0)	(25, 0.0)	(30, 0.0)	(35, 0.0)	(40, 0.0)	(45, 0.0)	(50, 0.0)	(55, 0.0)	(60, 0.0)	(65, 0.0)	(70, 0.0)	(75, 0.0)	(80, 0.0)	(85, 0.0)	(90, 9.405324824649475e-05)	(95, 0.0)	(100, 0.0)	(105, 0.0)	(110, 0.0)	(115, 1.1014575902147)	(120, 0.01453122685408344)	(125, 4.7026624123247373e-05)	(130, 0.0001645931844313658)	(135, 0.008629385526615895)	(140, 0.0)	(145, 0.0)	(150, 0.0)	(155, 0.0)	(160, 0.0)	(165, 0.0)	(170, 0.0)	(175, 0.0)	(180, 0.0)	(185, 0.0)	(190, 0.0002116198085546132)	(195, 2.3513312061623687e-05)	(200, 0.0)	(205, 0.0)	(210, 0.0)	(215, 0.0)	(220, 0.0003997319444607734)	(225, 2.3513925769828297e-05)	(230, 0.0)	(235, 0.0)	(240, 0.0)	(245, 0.0)	(250, 0.0)
112023-BEL-CBC-T2-310-MCAV_S55_R1_16S	(1, 0.0)	(2, 0.0044957001838955455)	(3, 0.0)	(4, 0.00042816192227576626)	(5, 0.0)	(6, 0.0)	(7, 0.00021408096113788313)	(8, 0.0)	(9, 0.0)	(10, 0.0)	(15, 0.0)	(20, 0.0)	(25, 0.0)	(30, 0.0)	(35, 0.0)	(40, 0.0)	(45, 0.0)	(50, 0.0)	(55, 0.0)	(60, 0.0)	(65, 0.0)	(70, 0.0)	(75, 0.0)	(80, 0.0)	(85, 0.0)	(90, 8.563238445515326e-05)	(95, 0.0)	(100, 0.0)	(105, 0.0)	(110, 0.0)	(115, 1.0776835583681037)	(120, 0.0015413829201927584)	(125, 0.00042816192227576626)	(130, 0.0001712647689103065)	(135, 0.015499461586382737)	(140, 0.0)	(145, 0.0)	(150, 0.0)	(155, 0.0)	(160, 0.0)	(165, 0.0)	(170, 0.0)	(175, 0.0)	(180, 0.0)	(185, 0.0)	(190, 0.0002568971533654597)	(195, 0.0)	(200, 0.0)	(205, 0.0)	(210, 0.0)	(215, 0.0)	(220, 0.00025689924326046244)	(225, 0.0)	(230, 0.0)	(235, 0.0)	(240, 0.0)	(245, 0.0)	(250, 0.0)
112023-BEL-CBC-T3-352-PAST_S30_R1_16S	(1, 0.0)	(2, 0.003469544672626076)	(3, 0.0)	(4, 0.00011192079589116375)	(5, 0.0)	(6, 0.0)	(7, 0.0)	(8, 0.0)	(9, 0.0)	(10, 0.0)	(15, 0.0)	(20, 0.0)	(25, 0.0)	(30, 0.0)	(35, 0.0)	(40, 0.0)	(45, 0.0)	(50, 0.0)	(55, 0.0)	(60, 0.0)	(65, 0.0)	(70, 0.0)	(75, 0.0)	(80, 0.0)	(85, 0.0)	(90, 8.9536636712931e-05)	(95, 4.47683183564655e-05)	(100, 0.0)	(105, 4.47683183564655e-05)	(110, 2.238415917823275e-05)	(115, 1.1011887107731602)	(120, 0.0002238415917823275)	(125, 0.00013430495506939647)	(130, 0.00013430495506939647)	(135, 0.014370630192425425)	(140, 0.0)	(145, 0.0)	(150, 2.238415917823275e-05)	(155, 0.0)	(160, 0.0)	(165, 0.0)	(170, 0.0)	(175, 0.0)	(180, 0.0)	(185, 0.0)	(190, 0.00029099406931702574)	(195, 0.0)	(200, 0.0)	(205, 0.0)	(210, 2.238428945214228e-05)	(215, 0.0)	(220, 0.0004253085445605835)	(225, 0.0)	(230, 0.0)	(235, 0.0)	(240, 0.002142795920116568)	(245, 0.0)	(250, 0.0)
112023-BEL-CBC-T3-355-PSTR_S10_R1_16S	(1, 0.0)	(2, 0.0029691211401425177)	(3, 0.0)	(4, 0.0)	(5, 0.0)	(6, 0.0)	(7, 0.0)	(8, 0.0)	(9, 0.0)	(10, 0.0)	(15, 0.0)	(20, 0.0)	(25, 0.0)	(30, 0.0)	(35, 0.0)	(40, 0.0)	(45, 0.0)	(50, 0.0)	(55, 0.0)	(60, 0.0)	(65, 0.0)	(70, 0.0)	(75, 0.0)	(80, 0.0)	(85, 0.0)	(90, 0.0001979414093428345)	(95, 0.0)	(100, 0.0)	(105, 0.0)	(110, 0.0)	(115, 1.0734362628661918)	(120, 0.00217735550277118)	(125, 0.0)	(130, 0.0)	(135, 0.011876484560570071)	(140, 0.0)	(145, 0.0)	(150, 0.0)	(155, 0.0)	(160, 0.0)	(165, 0.0)	(170, 0.0)	(175, 0.0)	(180, 0.0)	(185, 0.0)	(190, 0.0001979414093428345)	(195, 0.0)	(200, 0.0)	(205, 0.0)	(210, 0.0)	(215, 0.0)	(220, 0.00019794924581337345)	(225, 0.0)	(230, 0.0)	(235, 0.0)	(240, 0.0)	(245, 0.0)	(250, 0.0)
112023-BEL-CBC-T4-399-MCAV_S9_R1_16S	(1, 0.0)	(2, 0.003752922588465768)	(3, 0.0)	(4, 0.0)	(5, 0.0)	(6, 0.0)	(7, 0.0)	(8, 0.0)	(9, 0.0)	(10, 0.0)	(15, 0.0)	(20, 0.0)	(25, 0.0)	(30, 0.0)	(35, 0.0)	(40, 0.0)	(45, 0.0)	(50, 0.0)	(55, 0.0)	(60, 0.0)	(65, 0.0)	(70, 0.0)	(75, 0.0)	(80, 0.0)	(85, 0.0)	(90, 0.0)	(95, 0.0)	(100, 0.0)	(105, 0.0)	(110, 0.0)	(115, 1.085570387939608)	(120, 0.001501169035386307)	(125, 0.00022517535530794608)	(130, 0.0005254091623852074)	(135, 0.01838932068348226)	(140, 0.0)	(145, 0.0)	(150, 0.0)	(155, 0.0)	(160, 0.0)	(165, 0.0)	(170, 0.0)	(175, 0.0)	(180, 0.0)	(185, 0.0)	(190, 0.0001501169035386307)	(195, 0.0)	(200, 0.0)	(205, 0.0)	(210, 0.0)	(215, 0.0)	(220, 0.00022517586234849417)	(225, 0.0)	(230, 0.0)	(235, 0.0)	(240, 0.0)	(245, 0.0)	(250, 0.0)
112023-BEL-CBC-T4-401-MCAV_S53_R1_16S	(1, 0.0)	(2, 0.01342727452435745)	(3, 0.0)	(4, 0.0)	(5, 0.0)	(6, 0.0)	(7, 0.0)	(8, 0.0)	(9, 0.0)	(10, 0.0)	(15, 0.0)	(20, 0.0)	(25, 0.0)	(30, 0.0)	(35, 0.0)	(40, 0.0)	(45, 0.0)	(50, 0.0)	(55, 0.0)	(60, 0.0)	(65, 0.0)	(70, 0.0)	(75, 0.0)	(80, 0.0)	(85, 0.0)	(90, 0.0001491919391595272)	(95, 0.0)	(100, 0.0)	(105, 0.0)	(110, 0.0)	(115, 1.0733614062832184)	(120, 0.0011189395436964542)	(125, 0.0)	(130, 0.00022378790873929082)	(135, 0.027227528896613715)	(140, 0.0)	(145, 0.0)	(150, 0.0)	(155, 0.0)	(160, 0.0)	(165, 0.0)	(170, 0.0)	(175, 0.0)	(180, 0.0)	(185, 0.0)	(190, 0.00022378790873929082)	(195, 0.0)	(200, 0.0)	(205, 0.0)	(210, 0.0)	(215, 0.0)	(220, 0.00029839589824998266)	(225, 0.0)	(230, 0.0)	(235, 0.0)	(240, 0.0)	(245, 0.0)	(250, 0.0)
122022-BEL-CBC-T3-123-PAST_S20_R1_16S	(1, 0.0)	(2, 0.0011833269236458303)	(3, 0.0)	(4, 0.0)	(5, 0.0)	(6, 0.0)	(7, 0.0005916634618229152)	(8, 0.0)	(9, 0.0)	(10, 0.0)	(15, 0.0)	(20, 0.0)	(25, 0.0)	(30, 0.0)	(35, 0.0)	(40, 0.0)	(45, 0.0)	(50, 0.0)	(55, 0.0)	(60, 0.0)	(65, 0.0)	(70, 0.0)	(75, 0.0)	(80, 0.0)	(85, 0.0)	(90, 0.00011833269236458303)	(95, 0.0)	(100, 0.0)	(105, 0.0)	(110, 0.00023666538472916606)	(115, 1.0507943081974973)	(120, 0.0011833269236458303)	(125, 0.0)	(130, 0.006744963464781233)	(135, 0.034908144247551995)	(140, 0.0)	(145, 0.0)	(150, 0.0)	(155, 0.0)	(160, 0.0)	(165, 0.0)	(170, 0.0)	(175, 0.0)	(180, 0.0)	(185, 0.0)	(190, 0.0)	(195, 0.0)	(200, 0.0)	(205, 0.0)	(210, 0.0)	(215, 0.0)	(220, 0.00011833437270357358)	(225, 0.0)	(230, 0.0)	(235, 0.0)	(240, 0.0)	(245, 0.0)	(250, 0.0)
122022-BEL-CBC-T3-124-PAST_S64_R1_16S	(1, 0.0)	(2, 0.0024422272360938645)	(3, 0.0)	(4, 0.00018786363354568185)	(5, 0.0)	(6, 0.0)	(7, 0.0)	(8, 0.0)	(9, 0.0)	(10, 0.0)	(15, 0.0)	(20, 0.0)	(25, 0.0)	(30, 0.0)	(35, 0.0)	(40, 0.0)	(45, 0.0)	(50, 0.0)	(55, 0.0)	(60, 0.0)	(65, 0.0)	(70, 0.0)	(75, 0.0)	(80, 0.0)	(85, 0.0)	(90, 0.0)	(95, 0.0)	(100, 0.0)	(105, 0.0)	(110, 0.0)	(115, 1.113092028758165)	(120, 0.0011647545279832275)	(125, 7.514545341827274e-05)	(130, 0.00011271818012740911)	(135, 0.014953945230236276)	(140, 0.0)	(145, 0.0)	(150, 0.0)	(155, 0.0)	(160, 0.0)	(165, 0.0)	(170, 0.0)	(175, 0.0)	(180, 0.0)	(185, 0.0)	(190, 0.00022543636025481822)	(195, 0.0)	(200, 0.0)	(205, 0.0)	(210, 0.0)	(215, 0.0)	(220, 0.0003381559379806981)	(225, 0.0)	(230, 0.0)	(235, 0.0)	(240, 0.0)	(245, 0.0)	(250, 0.0)
122022-BEL-CBC-T3-126-SSID_S77_R1_16S	(1, 0.0)	(2, 0.0021433516447008846)	(3, 0.0)	(4, 0.0)	(5, 0.0)	(6, 0.0)	(7, 0.0)	(8, 0.0)	(9, 0.0)	(10, 0.0)	(15, 0.0)	(20, 0.0)	(25, 0.0)	(30, 0.0)	(35, 0.0)	(40, 0.0)	(45, 0.0)	(50, 0.0)	(55, 0.0)	(60, 0.0)	(65, 0.0)	(70, 0.0)	(75, 0.0)	(80, 0.0)	(85, 0.0)	(90, 0.00021433516447008847)	(95, 0.0)	(100, 0.0)	(105, 0.0)	(110, 0.0)	(115, 1.0800348937647757)	(120, 0.00021433516447008847)	(125, 0.00034293626315214153)	(130, 8.573406578803538e-05)	(135, 0.01170269998006683)	(140, 0.0)	(145, 0.0)	(150, 0.0)	(155, 0.0)	(160, 0.0)	(165, 0.0)	(170, 0.0)	(175, 0.0)	(180, 0.0)	(185, 0.0)	(190, 0.00017146813157607076)	(195, 0.0)	(200, 0.0)	(205, 0.0)	(210, 0.0)	(215, 0.0)	(220, 0.0003000790065155726)	(225, 0.0)	(230, 0.0)	(235, 0.0)	(240, 0.0034769305656966033)	(245, 0.0)	(250, 0.0)
122022-BEL-CBC-T3-127-OFAV_S32_R1_16S	(1, 0.0)	(2, 0.001922187585155737)	(3, 0.0)	(4, 0.00011306985795033745)	(5, 0.0)	(6, 0.0)	(7, 0.0)	(8, 0.0)	(9, 0.0)	(10, 0.0)	(15, 0.0)	(20, 0.0)	(25, 0.0)	(30, 0.0)	(35, 0.0)	(40, 0.0)	(45, 0.0)	(50, 0.0)	(55, 0.0)	(60, 0.0)	(65, 0.0)	(70, 0.0)	(75, 0.0)	(80, 0.0)	(85, 0.0)	(90, 9.045588636026997e-05)	(95, 0.0)	(100, 0.0)	(105, 0.0)	(110, 0.0)	(115, 1.0981118464420874)	(120, 0.002532764818087559)	(125, 0.00015829780113047243)	(130, 9.045588636026997e-05)	(135, 0.013206559408599416)	(140, 0.0)	(145, 0.0)	(150, 0.0)	(155, 0.0)	(160, 0.0)	(165, 0.0)	(170, 0.0)	(175, 0.0)	(180, 0.0)	(185, 0.0)	(190, 0.0002035257443106074)	(195, 0.0)	(200, 0.0)	(205, 0.0)	(210, 0.0)	(215, 0.0)	(220, 0.00038444716723497)	(225, 0.0)	(230, 0.0)	(235, 0.0)	(240, 0.0)	(245, 0.0)	(250, 0.0)
122022-BEL-CBC-T3-141-PSTR_S80_R1_16S	(1, 0.0)	(2, 0.001865486021291414)	(3, 0.0)	(4, 0.00015545716844095114)	(5, 0.0)	(6, 0.0)	(7, 0.0)	(8, 0.0)	(9, 0.0)	(10, 0.0)	(15, 0.0)	(20, 0.0)	(25, 0.0)	(30, 0.0)	(35, 0.0)	(40, 0.0)	(45, 0.0)	(50, 0.0)	(55, 0.0)	(60, 0.0)	(65, 0.0)	(70, 0.0)	(75, 0.0)	(80, 0.0)	(85, 0.0)	(90, 0.00012436573475276092)	(95, 0.0)	(100, 0.0)	(105, 0.0)	(110, 0.0)	(115, 1.0693310035413253)	(120, 0.0023318647767161748)	(125, 0.00012436612142486265)	(130, 0.00012436612142486265)	(135, 0.007897248710478779)	(140, 0.0)	(145, 0.0)	(150, 0.0)	(155, 0.0)	(160, 0.0)	(165, 0.0)	(170, 0.0)	(175, 0.0)	(180, 0.0)	(185, 0.0)	(190, 0.0003109153035621566)	(195, 0.0)	(200, 0.0)	(205, 0.0)	(210, 0.0)	(215, 0.0)	(220, 0.0004974743847330086)	(225, 0.0)	(230, 0.0)	(235, 0.0)	(240, 0.0)	(245, 0.0)	(250, 0.0)
122022-BEL-CBC-T3-142-MCAV_S24_R1_16S	(1, 0.0)	(2, 0.0)	(3, 0.0)	(4, 0.0)	(5, 0.0)	(6, 0.0)	(7, 0.0)	(8, 0.0)	(9, 0.0)	(10, 0.0)	(15, 0.0)	(20, 0.0)	(25, 0.0)	(30, 0.0)	(35, 0.0)	(40, 0.0)	(45, 0.0)	(50, 0.0)	(55, 0.0)	(60, 0.0)	(65, 0.0)	(70, 0.0)	(75, 0.0)	(80, 0.0)	(85, 0.0)	(90, 0.0)	(95, 0.0)	(100, 0.0)	(105, 0.0)	(110, 0.0)	(115, 1.1396653770273386)	(120, 0.0)	(125, 0.0)	(130, 0.0005124394680878321)	(135, 0.019985139255425454)	(140, 0.0)	(145, 0.0)	(150, 0.0)	(155, 0.0)	(160, 0.0)	(165, 0.0)	(170, 0.0)	(175, 0.0)	(180, 0.0)	(185, 0.0)	(190, 0.0)	(195, 0.0)	(200, 0.0)	(205, 0.0)	(210, 0.0)	(215, 0.0)	(220, 0.0)	(225, 0.0)	(230, 0.0)	(235, 0.0)	(240, 0.0)	(245, 0.0)	(250, 0.0)
122023-BEL-CBC-T1-507-PAST_S51_R1_16S	(1, 0.0)	(2, 0.0042881406808448755)	(3, 0.0)	(4, 0.0001864408991671685)	(5, 0.0)	(6, 0.0)	(7, 0.0)	(8, 0.0)	(9, 0.0)	(10, 0.0)	(15, 0.0)	(20, 0.0)	(25, 0.0)	(30, 0.0)	(35, 0.0)	(40, 0.0)	(45, 0.0)	(50, 0.0)	(55, 0.0)	(60, 0.0)	(65, 0.0)	(70, 0.0)	(75, 0.0)	(80, 0.0)	(85, 0.0)	(90, 3.72881798334337e-05)	(95, 0.0)	(100, 0.0)	(105, 0.0)	(110, 0.0)	(115, 1.085197897692421)	(120, 0.0017898326320048175)	(125, 0.0001118645395003011)	(130, 0.0001118645395003011)	(135, 0.014169508336704805)	(140, 0.0)	(145, 0.0)	(150, 0.0)	(155, 0.0)	(160, 0.0)	(165, 0.0)	(170, 0.0)	(175, 0.0)	(180, 0.0)	(185, 0.0)	(190, 0.0001118645395003011)	(195, 0.0)	(200, 0.0)	(205, 0.0)	(210, 0.0)	(215, 0.0)	(220, 0.00018644284575918967)	(225, 0.0)	(230, 0.0)	(235, 0.0)	(240, 0.0)	(245, 0.0)	(250, 0.0)
122023-BEL-CBC-T1-508-SSID_S75_R1_16S	(1, 0.0)	(2, 0.0009423272184149584)	(3, 0.0)	(4, 0.0)	(5, 0.0)	(6, 0.0)	(7, 0.0)	(8, 0.0)	(9, 0.0)	(10, 0.0)	(15, 0.0)	(20, 0.0)	(25, 0.0)	(30, 0.0)	(35, 0.0)	(40, 0.0)	(45, 0.0)	(50, 0.0)	(55, 0.0)	(60, 0.0)	(65, 0.0)	(70, 0.0)	(75, 0.0)	(80, 0.0)	(85, 0.0)	(90, 0.0)	(95, 0.0)	(100, 0.0)	(105, 0.0)	(110, 0.0)	(115, 1.108600856104278)	(120, 4.7116360920747926e-05)	(125, 0.0)	(130, 0.0003769308873659834)	(135, 0.026149580311015098)	(140, 0.0)	(145, 0.0)	(150, 0.0)	(155, 0.0)	(160, 0.0)	(165, 0.0)	(170, 0.0)	(175, 0.0)	(180, 0.0)	(185, 0.0)	(190, 0.0002355818046037396)	(195, 0.0)	(200, 0.0)	(205, 0.0)	(210, 0.0)	(215, 0.0)	(220, 0.0002827032271044546)	(225, 0.0)	(230, 0.0)	(235, 0.0)	(240, 0.0)	(245, 0.0)	(250, 0.0)
122023-BEL-CBC-T2-513-SSID_S45_R1_16S	(1, 0.0)	(2, 0.0007612203885268863)	(3, 0.0)	(4, 0.0)	(5, 0.0)	(6, 0.0)	(7, 0.0)	(8, 0.0)	(9, 0.0)	(10, 0.0)	(15, 0.0)	(20, 0.0)	(25, 0.0)	(30, 0.0)	(35, 0.0)	(40, 0.0)	(45, 0.0)	(50, 0.0)	(55, 0.0)	(60, 0.0)	(65, 0.0)	(70, 0.0)	(75, 0.0)	(80, 0.0)	(85, 0.0)	(90, 0.00015224407770537726)	(95, 0.0)	(100, 0.0)	(105, 0.0)	(110, 0.0)	(115, 0.9442177699287497)	(120, 0.0)	(125, 0.0)	(130, 0.00045673223311613176)	(135, 0.17827781499299677)	(140, 0.0)	(145, 0.0)	(150, 0.0)	(155, 0.0)	(160, 0.0)	(165, 0.0)	(170, 0.0)	(175, 0.0)	(180, 0.0)	(185, 0.0)	(190, 0.00045673223311613176)	(195, 0.0)	(200, 0.0)	(205, 0.0)	(210, 0.0)	(215, 0.0)	(220, 0.0009134783733995097)	(225, 0.0)	(230, 0.0)	(235, 0.0)	(240, 0.0)	(245, 0.0)	(250, 0.0)
122023-BEL-CBC-T2-515-PAST_S73_R1_16S	(1, 0.0)	(2, 0.0041802408376087905)	(3, 0.0)	(4, 0.0)	(5, 0.0)	(6, 0.00027868272250725274)	(7, 0.0)	(8, 0.0)	(9, 0.0)	(10, 0.0)	(15, 0.0)	(20, 0.0)	(25, 0.0)	(30, 0.0)	(35, 0.0)	(40, 0.0)	(45, 0.0)	(50, 0.0)	(55, 0.0)	(60, 0.0)	(65, 0.0)	(70, 0.0)	(75, 0.0)	(80, 0.0)	(85, 0.0)	(90, 0.0)	(95, 0.0)	(100, 0.0)	(105, 0.0)	(110, 0.0)	(115, 1.0899838642703668)	(120, 0.00022294617800580217)	(125, 0.00011147308900290109)	(130, 0.00016720963350435163)	(135, 0.03171409382132536)	(140, 0.0)	(145, 0.0)	(150, 0.0)	(155, 0.0)	(160, 0.0)	(165, 0.0)	(170, 0.0)	(175, 0.0)	(180, 0.0)	(185, 0.0)	(190, 0.00016720963350435163)	(195, 0.0)	(200, 0.0)	(205, 0.0)	(210, 0.0)	(215, 0.0)	(220, 0.00027869949895404077)	(225, 0.0)	(230, 0.0)	(235, 0.0)	(240, 0.0)	(245, 0.0)	(250, 0.0)
122023-BEL-CBC-T2-518-MCAV_S27_R1_16S	(1, 0.0)	(2, 0.007639652854174306)	(3, 0.0)	(4, 0.0)	(5, 0.0)	(6, 0.0)	(7, 0.0)	(8, 0.0)	(9, 0.0)	(10, 0.0)	(15, 0.0)	(20, 0.0)	(25, 0.0)	(30, 0.0)	(35, 0.0)	(40, 0.0)	(45, 0.0)	(50, 0.0)	(55, 0.0)	(60, 0.0)	(65, 0.0)	(70, 0.0)	(75, 0.0)	(80, 0.0)	(85, 0.0)	(90, 0.00010186203805565743)	(95, 0.0)	(100, 0.00020372407611131486)	(105, 0.0)	(110, 0.0)	(115, 1.0565130587132787)	(120, 0.0)	(125, 0.0)	(130, 0.00010186203805565743)	(135, 0.03677219573809233)	(140, 0.0)	(145, 0.0)	(150, 0.0)	(155, 0.0)	(160, 0.0)	(165, 0.0)	(170, 0.0)	(175, 0.0)	(180, 0.0)	(185, 0.0)	(190, 0.0)	(195, 0.0)	(200, 0.0)	(205, 0.0)	(210, 0.0)	(215, 0.0)	(220, 0.00010186670741334962)	(225, 0.0)	(230, 0.0)	(235, 0.0)	(240, 0.0)	(245, 0.0)	(250, 0.0)
122023-BEL-CBC-T2-522-MCAV_S88_R1_16S	(1, 0.0)	(2, 0.0007860162469558247)	(3, 0.0)	(4, 0.000524010831303883)	(5, 0.0)	(6, 0.0)	(7, 0.00013100270782597076)	(8, 0.00013100270782597076)	(9, 0.0)	(10, 0.0)	(15, 0.0)	(20, 0.0)	(25, 0.0)	(30, 0.0)	(35, 0.0)	(40, 0.0)	(45, 0.0)	(50, 0.0)	(55, 0.0)	(60, 0.0)	(65, 0.0)	(70, 0.0)	(75, 0.0)	(80, 0.0)	(85, 0.0)	(90, 0.0002358048740867474)	(95, 0.0)	(100, 0.0)	(105, 0.0)	(110, 0.0008908184132166012)	(115, 1.0758466377500022)	(120, 0.0004716097481734948)	(125, 0.00041920866504310643)	(130, 0.0014410297860856785)	(135, 0.02038402133772105)	(140, 0.0)	(145, 0.0)	(150, 0.0)	(155, 0.0)	(160, 0.0)	(165, 0.0)	(170, 0.0)	(175, 0.0)	(180, 0.0)	(185, 0.0)	(190, 0.00013100270782597076)	(195, 0.0)	(200, 0.0)	(205, 0.0)	(210, 0.0)	(215, 0.0)	(220, 0.00015720843926343654)	(225, 0.0)	(230, 0.0)	(235, 0.0)	(240, 0.0)	(245, 0.0)	(250, 0.0)
122023-BEL-CBC-T3-524-OFAV_S39_R1_16S	(1, 0.0)	(2, 0.0037387991807875573)	(3, 0.0)	(4, 0.00020771106559930874)	(5, 0.0)	(6, 0.0)	(7, 0.0)	(8, 0.0)	(9, 0.0)	(10, 0.0)	(15, 0.0)	(20, 0.0)	(25, 0.0)	(30, 0.0)	(35, 0.0)	(40, 0.0)	(45, 0.0)	(50, 0.0)	(55, 0.0)	(60, 0.0)	(65, 0.0)	(70, 0.0)	(75, 0.0)	(80, 0.0)	(85, 0.0)	(90, 4.154221311986175e-05)	(95, 0.0)	(100, 0.0)	(105, 0.0)	(110, 0.0)	(115, 1.0755694398863405)	(120, 0.00261715942655129)	(125, 8.30844262397235e-05)	(130, 0.00012462663935958526)	(135, 0.037014111889796815)	(140, 0.0)	(145, 0.0)	(150, 8.30844262397235e-05)	(155, 4.154221311986175e-05)	(160, 0.0)	(165, 0.0)	(170, 0.0)	(175, 0.0)	(180, 0.0)	(185, 0.0)	(190, 0.000166168852479447)	(195, 0.0)	(200, 0.0)	(205, 0.0)	(210, 0.0)	(215, 0.0)	(220, 0.00020771520749502938)	(225, 0.0)	(230, 0.0)	(235, 0.0)	(240, 0.0)	(245, 0.0)	(250, 0.0)
122023-BEL-CBC-T3-525-PAST_S29_R1_16S	(1, 0.0)	(2, 0.005942458238592826)	(3, 0.0)	(4, 0.0001563804799629691)	(5, 0.0)	(6, 0.0001563804799629691)	(7, 0.0)	(8, 0.0)	(9, 0.0)	(10, 0.0)	(15, 0.0)	(20, 0.0)	(25, 0.0)	(30, 0.0)	(35, 0.0)	(40, 0.0)	(45, 0.0)	(50, 0.0)	(55, 0.0)	(60, 0.0)	(65, 0.0)	(70, 0.0)	(75, 0.0)	(80, 0.0)	(85, 0.0)	(90, 6.255219198518764e-05)	(95, 0.0)	(100, 0.0)	(105, 0.0)	(110, 0.0)	(115, 1.100388606100412)	(120, 0.00015638072451189667)	(125, 6.255228980475866e-05)	(130, 6.255228980475866e-05)	(135, 0.016638909088065805)	(140, 0.0)	(145, 0.0)	(150, 6.255228980475866e-05)	(155, 0.0)	(160, 0.0)	(165, 0.0)	(170, 0.0)	(175, 0.0)	(180, 0.0)	(185, 0.0)	(190, 9.3828434707138e-05)	(195, 0.0)	(200, 0.0)	(205, 0.0)	(210, 0.0)	(215, 0.0)	(220, 0.000218937602157849)	(225, 0.0)	(230, 0.0)	(235, 0.0)	(240, 0.0)	(245, 0.0)	(250, 0.0)
122023-BEL-CBC-T3-526-SSID_S11_R1_16S	(1, 0.0)	(2, 0.0005644583175755387)	(3, 0.0)	(4, 0.0005644583175755387)	(5, 0.0)	(6, 0.0)	(7, 0.0)	(8, 0.0)	(9, 0.0)	(10, 0.0)	(15, 0.0)	(20, 0.0)	(25, 0.0)	(30, 0.0)	(35, 0.0)	(40, 0.0)	(45, 0.0)	(50, 0.0)	(55, 0.0)	(60, 0.0)	(65, 0.0)	(70, 0.0)	(75, 0.0)	(80, 0.0)	(85, 0.0)	(90, 0.0)	(95, 0.0)	(100, 0.0)	(105, 0.0)	(110, 0.0)	(115, 1.0719063450759478)	(120, 0.004854341531149632)	(125, 0.0)	(130, 0.00011289166351510773)	(135, 0.03420617404507764)	(140, 0.0)	(145, 0.0)	(150, 0.0)	(155, 0.0)	(160, 0.0)	(165, 0.0)	(170, 0.0)	(175, 0.0)	(180, 0.0)	(185, 0.0)	(190, 0.00011289166351510773)	(195, 0.0)	(200, 0.0)	(205, 0.0)	(210, 0.0)	(215, 0.0)	(220, 0.0002257840917044667)	(225, 0.0)	(230, 0.0)	(235, 0.0)	(240, 0.0)	(245, 0.0)	(250, 0.0)
122023-BEL-CBC-T3-531-PSTR_S28_R1_16S	(1, 0.0)	(2, 0.005904029992472362)	(3, 0.0)	(4, 0.0)	(5, 0.0)	(6, 0.0)	(7, 0.0)	(8, 0.0)	(9, 0.0)	(10, 0.0)	(15, 0.0)	(20, 0.0)	(25, 0.0)	(30, 0.0)	(35, 0.0)	(40, 0.0)	(45, 0.0)	(50, 0.0)	(55, 0.0)	(60, 0.0)	(65, 0.0)	(70, 0.0)	(75, 0.0)	(80, 0.0)	(85, 0.0)	(90, 9.840049987453936e-05)	(95, 0.0)	(100, 0.0)	(105, 0.0)	(110, 0.0)	(115, 1.0799454861230695)	(120, 0.00029520149962361807)	(125, 0.0)	(130, 0.0005904029992472361)	(135, 0.02578093096712931)	(140, 0.0)	(145, 0.0)	(150, 0.0)	(155, 0.0)	(160, 0.0)	(165, 0.0)	(170, 0.0)	(175, 0.0)	(180, 0.0)	(185, 0.0)	(190, 0.00019680099974907873)	(195, 0.0)	(200, 0.0)	(205, 0.0)	(210, 0.0)	(215, 0.0)	(220, 0.0003936194290550182)	(225, 0.0)	(230, 0.0)	(235, 0.0)	(240, 0.0)	(245, 0.0)	(250, 0.0)
122023-BEL-CBC-T3-532-MCAV_S52_R1_16S	(1, 0.0)	(2, 0.003799371475404497)	(3, 0.0)	(4, 0.00018092245120973798)	(5, 0.0)	(6, 0.0)	(7, 0.00018092245120973798)	(8, 0.0)	(9, 0.0)	(10, 0.0)	(15, 0.0)	(20, 0.0)	(25, 0.0)	(30, 0.0)	(35, 0.0)	(40, 0.0)	(45, 0.0)	(50, 0.0)	(55, 0.0)	(60, 0.0)	(65, 0.0)	(70, 0.0)	(75, 0.0)	(80, 0.0)	(85, 7.236898048389519e-05)	(90, 0.00010855347072584279)	(95, 0.0)	(100, 0.0)	(105, 0.0)	(110, 0.0)	(115, 1.0876334076924608)	(120, 0.0014473796096779038)	(125, 3.6184490241947594e-05)	(130, 7.236898048389519e-05)	(135, 0.018236983081941587)	(140, 0.0)	(145, 0.0)	(150, 0.0)	(155, 0.0)	(160, 0.0)	(165, 0.0)	(170, 0.0)	(175, 0.0)	(180, 0.0)	(185, 0.0)	(190, 0.00010855347072584279)	(195, 0.0)	(200, 0.0)	(205, 0.0)	(210, 0.0)	(215, 0.0)	(220, 0.00018092611737256198)	(225, 0.0)	(230, 0.0)	(235, 0.0)	(240, 0.0)	(245, 0.0)	(250, 0.0)
122023-BEL-CBC-T4-539-MCAV_S44_R1_16S	(1, 0.0)	(2, 0.0015087621361054323)	(3, 0.0)	(4, 0.0)	(5, 0.0)	(6, 0.0)	(7, 0.0)	(8, 0.0)	(9, 0.0)	(10, 0.0)	(15, 0.0)	(20, 0.0)	(25, 0.0)	(30, 0.0)	(35, 0.0)	(40, 0.0)	(45, 0.0)	(50, 0.0)	(55, 0.0)	(60, 0.0)	(65, 0.0)	(70, 0.0)	(75, 0.0)	(80, 0.0)	(85, 0.0)	(90, 0.0)	(95, 0.0)	(100, 0.0)	(105, 0.0)	(110, 0.00030175242722108644)	(115, 1.0348599491547161)	(120, 0.00015087621361054322)	(125, 0.00015087621361054322)	(130, 0.0005280667476369013)	(135, 0.1167027512277552)	(140, 0.0)	(145, 0.0)	(150, 0.0)	(155, 0.0)	(160, 0.0)	(165, 0.0)	(170, 0.0)	(175, 0.0)	(180, 0.0)	(185, 0.0)	(190, 0.00022631432041581481)	(195, 0.0)	(200, 0.0)	(205, 0.0)	(210, 0.0)	(215, 0.0)	(220, 0.0003771990705814901)	(225, 0.0)	(230, 0.0)	(235, 0.0)	(240, 0.000843796408802484)	(245, 0.0)	(250, 0.0)
Negative_S96_R1_16S	(1, 0.0)	(2, 0.0)	(3, 0.0)	(4, 0.0)	(5, 0.0)	(6, 0.0)	(7, 0.0)	(8, 0.0)	(9, 0.0)	(10, 0.0)	(15, 0.0)	(20, 0.0)	(25, 0.0)	(30, 0.0)	(35, 0.0)	(40, 0.0)	(45, 0.0)	(50, 0.0)	(55, 0.0)	(60, 0.0)	(65, 0.0)	(70, 0.0)	(75, 0.0)	(80, 0.0)	(85, 0.0)	(90, 0.0)	(95, 0.0)	(100, 0.0)	(105, 0.0)	(110, 0.0)	(115, 1.1245758603974794)	(120, 0.0)	(125, 0.0)	(130, 0.009694619486185167)	(135, 0.0290838584585555)	(140, 0.0)	(145, 0.0)	(150, 0.0)	(155, 0.0)	(160, 0.0)	(165, 0.0)	(170, 0.0)	(175, 0.0)	(180, 0.0)	(185, 0.0)	(190, 0.0)	(195, 0.0)	(200, 0.0)	(205, 0.0)	(210, 0.0)	(215, 0.0)	(220, 0.0)	(225, 0.0)	(230, 0.0)	(235, 0.0)	(240, 0.0)	(245, 0.0)	(250, 0.0)
Undetermined_S0_R1_16S	(1, 0.0)	(2, 0.0038019176381997063)	(3, 0.0)	(4, 3.066062611451376e-05)	(5, 0.0002146243828015963)	(6, 3.066062611451376e-05)	(7, 6.132125222902752e-05)	(8, 0.0018396375668708258)	(9, 0.0005518912700612477)	(10, 0.006316088979589834)	(15, 0.028716742418853587)	(20, 0.03441348675093024)	(25, 0.02322235821913272)	(30, 0.03384319910520029)	(35, 0.03680501558786232)	(40, 0.04480743900375041)	(45, 0.052797598169192696)	(50, 0.10097157392031672)	(55, 0.16807542023454153)	(60, 0.21940744047546046)	(65, 0.21873903882616408)	(70, 0.23457831827692188)	(75, 0.23178206917527822)	(80, 0.3226049758516909)	(85, 0.3900522211783982)	(90, 0.42230719985086673)	(95, 0.47252317330121735)	(100, 0.5027361542744593)	(105, 0.4201057668958446)	(110, 0.3993608852240029)	(115, 0.8872022813965674)	(120, 0.4652506154356064)	(125, 0.5150618838936922)	(130, 0.7060531146453285)	(135, 0.898025485733453)	(140, 0.592823387687486)	(145, 0.7134116671689901)	(150, 0.7346165626913416)	(155, 0.6626744475183435)	(160, 0.6360671480182039)	(165, 0.6185967179016106)	(170, 0.6549970243853233)	(175, 0.7384307457494395)	(180, 0.8068591520923891)	(185, 0.8475095423621397)	(190, 0.8458860319376661)	(195, 0.7690508143336457)	(200, 0.8531226393151667)	(205, 0.9122920580638464)	(210, 0.9262432648267633)	(215, 0.9355162270142874)	(220, 0.9342520832290859)	(225, 0.856793355837554)	(230, 0.558775475429581)	(235, 0.022129091698576922)	(240, 0.019179694670087108)	(245, 0.01730433175398953)	(250, 0.00011052202869814997)
