Sample	0	1	2	3	4	5	6	7	8	9	10	11	12	13	14	15
012024-BEL-CBC-T2-597-PAST_S54_R1_16S	(1.0, 1.2522285791034558)	(2.0, 0.3983822086274985)	(3.0, 0.24500830775296403)	(4.0, 0.16247235262132892)	(5.0, 0.12293741348347223)	(6.0, 0.10658186331959178)	(7.0, 0.08264427003338265)	(8.0, 0.10398230567765052)	(9.0, 0.059464881059406394)	('>10', 1.180740743950071)	('>50', 0.7813837012068445)	('>100', 2.328662072670634)	('>500', 0.7313422165994754)	('>1k', 6.271757755888539)	('>5k', 2.2791621625720024)	('>10k+', 83.89324916543369)
012024-BEL-CBC-T3-640-MCAV_S56_R1_16S	(1.0, 1.0738991756762355)	(2.0, 0.3191665631084048)	(3.0, 0.17553125388343482)	(4.0, 0.1366969056791351)	(5.0, 0.11494967068472722)	(6.0, 0.08947433826270661)	(7.0, 0.0739405989809867)	(8.0, 0.06627728760200488)	(9.0, 0.06244563191251398)	('>10', 1.0800091131270453)	('>50', 0.4807174516382917)	('>100', 1.3905803404995651)	('>500', 0.5990845449649973)	('>1k', 2.1037860900542644)	('>5k', 0.0)	('>10k+', 92.23344103392569)
022024-BEL-CBC-T1-773-SSID_S63_R1_16S	(1.0, 1.616770545962331)	(2.0, 0.4800018164685581)	(3.0, 0.29324614284254624)	(4.0, 0.19890330710806856)	(5.0, 0.1663204023477856)	(6.0, 0.15667041313306768)	(7.0, 0.12000045411713953)	(8.0, 0.11262105060000228)	(9.0, 0.10115459282721978)	('>10', 3.8907621220893933)	('>50', 2.299649194509724)	('>100', 6.058036170430162)	('>500', 2.6435293984083197)	('>1k', 3.571971890149064)	('>5k', 3.5928612785668066)	('>10k+', 74.6975012204398)
022024-BEL-CBC-T3-845-SSID_S70_R1_16S	(1.0, 1.668482905982906)	(2.0, 0.49230769230769234)	(3.0, 0.29903846153846153)	(4.0, 0.21452991452991454)	(5.0, 0.1736111111111111)	(6.0, 0.14551282051282052)	(7.0, 0.1204059829059829)	(8.0, 0.10683760683760685)	(9.0, 0.1)	('>10', 2.880876068376068)	('>50', 3.2261752136752135)	('>100', 8.929700854700855)	('>500', 4.113034188034188)	('>1k', 7.447970085470086)	('>5k', 6.428952991452991)	('>10k+', 63.6525641025641)
022024-BEL-CBC-T3-846-OFAV_S94_R1_16S	(1.0, 1.3734911792014854)	(2.0, 0.5776849272671)	(3.0, 0.3867223769730733)	(4.0, 0.2807180439492417)	(5.0, 0.20852677189724544)	(6.0, 0.1787372330547818)	(7.0, 0.13974001857010215)	(8.0, 0.12565769111730116)	(9.0, 0.09818941504178273)	('>10', 1.7377746827607552)	('>50', 0.8326369545032498)	('>100', 1.720984215413185)	('>500', 0.7564995357474467)	('>1k', 2.403822346022903)	('>5k', 0.8587898483441658)	('>10k+', 88.32002476013618)
022024-BEL-CBC-T3-849-PSTR_S23_R1_16S	(1.0, 1.2435716185999266)	(2.0, 0.29858031436681404)	(3.0, 0.17809282373867408)	(4.0, 0.13280008091130757)	(5.0, 0.10443714972329651)	(6.0, 0.07387554169900554)	(7.0, 0.06618017277202579)	(8.0, 0.08442919051314918)	(9.0, 0.06727951119016576)	('>10', 2.4442690388923944)	('>50', 1.6483480241590611)	('>100', 3.606049879182708)	('>500', 1.4295796789492083)	('>1k', 4.474966964880535)	('>5k', 0.0)	('>10k+', 84.14754001042172)
022024-BEL-CBC-T3-850-MCAV_S43_R1_16S	(1.0, 1.1238024809351361)	(2.0, 0.3734884596337464)	(3.0, 0.2290586836066865)	(4.0, 0.18153835064399396)	(5.0, 0.1401582854236718)	(6.0, 0.12414019566096646)	(7.0, 0.12894562258977804)	(8.0, 0.0779547035118327)	(9.0, 0.06847733373556537)	('>10', 1.1729246228740993)	('>50', 0.6742280949285393)	('>100', 1.4397593015044992)	('>500', 0.6676873749421013)	('>1k', 0.5101761589421654)	('>5k', 0.0)	('>10k+', 93.08766033106723)
022024-BEL-CBC-T3-853-SSID_S75_R1_16S	(1.0, 3.357139708151479)	(2.0, 0.9672441916854032)	(3.0, 0.6189657452717895)	(4.0, 0.5519552087466384)	(5.0, 0.45849314464576996)	(6.0, 0.42057928845390824)	(7.0, 0.3903804611382974)	(8.0, 0.40735352466604946)	(9.0, 0.4007406427721201)	('>10', 6.977912974474276)	('>50', 3.281091566371291)	('>100', 9.026142926420668)	('>500', 3.7234933650751665)	('>1k', 7.434642683948331)	('>5k', 11.113609310937706)	('>10k+', 50.870255257241105)
022024-BEL-CBC-T4-871-PSTR_S91_R1_16S	(1.0, 1.0076116130248507)	(2.0, 0.2408085111360176)	(3.0, 0.13767366593804892)	(4.0, 0.10402927681075959)	(5.0, 0.07946680867488581)	(6.0, 0.0780219576080697)	(7.0, 0.06549991502899678)	(8.0, 0.05614278431056867)	(9.0, 0.05572996972004979)	('>10', 1.2597725254001377)	('>50', 0.6225932049342352)	('>100', 2.155098569803851)	('>500', 0.8988349684231239)	('>1k', 1.3470828112948825)	('>5k', 2.0790030802848696)	('>10k+', 89.81263033760665)
042024-BEL-CBC-T1-932-SSID_S18_R1_16S	(1.0, 3.043518333269641)	(2.0, 1.1671428603542342)	(3.0, 0.7627341535404308)	(4.0, 0.5422088942939932)	(5.0, 0.4372289798514995)	(6.0, 0.3628213745400104)	(7.0, 0.35090716583454534)	(8.0, 0.32011006031287165)	(9.0, 0.2650349445989295)	('>10', 5.203137258428179)	('>50', 3.5326752793657143)	('>100', 11.770788608218107)	('>500', 5.300024502806583)	('>1k', 22.27822150087558)	('>5k', 19.73082880181276)	('>10k+', 24.93261728189692)
042024-BEL-CBC-T1-938-SSID_S17_R1_16S	(1.0, 2.2056574674796483)	(2.0, 0.5049683418687733)	(3.0, 0.3269930306560033)	(4.0, 0.2134402269754609)	(5.0, 0.2049807057843603)	(6.0, 0.16203236742954194)	(7.0, 0.2027031423867563)	(8.0, 0.16658749422474994)	(9.0, 0.16691286042440767)	('>10', 6.549946965309456)	('>50', 5.266377307659771)	('>100', 12.612820729731315)	('>500', 5.4739609430413925)	('>1k', 13.585014934308564)	('>5k', 7.367266858849636)	('>10k+', 44.990336623870164)
042024-BEL-CBC-T1-940-SSID_S35_R1_16S	(1.0, 3.1593866391042877)	(2.0, 1.0015854899098509)	(3.0, 0.6054579387978035)	(4.0, 0.4689523193708985)	(5.0, 0.3420804697360837)	(6.0, 0.32624189906095236)	(7.0, 0.2971773054509176)	(8.0, 0.2403543921009619)	(9.0, 0.23806841282826255)	('>10', 4.711403281033393)	('>50', 2.6747590332920224)	('>100', 6.16104070839232)	('>500', 2.1831102054278944)	('>1k', 10.58081834792278)	('>5k', 2.934544249210929)	('>10k+', 64.07501930836065)
042024-BEL-CBC-T2-1030-SSID_S48_R1_16S	(1.0, 2.0239560690581646)	(2.0, 0.7074056414784089)	(3.0, 0.39540023169257044)	(4.0, 0.24800894862697678)	(5.0, 0.18582541837913097)	(6.0, 0.17186585036430846)	(7.0, 0.15990050635160344)	(8.0, 0.12617999140670746)	(9.0, 0.10279318265460222)	('>10', 2.600105512579021)	('>50', 0.9028395936859243)	('>100', 1.5984611842427296)	('>500', 0.8517149419952754)	('>1k', 14.505441512129414)	('>5k', 2.271602431502938)	('>10k+', 73.14849898385222)
042024-BEL-CBC-T3-1011-SSID_S10_R1_16S	(1.0, 2.2203614164933416)	(2.0, 0.7191864077145403)	(3.0, 0.4745617352313552)	(4.0, 0.35587909564841574)	(5.0, 0.3005051187164042)	(6.0, 0.275519299856838)	(7.0, 0.26944166824234894)	(8.0, 0.2336511709570244)	(9.0, 0.18536776424191675)	('>10', 3.868581345722698)	('>50', 2.208037330163961)	('>100', 8.104015288619973)	('>500', 4.375219470030523)	('>1k', 19.75500391669593)	('>5k', 6.1539396558709925)	('>10k+', 50.500729315793734)
042024-BEL-CBC-T3-1012-SSID_S27_R1_16S	(1.0, 1.9545958291465195)	(2.0, 0.4325063111302936)	(3.0, 0.24615094110585842)	(4.0, 0.1906264822445369)	(5.0, 0.17084448880406608)	(6.0, 0.1524112676436274)	(7.0, 0.13060611578310843)	(8.0, 0.12408704976295326)	(9.0, 0.11936634678284093)	('>10', 3.5097302680235316)	('>50', 3.06261225719289)	('>100', 8.488048753622015)	('>500', 2.9789883758309)	('>1k', 8.56470397820384)	('>5k', 11.129394468684879)	('>10k+', 58.745327066038136)
042024-BEL-CBC-T3-1057-SSID_S5_R1_16S	(1.0, 1.691738166870953)	(2.0, 0.44769651722814446)	(3.0, 0.3097723136351818)	(4.0, 0.23870544392031595)	(5.0, 0.2005720016342904)	(6.0, 0.21097203134866097)	(7.0, 0.17853384343002884)	(8.0, 0.18422909779742228)	(9.0, 0.1716004902871151)	('>10', 3.8933254095011702)	('>50', 2.496007131448947)	('>100', 8.006041922024538)	('>500', 2.5903502581435944)	('>1k', 14.30425039309636)	('>5k', 5.675940026495314)	('>10k+', 59.40026495313796)
042024-BEL-CBC-T3-942-PAST_S34_R1_16S	(1.0, 2.2437248256922753)	(2.0, 0.7386067313669228)	(3.0, 0.44541565392098564)	(4.0, 0.3198448117592042)	(5.0, 0.24873611263463985)	(6.0, 0.21303742877102227)	(7.0, 0.17647273909939246)	(8.0, 0.17320116160245716)	(9.0, 0.16194308609829744)	('>10', 3.152549809767391)	('>50', 1.6307851593546911)	('>100', 5.463630642749511)	('>500', 2.2256349265915745)	('>1k', 8.028932291817014)	('>5k', 2.183104419131415)	('>10k+', 72.59438019964321)
042024-BEL-CBC-T3-953-MCAV_S41_R1_16S	(1.0, 1.1435598047833035)	(2.0, 0.37946313160491774)	(3.0, 0.23536605378575168)	(4.0, 0.1483682860540555)	(5.0, 0.12139223404422723)	(6.0, 0.10790420803931311)	(7.0, 0.08654816686486572)	(8.0, 0.07373454216019729)	(9.0, 0.06676572872432499)	('>10', 1.1714350585267927)	('>50', 0.7658950766457078)	('>100', 1.1165837527734752)	('>500', 0.4898401444117984)	('>1k', 0.6002171572186792)	('>5k', 0.0)	('>10k+', 93.49292665436259)
052022-BEL-CBC-T1-10-PSTR_S38_R1_16S	(1.0, 1.6482166305103245)	(2.0, 0.49960577275324386)	(3.0, 0.2785973047821348)	(4.0, 0.1887466588675502)	(5.0, 0.14095696968143726)	(6.0, 0.1338714321680388)	(7.0, 0.10975045339902278)	(8.0, 0.1013081108298672)	(9.0, 0.09090593873572905)	('>10', 1.7425899599440995)	('>50', 1.1918778634240033)	('>100', 1.9831967231650345)	('>500', 1.2968041210692227)	('>1k', 11.98903098490479)	('>5k', 7.136794593282608)	('>10k+', 71.4677464824829)
052022-BEL-CBC-T1-17-SSID_S69_R1_16S	(1.0, 1.3572339838631817)	(2.0, 0.3846717467760844)	(3.0, 0.22239845527894628)	(4.0, 0.1827460175160334)	(5.0, 0.15408420108958001)	(6.0, 0.11572477760154472)	(7.0, 0.12068133232190884)	(8.0, 0.10257913247362252)	(9.0, 0.11055272050203434)	('>10', 2.238530963381836)	('>50', 1.1378525618922835)	('>100', 3.0460183780428935)	('>500', 1.0518671126129233)	('>1k', 3.99584511413006)	('>5k', 4.191305772015723)	('>10k+', 81.58790773050134)
052022-BEL-CBC-T1-34-PAST_S40_R1_16S	(1.0, 2.6639933847600274)	(2.0, 0.8074217555306351)	(3.0, 0.45944200903931764)	(4.0, 0.30991946171882967)	(5.0, 0.21522184841585393)	(6.0, 0.23243959628912225)	(7.0, 0.17602881707275633)	(8.0, 0.18486424032351242)	(9.0, 0.17331022530329288)	('>10', 3.829136507289224)	('>50', 2.245783350890905)	('>100', 4.679149533874786)	('>500', 3.290402238307224)	('>1k', 18.703684824594195)	('>5k', 12.490343335485552)	('>10k+', 49.53885887110477)
052022-BEL-CBC-T1-4-PSTR_S52_R1_16S	(1.0, 1.083861918353034)	(2.0, 0.34764544780657564)	(3.0, 0.2205187161265408)	(4.0, 0.16370229973322917)	(5.0, 0.12073488483578725)	(6.0, 0.1102593580632704)	(7.0, 0.07581440562482522)	(8.0, 0.08238380377030188)	(9.0, 0.06631541100906843)	('>10', 1.1408558860475748)	('>50', 0.6175234256748059)	('>100', 1.582603523505573)	('>500', 0.1713370056860804)	('>1k', 5.930124685401288)	('>5k', 2.3094985507375037)	('>10k+', 85.97682067762454)
052022-BEL-CBC-T1-61-PAST_S89_R1_16S	(1.0, 2.226912285447068)	(2.0, 0.7002078146696965)	(3.0, 0.49258362588025983)	(4.0, 0.3672471889780128)	(5.0, 0.3238175421486627)	(6.0, 0.2777211626192648)	(7.0, 0.23600584395423127)	(8.0, 0.20876707423231433)	(9.0, 0.19886206706070816)	('>10', 3.00655063839676)	('>50', 1.6392786869008185)	('>100', 5.069268381883742)	('>500', 2.9410252063384426)	('>1k', 8.438494667487005)	('>5k', 3.837618836275946)	('>10k+', 70.03563897772706)
052022-BEL-CBC-T2-4-MCAV_S83_R1_16S	(1.0, 1.8471993814694387)	(2.0, 0.4146154629069151)	(3.0, 0.2399841439047777)	(4.0, 0.19070168578147517)	(5.0, 0.1357053194699636)	(6.0, 0.1489187321551969)	(7.0, 0.10249322812599883)	(8.0, 0.10427882443481414)	(9.0, 0.08356590725255653)	('>10', 1.7597051623374886)	('>50', 1.518828220278303)	('>100', 3.71100480861086)	('>500', 2.544653299692699)	('>1k', 3.872244155296882)	('>5k', 5.806402077005626)	('>10k+', 77.519699591277)
052022-BEL-CBC-T2-60-PAST_S20_R1_16S	(1.0, 2.177251126615422)	(2.0, 0.7334090097385979)	(3.0, 0.4865886699227236)	(4.0, 0.3812634926556731)	(5.0, 0.3366765925599023)	(6.0, 0.2415882035801461)	(7.0, 0.24682033981587428)	(8.0, 0.19290658816945752)	(9.0, 0.18016747385638013)	('>10', 2.174521316405477)	('>50', 0.729086810239518)	('>100', 3.190920651241722)	('>500', 4.9402740274482415)	('>1k', 25.66954282503509)	('>5k', 17.265822093718935)	('>10k+', 41.05316077899684)
052022-BEL-CBC-T2-62-PAST_S12_R1_16S	(1.0, 1.5765997134438108)	(2.0, 0.46984401611202725)	(3.0, 0.3142656321808007)	(4.0, 0.22491957503176446)	(5.0, 0.19666946013895273)	(6.0, 0.16301262469249278)	(7.0, 0.15044199940526076)	(8.0, 0.12759860506609716)	(9.0, 0.11678516395880079)	('>10', 2.3926090130031628)	('>50', 1.4742775269660189)	('>100', 3.519504744397286)	('>500', 3.20023789570436)	('>1k', 4.992836095266416)	('>5k', 2.73228623178611)	('>10k+', 78.34811170284664)
052022-BEL-CBC-T2-72-OFAV_S13_R1_16S	(1.0, 1.786765337516027)	(2.0, 0.5879526965330516)	(3.0, 0.3817874652812024)	(4.0, 0.30797522199350325)	(5.0, 0.23861716580075146)	(6.0, 0.2118920432310673)	(7.0, 0.17259974992921023)	(8.0, 0.1654412349551877)	(9.0, 0.15319222044408246)	('>10', 2.2398197963163873)	('>50', 0.649993159641247)	('>100', 2.886154159415356)	('>500', 3.0469821291650625)	('>1k', 21.58292264667797)	('>5k', 9.818619138369321)	('>10k+', 55.76928583473057)
052022-BEL-CBC-T3-40-MCAV_S1_R1_16S	(1.0, 1.8091454403587885)	(2.0, 0.5790517412913078)	(3.0, 0.41450267504018706)	(4.0, 0.29243230795715464)	(5.0, 0.2973508941766175)	(6.0, 0.2454821667713729)	(7.0, 0.1721505176811996)	(8.0, 0.16812621986527546)	(9.0, 0.13280182792549683)	('>10', 2.730038923902764)	('>50', 1.3622248106903236)	('>100', 3.9096053281703083)	('>500', 3.4302667438735654)	('>1k', 11.01025525226758)	('>5k', 2.9820046815997925)	('>10k+', 70.46456046842826)
052022-BEL-CBC-T3-48-MCAV_S7_R1_16S	(1.0, 1.2020823089083321)	(2.0, 0.2996400797053449)	(3.0, 0.18571724650815002)	(4.0, 0.14467251587943414)	(5.0, 0.12868809933095735)	(6.0, 0.10891077038114706)	(7.0, 0.10999445963867091)	(8.0, 0.11270368278248054)	(9.0, 0.08655967944471762)	('>10', 2.0358457314157454)	('>50', 1.2121064345404278)	('>100', 3.224923769233791)	('>500', 2.4610583038366665)	('>1k', 6.645588910607827)	('>5k', 0.0)	('>10k+', 82.04150800778632)
052022-BEL-CBC-T3-49-MCAV_S2_R1_16S	(1.0, 1.0930664589201176)	(2.0, 0.2579253310960628)	(3.0, 0.16252172349733324)	(4.0, 0.13040091088871575)	(5.0, 0.11865524060646013)	(6.0, 0.1035536645292743)	(7.0, 0.06208425720620843)	(8.0, 0.07862407862407862)	(9.0, 0.05824893629771679)	('>10', 1.241205729010607)	('>50', 0.8214777970875532)	('>100', 1.8759513393659735)	('>500', 0.1402289207167256)	('>1k', 2.389404925990292)	('>5k', 0.0)	('>10k+', 91.46665068616288)
052022-BEL-CBC-T3-51-MCAV_S33_R1_16S	(1.0, 1.7407170341595484)	(2.0, 0.5039692174130561)	(3.0, 0.3084512327013486)	(4.0, 0.18466609280390817)	(5.0, 0.13610847477578888)	(6.0, 0.1258083739819454)	(7.0, 0.07853826855305655)	(8.0, 0.061800604763060894)	(9.0, 0.0645595603328404)	('>10', 1.6539018988971537)	('>50', 0.8475511510362638)	('>100', 1.634957070651334)	('>500', 0.33714437062705543)	('>1k', 9.953943835021814)	('>5k', 0.0)	('>10k+', 82.36788281428183)
052022-BEL-CBC-T3-55-PAST_S88_R1_16S	(1.0, 1.0606374307781414)	(2.0, 0.25177144185014444)	(3.0, 0.1527925925731793)	(4.0, 0.11950844290457932)	(5.0, 0.08998077206996835)	(6.0, 0.08176893461892269)	(7.0, 0.07032477817118885)	(8.0, 0.06499581982529753)	(9.0, 0.05110558413682669)	('>10', 1.1214399719050328)	('>50', 0.6740695507688115)	('>100', 1.918861804385296)	('>500', 1.0183552039025445)	('>1k', 1.0820406241345903)	('>5k', 1.9189491643581795)	('>10k+', 90.32339788361729)
062019-BEL-CBC-T1-16-MCAV_S78_R1_16S	(1.0, 1.0265949305988862)	(2.0, 0.2761580727462928)	(3.0, 0.18517054695107696)	(4.0, 0.1318562296182056)	(5.0, 0.12529705493056525)	(6.0, 0.09788306841555566)	(7.0, 0.09771488444920591)	(8.0, 0.07803736038628493)	(9.0, 0.07871009625168394)	('>10', 1.2620524834885392)	('>50', 0.7558187447757855)	('>100', 1.6497165259247173)	('>500', 0.5297794940017188)	('>1k', 1.451932181497409)	('>5k', 1.2943438050276914)	('>10k+', 90.95893452093638)
062019-BEL-CBC-T1-17-MCAV_S65_R1_16S	(1.0, 1.356974487574971)	(2.0, 0.301577763532424)	(3.0, 0.17274233793017796)	(4.0, 0.11390707541074915)	(5.0, 0.10412210637766718)	(6.0, 0.09107548100022456)	(7.0, 0.07639802745060158)	(8.0, 0.06924747315719552)	(9.0, 0.06774209330595214)	('>10', 1.5908101578014429)	('>50', 1.8602731511740083)	('>100', 4.1202246528531346)	('>500', 1.1826013214726128)	('>1k', 4.529311627428523)	('>5k', 0.0)	('>10k+', 84.36299224353033)
062019-BEL-CBC-T2-25-PAST_S79_R1_16S	(1.0, 1.3403303641985254)	(2.0, 0.3488285855307744)	(3.0, 0.25855256596159304)	(4.0, 0.17083394071448482)	(5.0, 0.1623945394516435)	(6.0, 0.13809929339194882)	(7.0, 0.12710249780703436)	(8.0, 0.10024985742526654)	(9.0, 0.07825626625543766)	('>10', 1.4664099042767305)	('>50', 0.6411387565437328)	('>100', 1.8436255667825165)	('>500', 0.7659395994609013)	('>1k', 0.7250212903077312)	('>5k', 0.0)	('>10k+', 91.83321697189167)
062019-BEL-CBC-T2-26-SSID_S44_R1_16S	(1.0, 1.8081715356240202)	(2.0, 0.6335400309893676)	(3.0, 0.3740728402947352)	(4.0, 0.2347123703810103)	(5.0, 0.1925374913281725)	(6.0, 0.13844362471692406)	(7.0, 0.12942798028171598)	(8.0, 0.11246634414090077)	(9.0, 0.08801713889287886)	('>10', 2.1263168189139052)	('>50', 1.174325889569052)	('>100', 1.566735633799804)	('>500', 0.20705420694418553)	('>1k', 8.21554419346656)	('>5k', 5.00047370335168)	('>10k+', 77.99816019730508)
062019-BEL-CBC-T3-12-PAST_S36_R1_16S	(1.0, 1.7946186513719775)	(2.0, 0.5199567486248884)	(3.0, 0.2750223308730196)	(4.0, 0.17927381568019055)	(5.0, 0.13006754109664173)	(6.0, 0.12505288890978328)	(7.0, 0.11408333725103036)	(8.0, 0.09402472850359644)	(9.0, 0.0846222556532368)	('>10', 2.201275602150032)	('>50', 1.2149562001473053)	('>100', 2.5178255214454737)	('>500', 0.9855358625985302)	('>1k', 8.981555482425211)	('>5k', 3.6483161738203815)	('>10k+', 77.1338128594487)
062019-BEL-CBC-T3-15-MCAV_S60_R1_16S	(1.0, 1.2765125011902938)	(2.0, 0.39517755043740715)	(3.0, 0.23070999474200637)	(4.0, 0.15318564029527568)	(5.0, 0.1319673590381598)	(6.0, 0.11302616162327096)	(7.0, 0.07535077441551398)	(8.0, 0.06789850002277084)	(9.0, 0.056823592244666446)	('>10', 1.2477384417294246)	('>50', 0.8274094652165092)	('>100', 1.4087903716614847)	('>500', 0.41028910684491404)	('>1k', 6.3414714929803715)	('>5k', 5.135031071844065)	('>10k+', 82.12861797571387)
062019-BEL-CBC-T3-23-PAST_S26_R1_16S	(1.0, 1.7287777512266262)	(2.0, 0.3684902841395082)	(3.0, 0.21975420581410668)	(4.0, 0.14292956475714255)	(5.0, 0.1462794764311381)	(6.0, 0.07905791550629448)	(7.0, 0.09223423475734356)	(8.0, 0.08218449973535698)	(9.0, 0.07436803916270074)	('>10', 1.8073890118430544)	('>50', 1.3341581560299527)	('>100', 2.570722218624169)	('>500', 1.5226465195534344)	('>1k', 2.266326911180442)	('>5k', 1.1474564120659352)	('>10k+', 86.4172247991728)
062019-BEL-CBC-T3-28-SSID_S95_R1_16S	(1.0, 1.6609627516367493)	(2.0, 0.5962139199321209)	(3.0, 0.314898290772312)	(4.0, 0.19597997694639507)	(5.0, 0.13100482730481294)	(6.0, 0.10950867917120587)	(7.0, 0.09198729050381292)	(8.0, 0.09085164494203747)	(9.0, 0.05913468675245117)	('>10', 1.3665060809763956)	('>50', 1.0665334175874184)	('>100', 3.2588971745949595)	('>500', 0.2788821029560043)	('>1k', 1.3135363272735827)	('>5k', 2.1968252217145166)	('>10k+', 87.26827760693523)
062019-BEL-CBC-T3-31-PAST_S42_R1_16S	(1.0, 1.7695003640924651)	(2.0, 0.4913875382626584)	(3.0, 0.26260786857085744)	(4.0, 0.18847139375474337)	(5.0, 0.1339948137417173)	(6.0, 0.11927735059303689)	(7.0, 0.10071577393537276)	(8.0, 0.08786545163391299)	(9.0, 0.06622858416906192)	('>10', 1.9335890950187977)	('>50', 1.240550345256309)	('>100', 2.5242645936277777)	('>500', 0.6622858416906191)	('>1k', 8.492415564046775)	('>5k', 3.475957266637598)	('>10k+', 78.4508881549683)
062019-BEL-CBC-T3-4-PAST_S22_R1_16S	(1.0, 1.148934359441514)	(2.0, 0.31741478736834144)	(3.0, 0.22127624700355084)	(4.0, 0.20614624720843625)	(5.0, 0.17572864345367462)	(6.0, 0.14657187301517255)	(7.0, 0.1445230188762508)	(8.0, 0.09582333203572571)	(9.0, 0.11063812350177542)	('>10', 1.8691853913547811)	('>50', 0.8513776968042603)	('>100', 1.8296267460571378)	('>500', 0.4228519734405462)	('>1k', 2.4654019457810152)	('>5k', 1.2127640460771536)	('>10k+', 88.78173556858067)
062019-BEL-CBC-T3-7-PAST_S58_R1_16S	(1.0, 1.6607770503917465)	(2.0, 0.49074872339014525)	(3.0, 0.2927439295898743)	(4.0, 0.2187120620514271)	(5.0, 0.17459069309798328)	(6.0, 0.12992795765431314)	(7.0, 0.12126609381069225)	(8.0, 0.11260422996707138)	(9.0, 0.09744596824073486)	('>10', 2.5659418220501276)	('>50', 1.4263653601237565)	('>100', 2.580964742153908)	('>500', 0.9599781287937947)	('>1k', 7.825452616221234)	('>5k', 4.15810066980569)	('>10k+', 77.1843799526575)
062019-BEL-CBC-T3-8-MCAV_S77_R1_16S	(1.0, 1.414252636593299)	(2.0, 0.43341259707856483)	(3.0, 0.3151026719300917)	(4.0, 0.18898351079822104)	(5.0, 0.1522801016762525)	(6.0, 0.1522801016762525)	(7.0, 0.12572869933270078)	(8.0, 0.09371083180077078)	(9.0, 0.10191052958333821)	('>10', 1.8859304899905116)	('>50', 0.6485570484211677)	('>100', 1.6114358451740873)	('>500', 0.2182681457359619)	('>1k', 3.5129848071313945)	('>5k', 3.3431339244924976)	('>10k+', 85.8020280585849)
062019-BEL-CBC-T3-9-MCAV_S80_R1_16S	(1.0, 1.0206241683803072)	(2.0, 0.26339663723236967)	(3.0, 0.16556792064836096)	(4.0, 0.12459175033264788)	(5.0, 0.10584250635055038)	(6.0, 0.0988871416475142)	(7.0, 0.09314140558848434)	(8.0, 0.08709326236845288)	(9.0, 0.08164993347042458)	('>10', 1.1607898875045362)	('>50', 0.7377222692633362)	('>100', 1.723267206967461)	('>500', 0.4363735333252692)	('>1k', 1.1966251360832225)	('>5k', 2.279242772468852)	('>10k+', 90.42518446836822)
062024-BEL-CBC-T1-1344-SSID_S39_R1_16S	(1.0, 2.3832079094452623)	(2.0, 0.7858151243417846)	(3.0, 0.45852693744671313)	(4.0, 0.32024103567706946)	(5.0, 0.25127137539596905)	(6.0, 0.23983419555035942)	(7.0, 0.1876159602956569)	(8.0, 0.19131282650837916)	(9.0, 0.19755128824234808)	('>10', 4.5655142456428965)	('>50', 2.5005834116991954)	('>100', 6.2889470631863755)	('>500', 2.1845013505114386)	('>1k', 10.86971088195675)	('>5k', 6.399390941291454)	('>10k+', 62.17597545280835)
062024-BEL-CBC-T2-1381-SSID_S30_R1_16S	(1.0, 1.4610180077027168)	(2.0, 0.34391589466014366)	(3.0, 0.22983241386489017)	(4.0, 0.17320703653585925)	(5.0, 0.1394816279795982)	(6.0, 0.10617258249193295)	(7.0, 0.14281253252836473)	(8.0, 0.08327261371916311)	(9.0, 0.10117622566878318)	('>10', 3.151660247736026)	('>50', 1.4308316852295202)	('>100', 3.6377641303216404)	('>500', 0.9828250234204225)	('>1k', 6.34141771624857)	('>5k', 3.9464973456854375)	('>10k+', 77.72811491620693)
062024-BEL-CBC-T3-1430-PSTR_S62_R1_16S	(1.0, 1.3876170126170126)	(2.0, 0.43943325193325194)	(3.0, 0.2556471306471306)	(4.0, 0.17615486365486366)	(5.0, 0.12480285917785919)	(6.0, 0.10874542124542125)	(7.0, 0.08235398860398861)	(8.0, 0.0724969474969475)	(9.0, 0.05723443223443224)	('>10', 1.4275221306471306)	('>50', 0.7887222730972732)	('>100', 0.855654761904762)	('>500', 0.25914479039479044)	('>1k', 8.050658831908832)	('>5k', 4.326923076923077)	('>10k+', 81.58688822751323)
062024-BEL-CBC-T4-1461-OFAV_S72_R1_16S	(1.0, 0.9981536087303993)	(2.0, 0.2895960379356637)	(3.0, 0.1873161974575704)	(4.0, 0.14708140262746594)	(5.0, 0.12834190914495155)	(6.0, 0.10629544622434639)	(7.0, 0.09149282112051148)	(8.0, 0.09196524532595302)	(9.0, 0.08149317543866555)	('>10', 1.6169505804912425)	('>50', 0.7749331716592719)	('>100', 2.361254916164388)	('>500', 1.1213775889830675)	('>1k', 4.117570637260885)	('>5k', 1.3618415095528111)	('>10k+', 86.5243357518828)
082024-BEL-CBC-T2-1513-PAST_S53_R1_16S	(1.0, 1.2412430215898425)	(2.0, 0.43930635838150295)	(3.0, 0.30206017489254483)	(4.0, 0.22330912504322908)	(5.0, 0.19020799367620175)	(6.0, 0.17726396917148363)	(7.0, 0.1632330418457586)	(8.0, 0.11857121683711278)	(9.0, 0.08981769675411294)	('>10', 1.496566375179092)	('>50', 0.7807914628723878)	('>100', 1.4692949953065562)	('>500', 1.4474581295390543)	('>1k', 3.1728669532137737)	('>5k', 0.0)	('>10k+', 88.68800948569735)
082024-BEL-CBC-T2-1514-MCAV_S71_R1_16S	(1.0, 0.9395414289034056)	(2.0, 0.26186234260287294)	(3.0, 0.18397066797490252)	(4.0, 0.15147994181793142)	(5.0, 0.12964014907003366)	(6.0, 0.11231893413204574)	(7.0, 0.11597683045435375)	(8.0, 0.10156041553702222)	(9.0, 0.09198533398745126)	('>10', 1.5040408995842909)	('>50', 0.7124291013624588)	('>100', 2.019266355099968)	('>500', 0.7400784941516694)	('>1k', 1.4777901142124334)	('>5k', 1.4829542031380447)	('>10k+', 89.97510478797112)
082024-BEL-CBC-T2-1515-MCAV_S25_R1_16S	(1.0, 1.4496730488867982)	(2.0, 0.3330178623762617)	(3.0, 0.23296316829908886)	(4.0, 0.18218914443903103)	(5.0, 0.16146886264319862)	(6.0, 0.1545621020445878)	(7.0, 0.13589518150780186)	(8.0, 0.1388818887936876)	(9.0, 0.10416141659526569)	('>10', 3.433033355920307)	('>50', 1.7205300658755627)	('>100', 4.30403186816674)	('>500', 1.7266901496527018)	('>1k', 4.349392485071131)	('>5k', 1.4560198018693054)	('>10k+', 80.11748959785852)
092023-BEL-CBC-T1-177-PSTR_S50_R1_16S	(1.0, 3.200028174335102)	(2.0, 1.2073342916876106)	(3.0, 0.8356251660845039)	(4.0, 0.6697807844631348)	(5.0, 0.5682891455172392)	(6.0, 0.4984936335607557)	(7.0, 0.41909323463778364)	(8.0, 0.35474049196231044)	(9.0, 0.3428944647036412)	('>10', 5.574676395349954)	('>50', 1.9033684338591477)	('>100', 5.212091912365011)	('>500', 4.520379969328394)	('>1k', 26.843417931043316)	('>5k', 20.57574894106121)	('>10k+', 27.274037030040887)
092023-BEL-CBC-T1-190-OANN_S81_R1_16S	(1.0, 1.4542290300681744)	(2.0, 0.36635059616618504)	(3.0, 0.20162826249257226)	(4.0, 0.17132477048067432)	(5.0, 0.1371275336851247)	(6.0, 0.13814329319390342)	(7.0, 0.12680064534587457)	(8.0, 0.0920955287959356)	(9.0, 0.10665474842176366)	('>10', 2.058605937791502)	('>50', 0.8393559407541338)	('>100', 2.410566607583322)	('>500', 1.0550355431181446)	('>1k', 1.5857698864550165)	('>5k', 4.937437678921805)	('>10k+', 84.31887399672587)
092023-BEL-CBC-T1-196-SSID_S82_R1_16S	(1.0, 1.5648541855273868)	(2.0, 0.42356955397733775)	(3.0, 0.2691431540897667)	(4.0, 0.20786283667406386)	(5.0, 0.19446287393249687)	(6.0, 0.18335070970778275)	(7.0, 0.1864555791235117)	(8.0, 0.15295567226959417)	(9.0, 0.13089475799994119)	('>10', 2.1604988708080177)	('>50', 1.0347385863366136)	('>100', 2.7976507577515517)	('>500', 1.103535956021976)	('>1k', 4.556640988851885)	('>5k', 6.897549114131732)	('>10k+', 78.13583640279634)
092023-BEL-CBC-T2-194-OANN_S4_R1_16S	(1.0, 1.255011161038768)	(2.0, 0.27975280964210375)	(3.0, 0.17201890431226358)	(4.0, 0.11564839012918376)	(5.0, 0.10902606611340648)	(6.0, 0.08431349112770102)	(7.0, 0.07123036319409223)	(8.0, 0.06719236074544756)	(9.0, 0.05960091614199555)	('>10', 1.277139414457341)	('>50', 0.924541040641687)	('>100', 2.550240826466037)	('>500', 0.45274083454204206)	('>1k', 3.6217651562383906)	('>5k', 1.2600182840750875)	('>10k+', 87.69975998113445)
092023-BEL-CBC-T3-184-PAST_S37_R1_16S	(1.0, 1.7724218593063883)	(2.0, 0.619343259596629)	(3.0, 0.40860885253472656)	(4.0, 0.28122952496991516)	(5.0, 0.23560951524515591)	(6.0, 0.19149139884466856)	(7.0, 0.16492666067160916)	(8.0, 0.1389251324951517)	(9.0, 0.1368600291742778)	('>10', 2.2856000345435468)	('>50', 1.423888739742538)	('>100', 4.4248593383033485)	('>500', 2.4731489634120014)	('>1k', 4.961316860066722)	('>5k', 2.514544898162246)	('>10k+', 77.96722493293107)
092023-BEL-CBC-T3-198-SSID_S76_R1_16S	(1.0, 2.0029714655170503)	(2.0, 0.6182065367812961)	(3.0, 0.36401559687265433)	(4.0, 0.2665904979529658)	(5.0, 0.19927861142663558)	(6.0, 0.18732189474103744)	(7.0, 0.16894397835391436)	(8.0, 0.1293096767479502)	(9.0, 0.11358880851318229)	('>10', 4.564808725746132)	('>50', 3.2748118477777117)	('>100', 7.53915271162835)	('>500', 2.840384474867646)	('>1k', 12.119903726288612)	('>5k', 6.970101565665623)	('>10k+', 58.64060988111923)
092023-BEL-CBC-T3-220-SSID_S19_R1_16S	(1.0, 1.8391848803861843)	(2.0, 0.46135485135111065)	(3.0, 0.26051408112007696)	(4.0, 0.2003954470154438)	(5.0, 0.17924259427492475)	(6.0, 0.1736760540800513)	(7.0, 0.1433940754199398)	(8.0, 0.16744152906179305)	(9.0, 0.14428472185111954)	('>10', 4.773419547907872)	('>50', 2.391830990933219)	('>100', 5.984476032704537)	('>500', 2.78237945100554)	('>1k', 11.032437343023567)	('>5k', 7.582073068633215)	('>10k+', 61.88389533123141)
092023-BEL-CBC-T3-264-SSID_S59_R1_16S	(1.0, 2.6735129888097107)	(2.0, 0.7315041194356622)	(3.0, 0.4295583305739389)	(4.0, 0.2425243091307983)	(5.0, 0.2048755853318153)	(6.0, 0.17508924561936687)	(7.0, 0.15029249580798848)	(8.0, 0.1427325111093975)	(9.0, 0.12791494110015922)	('>10', 4.522987645473005)	('>50', 3.6162430807240047)	('>100', 8.979598625292383)	('>500', 2.2291370882265333)	('>1k', 14.060361941827429)	('>5k', 7.4347913519823035)	('>10k+', 54.2788757395555)
092023-BEL-CBC-T3-90-SSID_S67_R1_16S	(1.0, 2.9059892664221114)	(2.0, 0.8470421376104219)	(3.0, 0.5351467768623983)	(4.0, 0.4289929172393868)	(5.0, 0.37153850868054034)	(6.0, 0.3453830731651798)	(7.0, 0.26812057327461675)	(8.0, 0.2460143056005463)	(9.0, 0.24623317953791335)	('>10', 4.609375683981054)	('>50', 2.3319923656770647)	('>100', 6.789797848031448)	('>500', 5.33767871056986)	('>1k', 13.676119102441758)	('>5k', 11.570661261939573)	('>10k+', 49.489914288966126)
102019-BEL-CBC-T2-35-PSTR_S46_R1_16S	(1.0, 1.1281087521250583)	(2.0, 0.3420437943210558)	(3.0, 0.2010302003054235)	(4.0, 0.16377412902807428)	(5.0, 0.12206767380974481)	(6.0, 0.11062382939008124)	(7.0, 0.07921683414944898)	(8.0, 0.07730952674617171)	(9.0, 0.06637429763404874)	('>10', 1.1281087521250583)	('>50', 0.6022005241280745)	('>100', 1.0000648484517114)	('>500', 0.5913924488428366)	('>1k', 5.121628993106992)	('>5k', 0.0)	('>10k+', 89.26605539583622)
112023-BEL-CBC-T2-309-PAST_S3_R1_16S	(1.0, 1.683387879937017)	(2.0, 0.46495140268583635)	(3.0, 0.29595310915641)	(4.0, 0.25281045536109303)	(5.0, 0.21708723884267772)	(6.0, 0.1450912178594099)	(7.0, 0.1346490468771039)	(8.0, 0.12090934821617491)	(9.0, 0.09892583035868857)	('>10', 2.3772426623139298)	('>50', 1.358856197565875)	('>100', 2.931227312322586)	('>500', 1.7529107551613177)	('>1k', 4.783888279762248)	('>5k', 11.401476742812076)	('>10k+', 71.98063252076756)
112023-BEL-CBC-T3-349-PAST_S73_R1_16S	(1.0, 1.8631338302233558)	(2.0, 0.5961865252880074)	(3.0, 0.36798115675671267)	(4.0, 0.3251926501570949)	(5.0, 0.28016284083083054)	(6.0, 0.19193701531828536)	(7.0, 0.18684314548499753)	(8.0, 0.1613737963185584)	(9.0, 0.13753448549877137)	('>10', 2.281646175726284)	('>50', 1.5780808743525694)	('>100', 2.6351607421564593)	('>500', 0.7761020077997335)	('>1k', 9.464613905042116)	('>5k', 3.5298480396751333)	('>10k+', 75.62420280937108)
112023-BEL-CBC-T3-351-OFAV_S61_R1_16S	(1.0, 1.0728125595144449)	(2.0, 0.34301020957364886)	(3.0, 0.2338141410461294)	(4.0, 0.1995545214417607)	(5.0, 0.14542225239920842)	(6.0, 0.13724548518245577)	(7.0, 0.10070879116329522)	(8.0, 0.10101930131076683)	(9.0, 0.08849539202941152)	('>10', 1.438904023383484)	('>50', 0.6734965098659424)	('>100', 1.6304887843734732)	('>500', 1.3598274391607117)	('>1k', 2.2095902094080433)	('>5k', 0.0)	('>10k+', 90.26561038014722)
122022-BEL-CBC-T1-122-PSTR_S45_R1_16S	(1.0, 1.8284528339764234)	(2.0, 0.6223264025223705)	(3.0, 0.3684361244534716)	(4.0, 0.2627469156759534)	(5.0, 0.23912921539047438)	(6.0, 0.17890407966250307)	(7.0, 0.15085806057349682)	(8.0, 0.1487915117985174)	(9.0, 0.13152106846476092)	('>10', 2.7356677461923837)	('>50', 1.6654907020066188)	('>100', 4.533122348544117)	('>500', 2.9293328885333114)	('>1k', 13.560693061414877)	('>5k', 4.407653315777509)	('>10k+', 66.23687372501321)
122022-BEL-CBC-T1-132-PSTR_S11_R1_16S	(1.0, 1.3350891045309699)	(2.0, 0.3112035862998408)	(3.0, 0.20986952596749592)	(4.0, 0.14917196698670054)	(5.0, 0.11445090570531334)	(6.0, 0.10030528814622967)	(7.0, 0.0738144043537639)	(8.0, 0.07201405302806232)	(9.0, 0.07638633481905184)	('>10', 1.330974015786509)	('>50', 0.7895826528433977)	('>100', 2.517405539423836)	('>500', 0.6692163070679221)	('>1k', 5.789158284316625)	('>5k', 1.4479968519571105)	('>10k+', 85.01336117876717)
122022-BEL-CBC-T1-133-PSTR_S32_R1_16S	(1.0, 1.9373783440929797)	(2.0, 0.6283736242289776)	(3.0, 0.38942729920034513)	(4.0, 0.28863586172185157)	(5.0, 0.2567934712827861)	(6.0, 0.21801765711908538)	(7.0, 0.19773097288774533)	(8.0, 0.1869456470938683)	(9.0, 0.14675746883811228)	('>10', 3.0239999178260892)	('>50', 1.69406653005254)	('>100', 4.441885069513993)	('>500', 2.4193796896907696)	('>1k', 9.536025556086262)	('>5k', 4.536898653888623)	('>10k+', 70.09768423647597)
122022-BEL-CBC-T1-134-PAST_S6_R1_16S	(1.0, 1.0672496528207456)	(2.0, 0.2436442134499306)	(3.0, 0.14189662995503857)	(4.0, 0.11274732225109653)	(5.0, 0.0845604916883224)	(6.0, 0.0874479231118261)	(7.0, 0.07699817129343178)	(8.0, 0.06489845866160679)	(9.0, 0.05568617745328548)	('>10', 1.3991667697892176)	('>50', 0.5623616439109571)	('>100', 1.6005994857622132)	('>500', 0.8007809814516905)	('>1k', 4.309835141415391)	('>5k', 1.787320051148785)	('>10k+', 87.60480688583647)
122022-BEL-CBC-T1-144-MCAV_S84_R1_16S	(1.0, 1.2121023231961194)	(2.0, 0.29098389105245787)	(3.0, 0.165325316873524)	(4.0, 0.12636690886990867)	(5.0, 0.1275002443754684)	(6.0, 0.11390021830875177)	(7.0, 0.08925017106282787)	(8.0, 0.06460012381690398)	(9.0, 0.06630012707524356)	('>10', 2.912247248473893)	('>50', 1.6926365775534402)	('>100', 4.045724420971807)	('>500', 1.2203190056114275)	('>1k', 3.1720644131234583)	('>5k', 3.603156906050737)	('>10k+', 81.09752210358403)
122022-BEL-CBC-T1-152-PAST_S15_R1_16S	(1.0, 2.1994304682340227)	(2.0, 0.6265707154313946)	(3.0, 0.4207158602588625)	(4.0, 0.31049773988523593)	(5.0, 0.28305042586223167)	(6.0, 0.27275768310360504)	(7.0, 0.2536732225719848)	(8.0, 0.27790405448291833)	(9.0, 0.22193726573288616)	('>10', 5.003774005678164)	('>50', 2.871460797516018)	('>100', 10.447777196428417)	('>500', 4.7503152152469825)	('>1k', 13.464837417550843)	('>5k', 7.448729275133591)	('>10k+', 51.14656865688284)
122022-BEL-CBC-T1-155-PAST_S28_R1_16S	(1.0, 2.0878543435793966)	(2.0, 0.6538333487097823)	(3.0, 0.4067405003630179)	(4.0, 0.35780328039823667)	(5.0, 0.31688855550964906)	(6.0, 0.23947147802438037)	(7.0, 0.24147710179342877)	(8.0, 0.22783886016389956)	(9.0, 0.2202174898415156)	('>10', 4.456295452448666)	('>50', 2.7190241436989315)	('>100', 8.232684447189921)	('>500', 3.150834941175055)	('>1k', 7.700592461261377)	('>5k', 11.418417241946416)	('>10k+', 57.57002635389633)
122022-BEL-CBC-T2-118-OANN_S24_R1_16S	(1.0, 0.8715970961887478)	(2.0, 0.21415607985480942)	(3.0, 0.13475499092558985)	(4.0, 0.09437386569872958)	(5.0, 0.07316243194192378)	(6.0, 0.0721415607985481)	(7.0, 0.05161070780399274)	(8.0, 0.04446460980036298)	(9.0, 0.06431488203266787)	('>10', 1.1080989110707804)	('>50', 0.5627268602540835)	('>100', 1.6863656987295825)	('>500', 0.9783348457350273)	('>1k', 1.0932395644283122)	('>5k', 0.6695780399274047)	('>10k+', 92.28107985480943)
122022-BEL-CBC-T2-85-MCAV_S47_R1_16S	(1.0, 4.9204162840526475)	(2.0, 1.507499234771962)	(3.0, 0.6800964187327824)	(4.0, 0.3787878787878788)	(5.0, 0.20565503520048972)	(6.0, 0.1893939393939394)	(7.0, 0.16069788797061524)	(8.0, 0.17600244872972146)	(9.0, 0.1119146005509642)	('>10', 2.1866391184573)	('>50', 1.4701943679216405)	('>100', 3.116391184573003)	('>500', 0.6628787878787878)	('>1k', 51.74376339149066)	('>5k', 6.05582338536884)	('>10k+', 26.433846036118762)
122022-BEL-CBC-T2-86-MCAV_S8_R1_16S	(1.0, 1.432097305765337)	(2.0, 0.3635664986772682)	(3.0, 0.18954229046894167)	(4.0, 0.1330121336624152)	(5.0, 0.12192778919054725)	(6.0, 0.10640970692993217)	(7.0, 0.1008675346939982)	(8.0, 0.10345388173743406)	(9.0, 0.0831325835390095)	('>10', 1.9419771514712618)	('>50', 0.9794865731640632)	('>100', 3.10989758065708)	('>500', 2.432644133425949)	('>1k', 5.378862894048446)	('>5k', 8.229756292212878)	('>10k+', 75.29336565035544)
122022-BEL-CBC-T2-96-SSID_S49_R1_16S	(1.0, 2.6632429300217013)	(2.0, 0.8689625396248282)	(3.0, 0.49969890811584655)	(4.0, 0.33449604035767444)	(5.0, 0.2726869894220172)	(6.0, 0.22905707111449447)	(7.0, 0.24337313805915034)	(8.0, 0.1781554997557179)	(9.0, 0.13907036460522876)	('>10', 4.408666901480463)	('>50', 2.0142478951973004)	('>100', 4.647949734698283)	('>500', 1.2427709542908434)	('>1k', 16.553463692863556)	('>5k', 6.664697260631952)	('>10k+', 59.03946007976094)
122022-BEL-CBC-T3-115-PAST_S90_R1_16S	(1.0, 1.259707172157428)	(2.0, 0.32770379558327256)	(3.0, 0.1808879011835237)	(4.0, 0.17839949619369744)	(5.0, 0.1349481167559621)	(6.0, 0.10566150418339162)	(7.0, 0.10317309919356536)	(8.0, 0.10566150418339162)	(9.0, 0.08441435388564439)	('>10', 1.2637269032948397)	('>50', 0.7032615332785884)	('>100', 1.9512923435606777)	('>500', 0.46246049657078653)	('>1k', 1.1015977474192369)	('>5k', 1.979047629985663)	('>10k+', 90.05805640257033)
122022-BEL-CBC-T3-119-MCAV_S74_R1_16S	(1.0, 1.4662151456081716)	(2.0, 0.4237616027769282)	(3.0, 0.27415533257916047)	(4.0, 0.18571812852136682)	(5.0, 0.1750319663643834)	(6.0, 0.16803068770980806)	(7.0, 0.1496062701977677)	(8.0, 0.09138511085972016)	(9.0, 0.09285906426068341)	('>10', 1.2768121335843967)	('>50', 0.7465573975878752)	('>100', 1.7971176841244163)	('>500', 0.4816142737647349)	('>1k', 0.5129357835352035)	('>5k', 5.5472236245251105)	('>10k+', 86.61097579400028)
122022-BEL-CBC-T3-120-SSID_S85_R1_16S	(1.0, 1.893972524565436)	(2.0, 0.5004136657380097)	(3.0, 0.3023989745104478)	(4.0, 0.21737166683633893)	(5.0, 0.21005903160635653)	(6.0, 0.16776045527606634)	(7.0, 0.1726355454293879)	(8.0, 0.15256164479806372)	(9.0, 0.17034138535723659)	('>10', 5.708157029521539)	('>50', 3.135543278612836)	('>100', 7.923742119201689)	('>500', 3.4967301049721615)	('>1k', 4.880968938506474)	('>5k', 4.530249217476338)	('>10k+', 66.53709441759162)
122022-BEL-CBC-T3-122-PAST_S51_R1_16S	(1.0, 2.6061816339304342)	(2.0, 0.7793110985266212)	(3.0, 0.5120562725403117)	(4.0, 0.3672021698310035)	(5.0, 0.34971635222000336)	(6.0, 0.26824833835057077)	(7.0, 0.25036511579386606)	(8.0, 0.2193675300289112)	(9.0, 0.21281034842478616)	('>10', 4.073201990998778)	('>50', 2.1126046913653838)	('>100', 5.491937647164019)	('>500', 2.6802976563043326)	('>1k', 14.645763166522608)	('>5k', 4.4368275163184405)	('>10k+', 60.99410847167993)
122022-BEL-CBC-T3-128-MCAV_S68_R1_16S	(1.0, 0.9550459799595965)	(2.0, 0.25821400061671645)	(3.0, 0.15619641555162983)	(4.0, 0.1171953425418133)	(5.0, 0.09942391764817765)	(6.0, 0.0766572814330877)	(7.0, 0.069260526207088)	(8.0, 0.06839597040145169)	(9.0, 0.05619612736636129)	('>10', 0.9373706168221425)	('>50', 0.717004948141061)	('>100', 2.441313471604625)	('>500', 1.5039428547824827)	('>1k', 2.4587006494735335)	('>5k', 0.6113370163410654)	('>10k+', 89.47374488110917)
122022-BEL-CBC-T3-129-PAST_S16_R1_16S	(1.0, 1.6747678488298678)	(2.0, 0.38335334284491906)	(3.0, 0.21485880572429092)	(4.0, 0.17490260676503683)	(5.0, 0.14983574609720288)	(6.0, 0.1379619699913868)	(7.0, 0.1424853132697929)	(8.0, 0.1266536117953715)	(9.0, 0.11704150732875847)	('>10', 3.9390781049453336)	('>50', 2.6346589870349675)	('>100', 7.241684116091605)	('>500', 2.1146629826548633)	('>1k', 10.699403107159887)	('>5k', 5.293630944191367)	('>10k+', 64.95502100527534)
122022-BEL-CBC-T3-132-MCAV_S55_R1_16S	(1.0, 1.2897574424664147)	(2.0, 0.42318698312536035)	(3.0, 0.2715958634764036)	(4.0, 0.1916318414152575)	(5.0, 0.14560262460472997)	(6.0, 0.10497479548115209)	(7.0, 0.08794868212011513)	(8.0, 0.07796785704640379)	(9.0, 0.07925949323241349)	('>10', 1.2982117884112052)	('>50', 0.7997576420829161)	('>100', 1.3846339914023997)	('>500', 0.41520232306639127)	('>1k', 6.873735517529264)	('>5k', 2.0930377286929933)	('>10k+', 84.46349542584657)
122022-BEL-CBC-T3-133-MCAV_S57_R1_16S	(1.0, 1.916758985241164)	(2.0, 0.5495772416076781)	(3.0, 0.32454529851406105)	(4.0, 0.23370035384452686)	(5.0, 0.1837703079192867)	(6.0, 0.16435306783724887)	(7.0, 0.16019223067681218)	(8.0, 0.16365959497717608)	(9.0, 0.1513504517108842)	('>10', 3.334910984089999)	('>50', 1.7796247271617716)	('>100', 2.8562413424247626)	('>500', 0.9113967063506512)	('>1k', 12.381264443739413)	('>5k', 2.149939234440636)	('>10k+', 72.73871502946393)
122022-BEL-CBC-T3-145-MCAV_S93_R1_16S	(1.0, 1.0240116843057538)	(2.0, 0.26013566292812484)	(3.0, 0.1722127154021385)	(4.0, 0.13370101111389654)	(5.0, 0.11898663353206826)	(6.0, 0.1024556661253229)	(7.0, 0.10681548170512387)	(8.0, 0.08138322415628485)	(9.0, 0.0899211963333951)	('>10', 1.0974019132324035)	('>50', 0.7222761143870281)	('>100', 1.3655305713901635)	('>500', 0.340065615224476)	('>1k', 2.106517560973838)	('>5k', 4.614319814271856)	('>10k+', 87.66426513491812)
122022-BEL-CBC-T3-147-OFAV_S92_R1_16S	(1.0, 1.3845448163449137)	(2.0, 0.44947454249642754)	(3.0, 0.2978864570479014)	(4.0, 0.22367932847838357)	(5.0, 0.17720541394655726)	(6.0, 0.15279716289976067)	(7.0, 0.13753256007792505)	(8.0, 0.12151228384906784)	(9.0, 0.13126047079964606)	('>10', 2.092157394679908)	('>50', 1.4037389208832614)	('>100', 4.457188456635304)	('>500', 2.2689094045822524)	('>1k', 5.780070322967258)	('>5k', 6.093523652199803)	('>10k+', 74.82851881211164)
122022-BEL-CBC-T4-10-OFAV_S64_R1_16S	(1.0, 0.9281414931604828)	(2.0, 0.254574425955372)	(3.0, 0.14304785424879507)	(4.0, 0.11059161841083316)	(5.0, 0.08281014905159005)	(6.0, 0.08094024246010255)	(7.0, 0.061239440871216196)	(8.0, 0.06785089631968992)	(9.0, 0.04026977409524904)	('>10', 1.048015862150486)	('>50', 0.5751298416389464)	('>100', 1.8399213036454496)	('>500', 1.2519024630008928)	('>1k', 3.9599279017444227)	('>5k', 3.596631763969705)	('>10k+', 85.95900496927676)
122022-BEL-CBC-T4-36-PSTR_S86_R1_16S	(1.0, 0.8921782004864104)	(2.0, 0.22467401181136076)	(3.0, 0.1399420039439363)	(4.0, 0.10121832614027172)	(5.0, 0.10224073347502194)	(6.0, 0.09738429863495841)	(7.0, 0.08856603537273776)	(8.0, 0.06134444008501317)	(9.0, 0.06671207859245182)	('>10', 1.076083719824606)	('>50', 0.6548518979075155)	('>100', 1.8651265804180879)	('>500', 0.6400269915536374)	('>1k', 1.1197916333851778)	('>5k', 2.4717975326754993)	('>10k+', 90.39806151569331)
122022-BEL-CBC-T4-38-MCAV_S66_R1_16S	(1.0, 0.9493174249764847)	(2.0, 0.26952676890863936)	(3.0, 0.16523955178771577)	(4.0, 0.11825967922062013)	(5.0, 0.09821223359931636)	(6.0, 0.0771522907244114)	(7.0, 0.07158355582960481)	(8.0, 0.07289980225928637)	(9.0, 0.06469857450511665)	('>10', 1.0893457951495307)	('>50', 0.5237648292879006)	('>100', 1.9617134288523241)	('>500', 1.0824608138250424)	('>1k', 1.4759172465744688)	('>5k', 0.0)	('>10k+', 91.97990800449953)
122022-BEL-CBC-T4-5-MCAV_S21_R1_16S	(1.0, 1.3014248323311515)	(2.0, 0.3274734936017648)	(3.0, 0.20870385829915428)	(4.0, 0.18148161591230808)	(5.0, 0.13409474953520542)	(6.0, 0.14881492504809263)	(7.0, 0.14820998632838492)	(8.0, 0.11776140410309768)	(9.0, 0.08892599179703095)	('>10', 1.670235805112942)	('>50', 0.6581733270419707)	('>100', 2.110227900580338)	('>500', 0.7610129093922785)	('>1k', 6.824112050782589)	('>5k', 6.210704188998988)	('>10k+', 79.1086429611347)
122022-BEL-CBC-T4-6-MCAV_S87_R1_16S	(1.0, 0.8944975211209094)	(2.0, 0.23278662300624228)	(3.0, 0.13967197380374538)	(4.0, 0.10696246882748361)	(5.0, 0.09371153797943599)	(6.0, 0.0873845169438817)	(7.0, 0.0626733215786037)	(8.0, 0.07162665323268992)	(9.0, 0.07091038670036302)	('>10', 0.9636172414904551)	('>50', 0.587577312018833)	('>100', 1.810841171477789)	('>500', 0.45876871395537894)	('>1k', 1.5683849502851337)	('>5k', 4.055262350524128)	('>10k+', 88.79532325705493)
122022-BEL-CBC-T4-9-OFAV_S9_R1_16S	(1.0, 1.210028032647968)	(2.0, 0.2796627232157673)	(3.0, 0.18253302741535446)	(4.0, 0.13983136160788365)	(5.0, 0.11062607722142695)	(6.0, 0.08894336608602726)	(7.0, 0.07588948897389888)	(8.0, 0.07257070665725607)	(9.0, 0.06172935108955624)	('>10', 1.45982171501395)	('>50', 0.829916831315145)	('>100', 1.9288762824328003)	('>500', 0.6896429653983756)	('>1k', 1.9795430258002136)	('>5k', 3.024074446924927)	('>10k+', 87.86631059819945)
122023-BEL-CBC-T1-511-OANN_S14_R1_16S	(1.0, 1.127141489800757)	(2.0, 0.22760600978214102)	(3.0, 0.14594181645753024)	(4.0, 0.11450549257558329)	(5.0, 0.09571394701486641)	(6.0, 0.07165374382030365)	(7.0, 0.0663850861864578)	(8.0, 0.07727364529640589)	(9.0, 0.0663850861864578)	('>10', 1.7783475733441048)	('>50', 1.3983017360226904)	('>100', 3.3928398942756033)	('>500', 0.7551742608512394)	('>1k', 2.849816914147224)	('>5k', 0.0)	('>10k+', 87.83291330423863)
122023-BEL-CBC-T3-479-PAST_S29_R1_16S	(1.0, 1.7514518856134678)	(2.0, 0.586267735058443)	(3.0, 0.39311181357053593)	(4.0, 0.2844960670440344)	(5.0, 0.2563772697199147)	(6.0, 0.22936117033007425)	(7.0, 0.20712342865544364)	(8.0, 0.18819378078365068)	(9.0, 0.15878850253620524)	('>10', 3.271153422039256)	('>50', 1.7746085422333309)	('>100', 5.071307799750055)	('>500', 2.4963243402190693)	('>1k', 9.547526280967434)	('>5k', 11.01595236344924)	('>10k+', 62.76795559802984)
122023-BEL-CBC-T3-530-PSTR_S31_R1_16S	(1.0, 1.2145686347320213)	(2.0, 0.26125934963662406)	(3.0, 0.18500344809293937)	(4.0, 0.09902215620745142)	(5.0, 0.10941064134528673)	(6.0, 0.09415946103654979)	(7.0, 0.07581383834633)	(8.0, 0.06365710041907591)	(9.0, 0.06564638480717203)	('>10', 1.4504093505207505)	('>50', 1.095874666242286)	('>100', 2.9503297791452265)	('>500', 0.2990557530104504)	('>1k', 4.035152865453645)	('>5k', 1.795439676056089)	('>10k+', 86.2051968949481)
Negative_S96_R1_16S	(1.0, 5.246646473388144)	(2.0, 1.1755372854464157)	(3.0, 0.540891389009087)	(4.0, 0.34617048896581565)	(5.0, 0.21635655560363476)	(6.0, 0.21635655560363476)	(7.0, 0.10096639261502956)	(8.0, 0.20193278523005911)	(9.0, 0.29208135006490693)	('>10', 2.037357565267561)	('>50', 2.859512476561373)	('>100', 7.031588057118131)	('>500', 0.0)	('>1k', 48.911005336795036)	('>5k', 30.823597288331168)	('>10k+', 0.0)
Undetermined_S0_R1_16S	(1.0, 9.754588038944586)	(2.0, 1.607378101105612)	(3.0, 0.8775162270695157)	(4.0, 0.6174406892671414)	(5.0, 0.47814431085236875)	(6.0, 0.4143210527881611)	(7.0, 0.3586787588596274)	(8.0, 0.3129012307706668)	(9.0, 0.28627745283369554)	('>10', 6.9609425993720215)	('>50', 8.95591738641627)	('>100', 19.640193226454116)	('>500', 1.3005993499053499)	('>1k', 21.242499450997087)	('>5k', 6.116690589881993)	('>10k+', 21.075911534481786)
