Sample	0	1	2	3	4	5	6	7	8	9	10	11	12	13	14	15	16	17	18	19	20	21	22	23	24	25	26	27	28	29	30	31	32	33	34	35	36	37	38	39	40	41	42	43	44	45	46	47	48
012024-BEL-CBC-T2-597-PAST_S54_R1_16S	(194, 1.0)	(196, 0.0)	(198, 0.0)	(200, 0.0)	(202, 0.0)	(204, 2.0)	(206, 1.0)	(208, 3.0)	(210, 4.0)	(212, 5.0)	(214, 5.0)	(216, 2.0)	(218, 5.0)	(220, 8.0)	(222, 8.0)	(224, 5.0)	(226, 4.0)	(228, 1661.0)	(230, 900700.0)	(232, 845.0)	(234, 15.0)	(236, 6.0)	(238, 27.0)	(240, 0.0)	(242, 0.0)	(244, 0.0)	(246, 23.0)	(248, 364.0)	(250, 19540.0)																				
012024-BEL-CBC-T3-640-MCAV_S56_R1_16S	(194, 1.0)	(196, 1.0)	(198, 1.0)	(200, 0.0)	(202, 0.0)	(204, 4.0)	(206, 3.0)	(208, 3.0)	(210, 2.0)	(212, 6.0)	(214, 6.0)	(216, 4.0)	(218, 2.0)	(220, 6.0)	(222, 6.0)	(224, 5.0)	(226, 5.0)	(228, 801.0)	(230, 942355.0)	(232, 1157.0)	(234, 22.0)	(236, 10.0)	(238, 32.0)	(240, 0.0)	(242, 0.0)	(244, 0.0)	(246, 19.0)	(248, 277.0)	(250, 20912.0)																				
022024-BEL-CBC-T1-773-SSID_S63_R1_16S	(198, 2.0)	(200, 0.0)	(202, 2.0)	(204, 0.0)	(206, 1.0)	(208, 1.0)	(210, 3.0)	(212, 6.0)	(214, 6.0)	(216, 7.0)	(218, 6.0)	(220, 1.0)	(222, 3.0)	(224, 7.0)	(226, 7.0)	(228, 530.0)	(230, 836159.0)	(232, 10987.0)	(234, 32.0)	(236, 3.0)	(238, 34.0)	(240, 1.0)	(242, 0.0)	(244, 0.0)	(246, 149.0)	(248, 145.0)	(250, 32738.0)																						
022024-BEL-CBC-T3-845-SSID_S70_R1_16S	(196, 1.0)	(198, 1.0)	(200, 0.0)	(202, 0.0)	(204, 0.0)	(206, 2.0)	(208, 1.0)	(210, 8.0)	(212, 1.0)	(214, 12.0)	(216, 11.0)	(218, 9.0)	(220, 3.0)	(222, 3.0)	(224, 5.0)	(226, 4.0)	(228, 885.0)	(230, 880324.0)	(232, 5969.0)	(234, 36.0)	(236, 11.0)	(238, 45.0)	(240, 2.0)	(242, 0.0)	(244, 0.0)	(246, 143.0)	(248, 156.0)	(250, 48368.0)																					
022024-BEL-CBC-T3-846-OFAV_S94_R1_16S	(200, 1.0)	(202, 0.0)	(204, 1.0)	(206, 2.0)	(208, 7.0)	(210, 4.0)	(212, 10.0)	(214, 13.0)	(216, 4.0)	(218, 4.0)	(220, 7.0)	(222, 17.0)	(224, 19.0)	(226, 18.0)	(228, 1214930.0)	(230, 10944.0)	(232, 1027.0)	(234, 120.0)	(236, 16.0)	(238, 149.0)	(240, 1.0)	(242, 1.0)	(244, 3.0)	(246, 53.0)	(248, 6972.0)	(250, 58077.0)																							
022024-BEL-CBC-T3-849-PSTR_S23_R1_16S	(207, 1.0)	(208, 0.0)	(209, 3.0)	(210, 0.0)	(211, 0.0)	(212, 0.0)	(213, 0.0)	(214, 0.0)	(215, 0.0)	(216, 0.0)	(217, 0.0)	(218, 0.0)	(219, 2.0)	(220, 0.0)	(221, 0.0)	(222, 1.0)	(223, 2.0)	(224, 2.0)	(225, 0.0)	(226, 0.0)	(227, 0.0)	(228, 3.0)	(229, 426.0)	(230, 696.0)	(231, 2188.0)	(232, 442045.0)	(233, 310.0)	(234, 16.0)	(235, 7.0)	(236, 0.0)	(237, 0.0)	(238, 4.0)	(239, 15.0)	(240, 1.0)	(241, 0.0)	(242, 0.0)	(243, 0.0)	(244, 0.0)	(245, 0.0)	(246, 0.0)	(247, 0.0)	(248, 67.0)	(249, 0.0)	(250, 0.0)	(251, 9030.0)				
022024-BEL-CBC-T3-850-MCAV_S43_R1_16S	(200, 2.0)	(202, 0.0)	(204, 2.0)	(206, 3.0)	(208, 2.0)	(210, 1.0)	(212, 5.0)	(214, 4.0)	(216, 2.0)	(218, 2.0)	(220, 3.0)	(222, 2.0)	(224, 2.0)	(226, 6.0)	(228, 858.0)	(230, 731355.0)	(232, 633.0)	(234, 14.0)	(236, 0.0)	(238, 23.0)	(240, 1.0)	(242, 0.0)	(244, 0.0)	(246, 18.0)	(248, 340.0)	(250, 15875.0)																							
022024-BEL-CBC-T3-853-SSID_S75_R1_16S	(198, 1.0)	(200, 0.0)	(202, 0.0)	(204, 1.0)	(206, 2.0)	(208, 0.0)	(210, 1.0)	(212, 1.0)	(214, 3.0)	(216, 3.0)	(218, 2.0)	(220, 3.0)	(222, 1.0)	(224, 1.0)	(226, 2.0)	(228, 4.0)	(230, 433162.0)	(232, 6810.0)	(234, 23.0)	(236, 3.0)	(238, 25.0)	(240, 0.0)	(242, 0.0)	(244, 0.0)	(246, 109.0)	(248, 90.0)	(250, 13413.0)																						
022024-BEL-CBC-T4-871-PSTR_S91_R1_16S	(130, 1.0)	(135, 0.0)	(140, 0.0)	(145, 0.0)	(150, 0.0)	(155, 0.0)	(160, 0.0)	(165, 0.0)	(170, 0.0)	(175, 0.0)	(180, 0.0)	(185, 0.0)	(190, 0.0)	(195, 2.0)	(200, 0.0)	(205, 11.0)	(210, 22.0)	(215, 25.0)	(220, 17.0)	(225, 3394.0)	(230, 1417382.0)	(235, 83.0)	(240, 3.0)	(245, 142.0)	(250, 32355.0)																								
042024-BEL-CBC-T1-932-SSID_S18_R1_16S	(130, 1.0)	(135, 0.0)	(140, 0.0)	(145, 0.0)	(150, 0.0)	(155, 0.0)	(160, 0.0)	(165, 0.0)	(170, 0.0)	(175, 0.0)	(180, 0.0)	(185, 0.0)	(190, 0.0)	(195, 0.0)	(200, 0.0)	(205, 9.0)	(210, 1.0)	(215, 1.0)	(220, 2.0)	(225, 13.0)	(230, 441514.0)	(235, 56.0)	(240, 2.0)	(245, 86.0)	(250, 3162.0)																								
042024-BEL-CBC-T1-938-SSID_S17_R1_16S	(198, 2.0)	(200, 0.0)	(202, 1.0)	(204, 0.0)	(206, 0.0)	(208, 1.0)	(210, 1.0)	(212, 0.0)	(214, 1.0)	(216, 1.0)	(218, 4.0)	(220, 2.0)	(222, 0.0)	(224, 1.0)	(226, 5.0)	(228, 8.0)	(230, 2953.0)	(232, 300088.0)	(234, 20.0)	(236, 5.0)	(238, 12.0)	(240, 0.0)	(242, 0.0)	(244, 0.0)	(246, 0.0)	(248, 118.0)	(250, 4123.0)																						
042024-BEL-CBC-T1-940-SSID_S35_R1_16S	(198, 1.0)	(200, 2.0)	(202, 0.0)	(204, 0.0)	(206, 3.0)	(208, 3.0)	(210, 1.0)	(212, 4.0)	(214, 5.0)	(216, 3.0)	(218, 3.0)	(220, 4.0)	(222, 0.0)	(224, 1.0)	(226, 3.0)	(228, 1963.0)	(230, 593177.0)	(232, 945.0)	(234, 12.0)	(236, 7.0)	(238, 19.0)	(240, 0.0)	(242, 0.0)	(244, 0.0)	(246, 21.0)	(248, 390.0)	(250, 15862.0)																						
042024-BEL-CBC-T2-1030-SSID_S48_R1_16S	(200, 2.0)	(202, 0.0)	(204, 2.0)	(206, 4.0)	(208, 0.0)	(210, 2.0)	(212, 2.0)	(214, 5.0)	(216, 7.0)	(218, 3.0)	(220, 0.0)	(222, 3.0)	(224, 3.0)	(226, 0.0)	(228, 1611.0)	(230, 531734.0)	(232, 1576.0)	(234, 9.0)	(236, 2.0)	(238, 15.0)	(240, 0.0)	(242, 0.0)	(244, 0.0)	(246, 11.0)	(248, 316.0)	(250, 16286.0)																							
042024-BEL-CBC-T3-1011-SSID_S10_R1_16S	(105, 3.0)	(110, 0.0)	(115, 0.0)	(120, 0.0)	(125, 0.0)	(130, 0.0)	(135, 0.0)	(140, 0.0)	(145, 0.0)	(150, 0.0)	(155, 0.0)	(160, 0.0)	(165, 0.0)	(170, 0.0)	(175, 0.0)	(180, 0.0)	(185, 0.0)	(190, 0.0)	(195, 0.0)	(200, 4.0)	(205, 3.0)	(210, 6.0)	(215, 9.0)	(220, 16.0)	(225, 16.0)	(230, 588274.0)	(235, 63.0)	(240, 7.0)	(245, 80.0)	(250, 3855.0)																			
042024-BEL-CBC-T3-1012-SSID_S27_R1_16S	(203, 1.0)	(204, 0.0)	(205, 0.0)	(206, 0.0)	(207, 0.0)	(208, 0.0)	(209, 0.0)	(210, 0.0)	(211, 0.0)	(212, 1.0)	(213, 0.0)	(214, 1.0)	(215, 1.0)	(216, 1.0)	(217, 0.0)	(218, 4.0)	(219, 1.0)	(220, 1.0)	(221, 1.0)	(222, 0.0)	(223, 3.0)	(224, 2.0)	(225, 0.0)	(226, 2.0)	(227, 1.0)	(228, 2.0)	(229, 7.0)	(230, 1744.0)	(231, 2222.0)	(232, 415239.0)	(233, 3183.0)	(234, 30.0)	(235, 14.0)	(236, 3.0)	(237, 1.0)	(238, 3.0)	(239, 19.0)	(240, 0.0)	(241, 0.0)	(242, 0.0)	(243, 0.0)	(244, 0.0)	(245, 0.0)	(246, 2.0)	(247, 0.0)	(248, 163.0)	(249, 0.0)	(250, 0.0)	(251, 22197.0)
042024-BEL-CBC-T3-1057-SSID_S5_R1_16S	(200, 1.0)	(202, 0.0)	(204, 1.0)	(206, 0.0)	(208, 0.0)	(210, 0.0)	(212, 2.0)	(214, 0.0)	(216, 2.0)	(218, 1.0)	(220, 3.0)	(222, 1.0)	(224, 2.0)	(226, 1.0)	(228, 14.0)	(230, 3900.0)	(232, 379918.0)	(234, 59.0)	(236, 10.0)	(238, 41.0)	(240, 3.0)	(242, 0.0)	(244, 0.0)	(246, 1.0)	(248, 79.0)	(250, 19806.0)																							
042024-BEL-CBC-T3-942-PAST_S34_R1_16S	(198, 1.0)	(200, 1.0)	(202, 0.0)	(204, 2.0)	(206, 4.0)	(208, 2.0)	(210, 7.0)	(212, 9.0)	(214, 10.0)	(216, 5.0)	(218, 4.0)	(220, 4.0)	(222, 3.0)	(224, 2.0)	(226, 13.0)	(228, 3774.0)	(230, 1014281.0)	(232, 1606.0)	(234, 34.0)	(236, 14.0)	(238, 41.0)	(240, 1.0)	(242, 1.0)	(244, 0.0)	(246, 18.0)	(248, 366.0)	(250, 19051.0)																						
042024-BEL-CBC-T3-953-MCAV_S41_R1_16S	(196, 1.0)	(198, 0.0)	(200, 0.0)	(202, 0.0)	(204, 1.0)	(206, 2.0)	(208, 0.0)	(210, 3.0)	(212, 0.0)	(214, 2.0)	(216, 0.0)	(218, 2.0)	(220, 0.0)	(222, 3.0)	(224, 3.0)	(226, 5.0)	(228, 422.0)	(230, 433914.0)	(232, 741.0)	(234, 10.0)	(236, 2.0)	(238, 10.0)	(240, 1.0)	(242, 0.0)	(244, 0.0)	(246, 26.0)	(248, 243.0)	(250, 9448.0)																					
052022-BEL-CBC-T1-10-PSTR_S38_R1_16S	(207, 3.0)	(208, 0.0)	(209, 3.0)	(210, 2.0)	(211, 0.0)	(212, 0.0)	(213, 1.0)	(214, 1.0)	(215, 5.0)	(216, 2.0)	(217, 2.0)	(218, 3.0)	(219, 1.0)	(220, 0.0)	(221, 2.0)	(222, 5.0)	(223, 2.0)	(224, 0.0)	(225, 1.0)	(226, 8.0)	(227, 5.0)	(228, 5.0)	(229, 2470.0)	(230, 643800.0)	(231, 2437.0)	(232, 1732.0)	(233, 27.0)	(234, 14.0)	(235, 5.0)	(236, 1.0)	(237, 0.0)	(238, 2.0)	(239, 23.0)	(240, 0.0)	(241, 0.0)	(242, 2.0)	(243, 0.0)	(244, 0.0)	(245, 0.0)	(246, 0.0)	(247, 33.0)	(248, 298.0)	(249, 0.0)	(250, 0.0)	(251, 12428.0)				
052022-BEL-CBC-T1-17-SSID_S69_R1_16S	(194, 1.0)	(196, 0.0)	(198, 0.0)	(200, 3.0)	(202, 0.0)	(204, 0.0)	(206, 2.0)	(208, 1.0)	(210, 5.0)	(212, 4.0)	(214, 11.0)	(216, 8.0)	(218, 2.0)	(220, 5.0)	(222, 1.0)	(224, 1.0)	(226, 8.0)	(228, 23.0)	(230, 896241.0)	(232, 9242.0)	(234, 36.0)	(236, 7.0)	(238, 45.0)	(240, 5.0)	(242, 0.0)	(244, 0.0)	(246, 111.0)	(248, 88.0)	(250, 22214.0)																				
052022-BEL-CBC-T1-34-PAST_S40_R1_16S	(130, 2.0)	(135, 0.0)	(140, 0.0)	(145, 0.0)	(150, 0.0)	(155, 0.0)	(160, 0.0)	(165, 0.0)	(170, 0.0)	(175, 0.0)	(180, 0.0)	(185, 0.0)	(190, 0.0)	(195, 0.0)	(200, 3.0)	(205, 1.0)	(210, 3.0)	(215, 5.0)	(220, 4.0)	(225, 1406.0)	(230, 432226.0)	(235, 29.0)	(240, 0.0)	(245, 207.0)	(250, 7519.0)																								
052022-BEL-CBC-T1-4-PSTR_S52_R1_16S	(190, 1.0)	(192, 0.0)	(194, 1.0)	(196, 0.0)	(198, 0.0)	(200, 0.0)	(202, 3.0)	(204, 1.0)	(206, 5.0)	(208, 2.0)	(210, 4.0)	(212, 5.0)	(214, 9.0)	(216, 5.0)	(218, 1.0)	(220, 6.0)	(222, 9.0)	(224, 10.0)	(226, 10.0)	(228, 1099.0)	(230, 1097253.0)	(232, 899.0)	(234, 21.0)	(236, 7.0)	(238, 36.0)	(240, 2.0)	(242, 0.0)	(244, 0.0)	(246, 15.0)	(248, 346.0)	(250, 26685.0)																		
052022-BEL-CBC-T1-61-PAST_S89_R1_16S	(110, 1.0)	(115, 0.0)	(120, 0.0)	(125, 0.0)	(130, 0.0)	(135, 0.0)	(140, 0.0)	(145, 0.0)	(150, 0.0)	(155, 0.0)	(160, 0.0)	(165, 0.0)	(170, 0.0)	(175, 0.0)	(180, 0.0)	(185, 0.0)	(190, 0.0)	(195, 1.0)	(200, 2.0)	(205, 1.0)	(210, 5.0)	(215, 3.0)	(220, 5.0)	(225, 2729.0)	(230, 508411.0)	(235, 36.0)	(240, 1.0)	(245, 118.0)	(250, 13674.0)																				
052022-BEL-CBC-T2-4-MCAV_S83_R1_16S	(194, 1.0)	(196, 3.0)	(198, 3.0)	(200, 0.0)	(202, 0.0)	(204, 2.0)	(206, 2.0)	(208, 1.0)	(210, 3.0)	(212, 0.0)	(214, 11.0)	(216, 1.0)	(218, 3.0)	(220, 0.0)	(222, 4.0)	(224, 3.0)	(226, 4.0)	(228, 10.0)	(230, 539166.0)	(232, 891.0)	(234, 17.0)	(236, 2.0)	(238, 14.0)	(240, 1.0)	(242, 0.0)	(244, 0.0)	(246, 55.0)	(248, 34.0)	(250, 19806.0)																				
052022-BEL-CBC-T2-60-PAST_S20_R1_16S	(130, 2.0)	(135, 0.0)	(140, 0.0)	(145, 0.0)	(150, 0.0)	(155, 0.0)	(160, 0.0)	(165, 0.0)	(170, 0.0)	(175, 0.0)	(180, 0.0)	(185, 0.0)	(190, 0.0)	(195, 0.0)	(200, 0.0)	(205, 1.0)	(210, 3.0)	(215, 4.0)	(220, 9.0)	(225, 9.0)	(230, 436455.0)	(235, 60.0)	(240, 1.0)	(245, 25.0)	(250, 3022.0)																								
052022-BEL-CBC-T2-62-PAST_S12_R1_16S	(105, 1.0)	(110, 0.0)	(115, 0.0)	(120, 0.0)	(125, 0.0)	(130, 0.0)	(135, 0.0)	(140, 0.0)	(145, 0.0)	(150, 0.0)	(155, 0.0)	(160, 0.0)	(165, 0.0)	(170, 0.0)	(175, 0.0)	(180, 0.0)	(185, 0.0)	(190, 2.0)	(195, 0.0)	(200, 1.0)	(205, 2.0)	(210, 5.0)	(215, 13.0)	(220, 12.0)	(225, 19.0)	(230, 726316.0)	(235, 65.0)	(240, 1.0)	(245, 128.0)	(250, 13255.0)																			
052022-BEL-CBC-T2-72-OFAV_S13_R1_16S	(200, 2.0)	(202, 0.0)	(204, 1.0)	(206, 0.0)	(208, 1.0)	(210, 3.0)	(212, 0.0)	(214, 4.0)	(216, 2.0)	(218, 1.0)	(220, 5.0)	(222, 8.0)	(224, 1.0)	(226, 3.0)	(228, 13.0)	(230, 3481.0)	(232, 615909.0)	(234, 69.0)	(236, 9.0)	(238, 48.0)	(240, 0.0)	(242, 1.0)	(244, 0.0)	(246, 0.0)	(248, 114.0)	(250, 8947.0)																							
052022-BEL-CBC-T3-40-MCAV_S1_R1_16S	(200, 1.0)	(202, 0.0)	(204, 1.0)	(206, 1.0)	(208, 0.0)	(210, 0.0)	(212, 2.0)	(214, 1.0)	(216, 2.0)	(218, 3.0)	(220, 1.0)	(222, 2.0)	(224, 2.0)	(226, 0.0)	(228, 9.0)	(230, 4120.0)	(232, 440205.0)	(234, 28.0)	(236, 7.0)	(238, 22.0)	(240, 2.0)	(242, 1.0)	(244, 0.0)	(246, 1.0)	(248, 35.0)	(250, 2837.0)																							
052022-BEL-CBC-T3-48-MCAV_S7_R1_16S	(200, 1.0)	(202, 0.0)	(204, 0.0)	(206, 1.0)	(208, 2.0)	(210, 1.0)	(212, 2.0)	(214, 2.0)	(216, 3.0)	(218, 8.0)	(220, 0.0)	(222, 4.0)	(224, 1.0)	(226, 3.0)	(228, 504.0)	(230, 4314.0)	(232, 722293.0)	(234, 61.0)	(236, 8.0)	(238, 34.0)	(240, 0.0)	(242, 0.0)	(244, 0.0)	(246, 2.0)	(248, 86.0)	(250, 10889.0)																							
052022-BEL-CBC-T3-49-MCAV_S2_R1_16S	(206, 1.0)	(207, 0.0)	(208, 3.0)	(209, 0.0)	(210, 0.0)	(211, 0.0)	(212, 1.0)	(213, 2.0)	(214, 0.0)	(215, 2.0)	(216, 1.0)	(217, 3.0)	(218, 0.0)	(219, 1.0)	(220, 2.0)	(221, 0.0)	(222, 0.0)	(223, 0.0)	(224, 0.0)	(225, 0.0)	(226, 0.0)	(227, 1.0)	(228, 0.0)	(229, 5.0)	(230, 1396.0)	(231, 1555.0)	(232, 405377.0)	(233, 241.0)	(234, 24.0)	(235, 5.0)	(236, 2.0)	(237, 0.0)	(238, 1.0)	(239, 25.0)	(240, 1.0)	(241, 0.0)	(242, 0.0)	(243, 0.0)	(244, 0.0)	(245, 0.0)	(246, 0.0)	(247, 0.0)	(248, 114.0)	(249, 0.0)	(250, 0.0)	(251, 8412.0)			
052022-BEL-CBC-T3-51-MCAV_S33_R1_16S	(188, 1.0)	(190, 0.0)	(192, 0.0)	(194, 0.0)	(196, 0.0)	(198, 0.0)	(200, 1.0)	(202, 0.0)	(204, 1.0)	(206, 0.0)	(208, 0.0)	(210, 3.0)	(212, 2.0)	(214, 1.0)	(216, 3.0)	(218, 2.0)	(220, 3.0)	(222, 5.0)	(224, 1.0)	(226, 9.0)	(228, 491.0)	(230, 525859.0)	(232, 1125.0)	(234, 13.0)	(236, 3.0)	(238, 24.0)	(240, 0.0)	(242, 0.0)	(244, 0.0)	(246, 22.0)	(248, 291.0)	(250, 15824.0)																	
052022-BEL-CBC-T3-55-PAST_S88_R1_16S	(194, 2.0)	(196, 0.0)	(198, 0.0)	(200, 3.0)	(202, 4.0)	(204, 1.0)	(206, 2.0)	(208, 5.0)	(210, 4.0)	(212, 4.0)	(214, 6.0)	(216, 7.0)	(218, 7.0)	(220, 5.0)	(222, 4.0)	(224, 3.0)	(226, 13.0)	(228, 15.0)	(230, 1120681.0)	(232, 2199.0)	(234, 30.0)	(236, 4.0)	(238, 36.0)	(240, 0.0)	(242, 0.0)	(244, 0.0)	(246, 67.0)	(248, 68.0)	(250, 21519.0)																				
062019-BEL-CBC-T1-16-MCAV_S78_R1_16S	(196, 1.0)	(198, 2.0)	(200, 0.0)	(202, 0.0)	(204, 4.0)	(206, 0.0)	(208, 3.0)	(210, 1.0)	(212, 2.0)	(214, 4.0)	(216, 4.0)	(218, 7.0)	(220, 2.0)	(222, 1.0)	(224, 3.0)	(226, 0.0)	(228, 386.0)	(230, 580015.0)	(232, 889.0)	(234, 13.0)	(236, 4.0)	(238, 20.0)	(240, 0.0)	(242, 0.0)	(244, 0.0)	(246, 55.0)	(248, 69.0)	(250, 13102.0)																					
062019-BEL-CBC-T1-17-MCAV_S65_R1_16S	(202, 1.0)	(204, 1.0)	(206, 3.0)	(208, 0.0)	(210, 0.0)	(212, 7.0)	(214, 0.0)	(216, 7.0)	(218, 9.0)	(220, 6.0)	(222, 0.0)	(224, 4.0)	(226, 6.0)	(228, 22.0)	(230, 775624.0)	(232, 1406.0)	(234, 21.0)	(236, 6.0)	(238, 43.0)	(240, 0.0)	(242, 2.0)	(244, 0.0)	(246, 131.0)	(248, 124.0)	(250, 19718.0)																								
062019-BEL-CBC-T2-25-PAST_S79_R1_16S	(204, 1.0)	(205, 0.0)	(206, 0.0)	(207, 0.0)	(208, 2.0)	(209, 1.0)	(210, 1.0)	(211, 0.0)	(212, 1.0)	(213, 0.0)	(214, 0.0)	(215, 1.0)	(216, 1.0)	(217, 3.0)	(218, 0.0)	(219, 3.0)	(220, 3.0)	(221, 0.0)	(222, 3.0)	(223, 0.0)	(224, 2.0)	(225, 0.0)	(226, 0.0)	(227, 0.0)	(228, 0.0)	(229, 193.0)	(230, 874.0)	(231, 381809.0)	(232, 861.0)	(233, 20.0)	(234, 5.0)	(235, 12.0)	(236, 2.0)	(237, 3.0)	(238, 4.0)	(239, 11.0)	(240, 2.0)	(241, 0.0)	(242, 0.0)	(243, 0.0)	(244, 0.0)	(245, 0.0)	(246, 5.0)	(247, 48.0)	(248, 37.0)	(249, 0.0)	(250, 0.0)	(251, 7115.0)	
062019-BEL-CBC-T2-26-SSID_S44_R1_16S	(204, 1.0)	(205, 0.0)	(206, 0.0)	(207, 0.0)	(208, 0.0)	(209, 0.0)	(210, 0.0)	(211, 2.0)	(212, 3.0)	(213, 2.0)	(214, 1.0)	(215, 3.0)	(216, 4.0)	(217, 0.0)	(218, 4.0)	(219, 2.0)	(220, 3.0)	(221, 3.0)	(222, 2.0)	(223, 0.0)	(224, 1.0)	(225, 2.0)	(226, 3.0)	(227, 4.0)	(228, 11.0)	(229, 1374.0)	(230, 626827.0)	(231, 3479.0)	(232, 1092.0)	(233, 8.0)	(234, 4.0)	(235, 8.0)	(236, 1.0)	(237, 3.0)	(238, 1.0)	(239, 20.0)	(240, 0.0)	(241, 0.0)	(242, 1.0)	(243, 0.0)	(244, 0.0)	(245, 0.0)	(246, 0.0)	(247, 16.0)	(248, 266.0)	(249, 0.0)	(250, 0.0)	(251, 21267.0)	
062019-BEL-CBC-T3-12-PAST_S36_R1_16S	(188, 1.0)	(190, 0.0)	(192, 0.0)	(194, 0.0)	(196, 1.0)	(198, 0.0)	(200, 1.0)	(202, 0.0)	(204, 1.0)	(206, 3.0)	(208, 4.0)	(210, 0.0)	(212, 1.0)	(214, 6.0)	(216, 3.0)	(218, 1.0)	(220, 3.0)	(222, 5.0)	(224, 4.0)	(226, 7.0)	(228, 1228.0)	(230, 621034.0)	(232, 1935.0)	(234, 22.0)	(236, 7.0)	(238, 12.0)	(240, 0.0)	(242, 0.0)	(244, 0.0)	(246, 22.0)	(248, 262.0)	(250, 13567.0)																	
062019-BEL-CBC-T3-15-MCAV_S60_R1_16S	(196, 1.0)	(198, 0.0)	(200, 0.0)	(202, 4.0)	(204, 1.0)	(206, 3.0)	(208, 1.0)	(210, 3.0)	(212, 4.0)	(214, 2.0)	(216, 7.0)	(218, 6.0)	(220, 3.0)	(222, 2.0)	(224, 9.0)	(226, 1.0)	(228, 1134.0)	(230, 940047.0)	(232, 1563.0)	(234, 30.0)	(236, 5.0)	(238, 20.0)	(240, 0.0)	(242, 0.0)	(244, 0.0)	(246, 27.0)	(248, 396.0)	(250, 22879.0)																					
062019-BEL-CBC-T3-23-PAST_S26_R1_16S	(105, 2.0)	(110, 0.0)	(115, 0.0)	(120, 0.0)	(125, 0.0)	(130, 0.0)	(135, 0.0)	(140, 0.0)	(145, 0.0)	(150, 0.0)	(155, 0.0)	(160, 0.0)	(165, 0.0)	(170, 0.0)	(175, 0.0)	(180, 0.0)	(185, 0.0)	(190, 0.0)	(195, 0.0)	(200, 0.0)	(205, 3.0)	(210, 4.0)	(215, 7.0)	(220, 6.0)	(225, 16.0)	(230, 438487.0)	(235, 35.0)	(240, 4.0)	(245, 87.0)	(250, 9122.0)																			
062019-BEL-CBC-T3-28-SSID_S95_R1_16S	(125, 1.0)	(130, 0.0)	(135, 0.0)	(140, 0.0)	(145, 0.0)	(150, 0.0)	(155, 0.0)	(160, 0.0)	(165, 0.0)	(170, 0.0)	(175, 0.0)	(180, 0.0)	(185, 0.0)	(190, 1.0)	(195, 1.0)	(200, 6.0)	(205, 7.0)	(210, 20.0)	(215, 16.0)	(220, 18.0)	(225, 1169065.0)	(230, 15090.0)	(235, 277.0)	(240, 2.0)	(245, 7474.0)	(250, 40801.0)																							
062019-BEL-CBC-T3-31-PAST_S42_R1_16S	(196, 1.0)	(198, 0.0)	(200, 1.0)	(202, 0.0)	(204, 1.0)	(206, 1.0)	(208, 1.0)	(210, 5.0)	(212, 6.0)	(214, 8.0)	(216, 6.0)	(218, 5.0)	(220, 7.0)	(222, 5.0)	(224, 7.0)	(226, 9.0)	(228, 2046.0)	(230, 886907.0)	(232, 922.0)	(234, 29.0)	(236, 11.0)	(238, 19.0)	(240, 1.0)	(242, 1.0)	(244, 0.0)	(246, 17.0)	(248, 326.0)	(250, 20141.0)																					
062019-BEL-CBC-T3-4-PAST_S22_R1_16S	(200, 1.0)	(202, 0.0)	(204, 0.0)	(206, 0.0)	(208, 1.0)	(210, 2.0)	(212, 3.0)	(214, 0.0)	(216, 3.0)	(218, 3.0)	(220, 1.0)	(222, 1.0)	(224, 2.0)	(226, 0.0)	(228, 670.0)	(230, 2911.0)	(232, 621130.0)	(234, 48.0)	(236, 8.0)	(238, 24.0)	(240, 0.0)	(242, 0.0)	(244, 0.0)	(246, 4.0)	(248, 88.0)	(250, 9601.0)																							
062019-BEL-CBC-T3-7-PAST_S58_R1_16S	(190, 2.0)	(192, 0.0)	(194, 0.0)	(196, 0.0)	(198, 2.0)	(200, 0.0)	(202, 2.0)	(204, 2.0)	(206, 0.0)	(208, 0.0)	(210, 4.0)	(212, 4.0)	(214, 4.0)	(216, 3.0)	(218, 4.0)	(220, 6.0)	(222, 9.0)	(224, 9.0)	(226, 1.0)	(228, 1098.0)	(230, 720530.0)	(232, 1285.0)	(234, 15.0)	(236, 4.0)	(238, 11.0)	(240, 0.0)	(242, 0.0)	(244, 0.0)	(246, 16.0)	(248, 280.0)	(250, 15580.0)																		
062019-BEL-CBC-T3-8-MCAV_S77_R1_16S	(207, 1.0)	(208, 0.0)	(209, 2.0)	(210, 0.0)	(211, 0.0)	(212, 1.0)	(213, 0.0)	(214, 0.0)	(215, 0.0)	(216, 4.0)	(217, 4.0)	(218, 0.0)	(219, 2.0)	(220, 1.0)	(221, 0.0)	(222, 0.0)	(223, 0.0)	(224, 0.0)	(225, 1.0)	(226, 0.0)	(227, 3.0)	(228, 0.0)	(229, 7.0)	(230, 1032.0)	(231, 249163.0)	(232, 527.0)	(233, 25.0)	(234, 4.0)	(235, 12.0)	(236, 3.0)	(237, 0.0)	(238, 2.0)	(239, 7.0)	(240, 0.0)	(241, 0.0)	(242, 0.0)	(243, 0.0)	(244, 0.0)	(245, 0.0)	(246, 6.0)	(247, 47.0)	(248, 40.0)	(249, 0.0)	(250, 0.0)	(251, 5213.0)				
062019-BEL-CBC-T3-9-MCAV_S80_R1_16S	(203, 1.0)	(204, 0.0)	(205, 0.0)	(206, 0.0)	(207, 0.0)	(208, 0.0)	(209, 1.0)	(210, 1.0)	(211, 2.0)	(212, 0.0)	(213, 4.0)	(214, 2.0)	(215, 4.0)	(216, 5.0)	(217, 2.0)	(218, 2.0)	(219, 2.0)	(220, 0.0)	(221, 3.0)	(222, 2.0)	(223, 2.0)	(224, 2.0)	(225, 4.0)	(226, 2.0)	(227, 8.0)	(228, 1.0)	(229, 7.0)	(230, 1283.0)	(231, 643932.0)	(232, 1133.0)	(233, 37.0)	(234, 8.0)	(235, 13.0)	(236, 6.0)	(237, 2.0)	(238, 1.0)	(239, 25.0)	(240, 0.0)	(241, 0.0)	(242, 0.0)	(243, 0.0)	(244, 0.0)	(245, 0.0)	(246, 11.0)	(247, 82.0)	(248, 76.0)	(249, 0.0)	(250, 0.0)	(251, 14694.0)
062024-BEL-CBC-T1-1344-SSID_S39_R1_16S	(190, 1.0)	(192, 0.0)	(194, 0.0)	(196, 5.0)	(198, 0.0)	(200, 0.0)	(202, 0.0)	(204, 3.0)	(206, 2.0)	(208, 5.0)	(210, 2.0)	(212, 1.0)	(214, 5.0)	(216, 5.0)	(218, 5.0)	(220, 6.0)	(222, 8.0)	(224, 9.0)	(226, 8.0)	(228, 3916.0)	(230, 833514.0)	(232, 1904.0)	(234, 30.0)	(236, 2.0)	(238, 31.0)	(240, 0.0)	(242, 1.0)	(244, 0.0)	(246, 35.0)	(248, 472.0)	(250, 25628.0)																		
062024-BEL-CBC-T2-1381-SSID_S30_R1_16S	(203, 1.0)	(204, 0.0)	(205, 0.0)	(206, 1.0)	(207, 0.0)	(208, 0.0)	(209, 0.0)	(210, 1.0)	(211, 1.0)	(212, 6.0)	(213, 0.0)	(214, 0.0)	(215, 1.0)	(216, 0.0)	(217, 0.0)	(218, 3.0)	(219, 12.0)	(220, 1.0)	(221, 0.0)	(222, 0.0)	(223, 1.0)	(224, 0.0)	(225, 0.0)	(226, 0.0)	(227, 1.0)	(228, 0.0)	(229, 629.0)	(230, 2358.0)	(231, 1728.0)	(232, 462126.0)	(233, 4531.0)	(234, 18.0)	(235, 20.0)	(236, 1.0)	(237, 2.0)	(238, 4.0)	(239, 24.0)	(240, 1.0)	(241, 0.0)	(242, 0.0)	(243, 0.0)	(244, 0.0)	(245, 0.0)	(246, 0.0)	(247, 0.0)	(248, 143.0)	(249, 0.0)	(250, 0.0)	(251, 8736.0)
062024-BEL-CBC-T3-1430-PSTR_S62_R1_16S	(198, 2.0)	(200, 0.0)	(202, 0.0)	(204, 2.0)	(206, 1.0)	(208, 2.0)	(210, 2.0)	(212, 4.0)	(214, 4.0)	(216, 5.0)	(218, 2.0)	(220, 3.0)	(222, 0.0)	(224, 0.0)	(226, 5.0)	(228, 1747.0)	(230, 612145.0)	(232, 1441.0)	(234, 17.0)	(236, 4.0)	(238, 15.0)	(240, 0.0)	(242, 0.0)	(244, 0.0)	(246, 17.0)	(248, 256.0)	(250, 13318.0)																						
062024-BEL-CBC-T4-1461-OFAV_S72_R1_16S	(198, 1.0)	(200, 0.0)	(202, 1.0)	(204, 2.0)	(206, 9.0)	(208, 6.0)	(210, 6.0)	(212, 7.0)	(214, 13.0)	(216, 9.0)	(218, 5.0)	(220, 6.0)	(222, 5.0)	(224, 14.0)	(226, 5.0)	(228, 22.0)	(230, 1241986.0)	(232, 3225.0)	(234, 50.0)	(236, 16.0)	(238, 55.0)	(240, 1.0)	(242, 2.0)	(244, 0.0)	(246, 85.0)	(248, 87.0)	(250, 24427.0)																						
082024-BEL-CBC-T2-1513-PAST_S53_R1_16S	(198, 1.0)	(200, 0.0)	(202, 0.0)	(204, 0.0)	(206, 1.0)	(208, 1.0)	(210, 0.0)	(212, 6.0)	(214, 9.0)	(216, 4.0)	(218, 7.0)	(220, 1.0)	(222, 0.0)	(224, 2.0)	(226, 8.0)	(228, 1361.0)	(230, 988692.0)	(232, 633.0)	(234, 29.0)	(236, 9.0)	(238, 33.0)	(240, 1.0)	(242, 0.0)	(244, 0.0)	(246, 20.0)	(248, 391.0)	(250, 20841.0)																						
082024-BEL-CBC-T2-1514-MCAV_S71_R1_16S	(194, 1.0)	(196, 0.0)	(198, 3.0)	(200, 2.0)	(202, 0.0)	(204, 1.0)	(206, 0.0)	(208, 4.0)	(210, 3.0)	(212, 2.0)	(214, 5.0)	(216, 7.0)	(218, 9.0)	(220, 2.0)	(222, 4.0)	(224, 3.0)	(226, 8.0)	(228, 412.0)	(230, 908735.0)	(232, 1962.0)	(234, 34.0)	(236, 6.0)	(238, 28.0)	(240, 5.0)	(242, 0.0)	(244, 0.0)	(246, 90.0)	(248, 84.0)	(250, 18086.0)																				
082024-BEL-CBC-T2-1515-MCAV_S25_R1_16S	(203, 1.0)	(204, 0.0)	(205, 0.0)	(206, 0.0)	(207, 0.0)	(208, 0.0)	(209, 0.0)	(210, 0.0)	(211, 0.0)	(212, 0.0)	(213, 0.0)	(214, 0.0)	(215, 1.0)	(216, 0.0)	(217, 0.0)	(218, 1.0)	(219, 0.0)	(220, 1.0)	(221, 1.0)	(222, 0.0)	(223, 0.0)	(224, 4.0)	(225, 1.0)	(226, 0.0)	(227, 1.0)	(228, 1.0)	(229, 3.0)	(230, 1697.0)	(231, 1732.0)	(232, 519968.0)	(233, 491.0)	(234, 37.0)	(235, 21.0)	(236, 3.0)	(237, 2.0)	(238, 5.0)	(239, 14.0)	(240, 1.0)	(241, 0.0)	(242, 0.0)	(243, 1.0)	(244, 0.0)	(245, 0.0)	(246, 0.0)	(247, 0.0)	(248, 136.0)	(249, 0.0)	(250, 0.0)	(251, 11584.0)
092023-BEL-CBC-T1-177-PSTR_S50_R1_16S	(196, 1.0)	(198, 0.0)	(200, 0.0)	(202, 0.0)	(204, 0.0)	(206, 0.0)	(208, 2.0)	(210, 1.0)	(212, 3.0)	(214, 5.0)	(216, 3.0)	(218, 2.0)	(220, 2.0)	(222, 1.0)	(224, 7.0)	(226, 7.0)	(228, 3203.0)	(230, 613476.0)	(232, 631.0)	(234, 26.0)	(236, 6.0)	(238, 30.0)	(240, 1.0)	(242, 0.0)	(244, 0.0)	(246, 13.0)	(248, 235.0)	(250, 7027.0)																					
092023-BEL-CBC-T1-190-OANN_S81_R1_16S	(203, 2.0)	(204, 0.0)	(205, 0.0)	(206, 0.0)	(207, 1.0)	(208, 2.0)	(209, 0.0)	(210, 1.0)	(211, 0.0)	(212, 1.0)	(213, 1.0)	(214, 0.0)	(215, 1.0)	(216, 5.0)	(217, 1.0)	(218, 0.0)	(219, 0.0)	(220, 4.0)	(221, 2.0)	(222, 3.0)	(223, 1.0)	(224, 1.0)	(225, 1.0)	(226, 1.0)	(227, 1.0)	(228, 3.0)	(229, 5.0)	(230, 1385.0)	(231, 569012.0)	(232, 1004.0)	(233, 22.0)	(234, 15.0)	(235, 16.0)	(236, 2.0)	(237, 6.0)	(238, 1.0)	(239, 15.0)	(240, 0.0)	(241, 0.0)	(242, 1.0)	(243, 0.0)	(244, 0.0)	(245, 0.0)	(246, 0.0)	(247, 58.0)	(248, 63.0)	(249, 0.0)	(250, 0.0)	(251, 19054.0)
092023-BEL-CBC-T1-196-SSID_S82_R1_16S	(198, 1.0)	(200, 0.0)	(202, 0.0)	(204, 1.0)	(206, 4.0)	(208, 2.0)	(210, 1.0)	(212, 5.0)	(214, 3.0)	(216, 5.0)	(218, 5.0)	(220, 5.0)	(222, 1.0)	(224, 6.0)	(226, 5.0)	(228, 26.0)	(230, 602121.0)	(232, 2770.0)	(234, 33.0)	(236, 15.0)	(238, 25.0)	(240, 1.0)	(242, 1.0)	(244, 0.0)	(246, 77.0)	(248, 99.0)	(250, 6730.0)																						
092023-BEL-CBC-T2-194-OANN_S4_R1_16S	(198, 1.0)	(200, 0.0)	(202, 5.0)	(204, 0.0)	(206, 0.0)	(208, 2.0)	(210, 3.0)	(212, 1.0)	(214, 2.0)	(216, 1.0)	(218, 2.0)	(220, 9.0)	(222, 0.0)	(224, 2.0)	(226, 1.0)	(228, 10.0)	(230, 3544.0)	(232, 599825.0)	(234, 40.0)	(236, 4.0)	(238, 24.0)	(240, 2.0)	(242, 0.0)	(244, 0.0)	(246, 1.0)	(248, 96.0)	(250, 15543.0)																						
092023-BEL-CBC-T3-184-PAST_S37_R1_16S	(188, 1.0)	(190, 0.0)	(192, 0.0)	(194, 0.0)	(196, 0.0)	(198, 0.0)	(200, 0.0)	(202, 0.0)	(204, 0.0)	(206, 6.0)	(208, 3.0)	(210, 0.0)	(212, 4.0)	(214, 2.0)	(216, 4.0)	(218, 4.0)	(220, 6.0)	(222, 8.0)	(224, 14.0)	(226, 11.0)	(228, 2075.0)	(230, 1039935.0)	(232, 1399.0)	(234, 31.0)	(236, 10.0)	(238, 38.0)	(240, 0.0)	(242, 0.0)	(244, 0.0)	(246, 31.0)	(248, 549.0)	(250, 21191.0)																	
092023-BEL-CBC-T3-198-SSID_S76_R1_16S	(209, 1.0)	(210, 1.0)	(211, 1.0)	(212, 0.0)	(213, 0.0)	(214, 0.0)	(215, 2.0)	(216, 2.0)	(217, 0.0)	(218, 5.0)	(219, 1.0)	(220, 0.0)	(221, 0.0)	(222, 1.0)	(223, 3.0)	(224, 1.0)	(225, 1.0)	(226, 1.0)	(227, 0.0)	(228, 1.0)	(229, 3.0)	(230, 2070.0)	(231, 433581.0)	(232, 1577.0)	(233, 47.0)	(234, 11.0)	(235, 7.0)	(236, 1.0)	(237, 2.0)	(238, 3.0)	(239, 27.0)	(240, 0.0)	(241, 0.0)	(242, 1.0)	(243, 0.0)	(244, 0.0)	(245, 0.0)	(246, 6.0)	(247, 65.0)	(248, 73.0)	(249, 0.0)	(250, 0.0)	(251, 14134.0)						
092023-BEL-CBC-T3-220-SSID_S19_R1_16S	(208, 3.0)	(209, 0.0)	(210, 0.0)	(211, 1.0)	(212, 0.0)	(213, 0.0)	(214, 3.0)	(215, 3.0)	(216, 3.0)	(217, 0.0)	(218, 2.0)	(219, 0.0)	(220, 0.0)	(221, 2.0)	(222, 0.0)	(223, 0.0)	(224, 1.0)	(225, 1.0)	(226, 2.0)	(227, 0.0)	(228, 0.0)	(229, 9.0)	(230, 667.0)	(231, 2233.0)	(232, 416414.0)	(233, 11055.0)	(234, 31.0)	(235, 15.0)	(236, 6.0)	(237, 4.0)	(238, 2.0)	(239, 25.0)	(240, 1.0)	(241, 0.0)	(242, 0.0)	(243, 0.0)	(244, 0.0)	(245, 0.0)	(246, 1.0)	(247, 0.0)	(248, 65.0)	(249, 0.0)	(250, 0.0)	(251, 18563.0)					
092023-BEL-CBC-T3-264-SSID_S59_R1_16S	(188, 2.0)	(190, 1.0)	(192, 0.0)	(194, 0.0)	(196, 1.0)	(198, 0.0)	(200, 1.0)	(202, 0.0)	(204, 4.0)	(206, 1.0)	(208, 2.0)	(210, 6.0)	(212, 3.0)	(214, 6.0)	(216, 1.0)	(218, 3.0)	(220, 3.0)	(222, 4.0)	(224, 2.0)	(226, 4.0)	(228, 2088.0)	(230, 631682.0)	(232, 892.0)	(234, 22.0)	(236, 3.0)	(238, 9.0)	(240, 1.0)	(242, 1.0)	(244, 0.0)	(246, 26.0)	(248, 413.0)	(250, 26196.0)																	
092023-BEL-CBC-T3-90-SSID_S67_R1_16S	(196, 1.0)	(198, 1.0)	(200, 0.0)	(202, 0.0)	(204, 0.0)	(206, 6.0)	(208, 2.0)	(210, 3.0)	(212, 4.0)	(214, 9.0)	(216, 3.0)	(218, 7.0)	(220, 8.0)	(222, 8.0)	(224, 5.0)	(226, 5.0)	(228, 13.0)	(230, 900636.0)	(232, 4325.0)	(234, 31.0)	(236, 16.0)	(238, 50.0)	(240, 0.0)	(242, 1.0)	(244, 0.0)	(246, 91.0)	(248, 82.0)	(250, 8461.0)																					
102019-BEL-CBC-T2-35-PSTR_S46_R1_16S	(188, 1.0)	(190, 0.0)	(192, 0.0)	(194, 0.0)	(196, 0.0)	(198, 0.0)	(200, 2.0)	(202, 0.0)	(204, 1.0)	(206, 4.0)	(208, 2.0)	(210, 6.0)	(212, 2.0)	(214, 4.0)	(216, 5.0)	(218, 3.0)	(220, 4.0)	(222, 8.0)	(224, 4.0)	(226, 6.0)	(228, 1692.0)	(230, 766326.0)	(232, 983.0)	(234, 10.0)	(236, 3.0)	(238, 21.0)	(240, 0.0)	(242, 0.0)	(244, 0.0)	(246, 23.0)	(248, 249.0)	(250, 17090.0)																	
112023-BEL-CBC-T2-309-PAST_S3_R1_16S	(204, 1.0)	(205, 0.0)	(206, 0.0)	(207, 0.0)	(208, 0.0)	(209, 0.0)	(210, 0.0)	(211, 0.0)	(212, 0.0)	(213, 0.0)	(214, 0.0)	(215, 0.0)	(216, 0.0)	(217, 0.0)	(218, 1.0)	(219, 2.0)	(220, 1.0)	(221, 0.0)	(222, 0.0)	(223, 1.0)	(224, 2.0)	(225, 0.0)	(226, 2.0)	(227, 0.0)	(228, 1.0)	(229, 9.0)	(230, 981.0)	(231, 2562.0)	(232, 353428.0)	(233, 359.0)	(234, 16.0)	(235, 13.0)	(236, 0.0)	(237, 0.0)	(238, 1.0)	(239, 12.0)	(240, 1.0)	(241, 1.0)	(242, 0.0)	(243, 0.0)	(244, 0.0)	(245, 0.0)	(246, 0.0)	(247, 0.0)	(248, 130.0)	(249, 0.0)	(250, 0.0)	(251, 6385.0)	
112023-BEL-CBC-T3-349-PAST_S73_R1_16S	(207, 2.0)	(208, 0.0)	(209, 0.0)	(210, 0.0)	(211, 0.0)	(212, 0.0)	(213, 2.0)	(214, 1.0)	(215, 4.0)	(216, 1.0)	(217, 0.0)	(218, 2.0)	(219, 0.0)	(220, 2.0)	(221, 0.0)	(222, 1.0)	(223, 2.0)	(224, 1.0)	(225, 1.0)	(226, 3.0)	(227, 3.0)	(228, 1.0)	(229, 5.0)	(230, 1376.0)	(231, 478917.0)	(232, 860.0)	(233, 39.0)	(234, 10.0)	(235, 18.0)	(236, 0.0)	(237, 5.0)	(238, 5.0)	(239, 15.0)	(240, 0.0)	(241, 0.0)	(242, 0.0)	(243, 0.0)	(244, 0.0)	(245, 0.0)	(246, 4.0)	(247, 41.0)	(248, 27.0)	(249, 0.0)	(250, 0.0)	(251, 9438.0)				
112023-BEL-CBC-T3-351-OFAV_S61_R1_16S	(190, 1.0)	(192, 0.0)	(194, 0.0)	(196, 0.0)	(198, 0.0)	(200, 2.0)	(202, 0.0)	(204, 2.0)	(206, 1.0)	(208, 0.0)	(210, 4.0)	(212, 1.0)	(214, 12.0)	(216, 6.0)	(218, 3.0)	(220, 7.0)	(222, 4.0)	(224, 5.0)	(226, 8.0)	(228, 913.0)	(230, 937310.0)	(232, 1109.0)	(234, 24.0)	(236, 2.0)	(238, 28.0)	(240, 0.0)	(242, 0.0)	(244, 0.0)	(246, 24.0)	(248, 371.0)	(250, 26315.0)																		
122022-BEL-CBC-T1-122-PSTR_S45_R1_16S	(207, 1.0)	(208, 1.0)	(209, 0.0)	(210, 1.0)	(211, 5.0)	(212, 2.0)	(213, 2.0)	(214, 2.0)	(215, 4.0)	(216, 4.0)	(217, 5.0)	(218, 0.0)	(219, 0.0)	(220, 2.0)	(221, 1.0)	(222, 1.0)	(223, 0.0)	(224, 2.0)	(225, 1.0)	(226, 2.0)	(227, 2.0)	(228, 2.0)	(229, 1363.0)	(230, 658072.0)	(231, 1954.0)	(232, 820.0)	(233, 25.0)	(234, 6.0)	(235, 12.0)	(236, 6.0)	(237, 0.0)	(238, 2.0)	(239, 24.0)	(240, 0.0)	(241, 0.0)	(242, 0.0)	(243, 0.0)	(244, 0.0)	(245, 0.0)	(246, 0.0)	(247, 21.0)	(248, 258.0)	(249, 0.0)	(250, 0.0)	(251, 14855.0)				
122022-BEL-CBC-T1-132-PSTR_S11_R1_16S	(202, 4.0)	(204, 0.0)	(206, 1.0)	(208, 0.0)	(210, 0.0)	(212, 1.0)	(214, 0.0)	(216, 2.0)	(218, 2.0)	(220, 1.0)	(222, 4.0)	(224, 2.0)	(226, 2.0)	(228, 5.0)	(230, 1921.0)	(232, 378690.0)	(234, 36.0)	(236, 5.0)	(238, 18.0)	(240, 0.0)	(242, 0.0)	(244, 0.0)	(246, 1.0)	(248, 56.0)	(250, 8062.0)																								
122022-BEL-CBC-T1-133-PSTR_S32_R1_16S	(200, 1.0)	(202, 1.0)	(204, 0.0)	(206, 1.0)	(208, 0.0)	(210, 2.0)	(212, 4.0)	(214, 7.0)	(216, 1.0)	(218, 6.0)	(220, 5.0)	(222, 5.0)	(224, 2.0)	(226, 9.0)	(228, 1831.0)	(230, 750579.0)	(232, 11472.0)	(234, 21.0)	(236, 5.0)	(238, 16.0)	(240, 0.0)	(242, 0.0)	(244, 0.0)	(246, 21.0)	(248, 252.0)	(250, 14595.0)																							
122022-BEL-CBC-T1-134-PAST_S6_R1_16S	(206, 2.0)	(207, 0.0)	(208, 0.0)	(209, 0.0)	(210, 2.0)	(211, 2.0)	(212, 1.0)	(213, 2.0)	(214, 0.0)	(215, 1.0)	(216, 0.0)	(217, 3.0)	(218, 3.0)	(219, 0.0)	(220, 0.0)	(221, 1.0)	(222, 2.0)	(223, 2.0)	(224, 0.0)	(225, 0.0)	(226, 3.0)	(227, 0.0)	(228, 4.0)	(229, 871.0)	(230, 1385.0)	(231, 2158.0)	(232, 711635.0)	(233, 637.0)	(234, 39.0)	(235, 20.0)	(236, 0.0)	(237, 4.0)	(238, 4.0)	(239, 11.0)	(240, 0.0)	(241, 0.0)	(242, 0.0)	(243, 0.0)	(244, 0.0)	(245, 0.0)	(246, 1.0)	(247, 0.0)	(248, 107.0)	(249, 0.0)	(250, 0.0)	(251, 10390.0)			
122022-BEL-CBC-T1-144-MCAV_S84_R1_16S	(194, 1.0)	(196, 0.0)	(198, 0.0)	(200, 2.0)	(202, 0.0)	(204, 3.0)	(206, 0.0)	(208, 3.0)	(210, 2.0)	(212, 7.0)	(214, 9.0)	(216, 6.0)	(218, 2.0)	(220, 2.0)	(222, 1.0)	(224, 9.0)	(226, 9.0)	(228, 13.0)	(230, 687961.0)	(232, 1414.0)	(234, 29.0)	(236, 6.0)	(238, 10.0)	(240, 0.0)	(242, 0.0)	(244, 0.0)	(246, 53.0)	(248, 62.0)	(250, 16277.0)																				
122022-BEL-CBC-T1-152-PAST_S15_R1_16S	(206, 1.0)	(207, 1.0)	(208, 0.0)	(209, 0.0)	(210, 0.0)	(211, 0.0)	(212, 1.0)	(213, 0.0)	(214, 0.0)	(215, 4.0)	(216, 0.0)	(217, 3.0)	(218, 0.0)	(219, 0.0)	(220, 4.0)	(221, 2.0)	(222, 0.0)	(223, 0.0)	(224, 2.0)	(225, 1.0)	(226, 0.0)	(227, 1.0)	(228, 6.0)	(229, 286.0)	(230, 489.0)	(231, 2704.0)	(232, 459356.0)	(233, 748.0)	(234, 30.0)	(235, 14.0)	(236, 4.0)	(237, 0.0)	(238, 0.0)	(239, 34.0)	(240, 0.0)	(241, 1.0)	(242, 1.0)	(243, 0.0)	(244, 0.0)	(245, 0.0)	(246, 0.0)	(247, 0.0)	(248, 97.0)	(249, 0.0)	(250, 0.0)	(251, 2558.0)			
122022-BEL-CBC-T1-155-PAST_S28_R1_16S	(198, 1.0)	(200, 1.0)	(202, 0.0)	(204, 1.0)	(206, 0.0)	(208, 0.0)	(210, 1.0)	(212, 1.0)	(214, 1.0)	(216, 4.0)	(218, 2.0)	(220, 0.0)	(222, 2.0)	(224, 0.0)	(226, 2.0)	(228, 12.0)	(230, 5088.0)	(232, 488753.0)	(234, 42.0)	(236, 4.0)	(238, 21.0)	(240, 0.0)	(242, 2.0)	(244, 0.0)	(246, 0.0)	(248, 181.0)	(250, 4479.0)																						
122022-BEL-CBC-T2-118-OANN_S24_R1_16S	(198, 1.0)	(200, 0.0)	(202, 0.0)	(204, 0.0)	(206, 0.0)	(208, 1.0)	(210, 2.0)	(212, 1.0)	(214, 1.0)	(216, 4.0)	(218, 3.0)	(220, 8.0)	(222, 2.0)	(224, 3.0)	(226, 4.0)	(228, 11.0)	(230, 3671.0)	(232, 860038.0)	(234, 62.0)	(236, 4.0)	(238, 32.0)	(240, 3.0)	(242, 0.0)	(244, 0.0)	(246, 0.0)	(248, 99.0)	(250, 17650.0)																						
122022-BEL-CBC-T2-85-MCAV_S47_R1_16S	(190, 1.0)	(192, 1.0)	(194, 0.0)	(196, 2.0)	(198, 0.0)	(200, 0.0)	(202, 0.0)	(204, 0.0)	(206, 0.0)	(208, 2.0)	(210, 1.0)	(212, 1.0)	(214, 1.0)	(216, 2.0)	(218, 3.0)	(220, 0.0)	(222, 0.0)	(224, 0.0)	(226, 1.0)	(228, 508.0)	(230, 99310.0)	(232, 1084.0)	(234, 2.0)	(236, 0.0)	(238, 8.0)	(240, 0.0)	(242, 0.0)	(244, 0.0)	(246, 19.0)	(248, 161.0)	(250, 3437.0)																		
122022-BEL-CBC-T2-86-MCAV_S8_R1_16S	(125, 4.0)	(130, 0.0)	(135, 0.0)	(140, 0.0)	(145, 0.0)	(150, 0.0)	(155, 0.0)	(160, 0.0)	(165, 0.0)	(170, 0.0)	(175, 0.0)	(180, 0.0)	(185, 0.0)	(190, 2.0)	(195, 0.0)	(200, 2.0)	(205, 10.0)	(210, 1.0)	(215, 15.0)	(220, 5.0)	(225, 6.0)	(230, 268171.0)	(235, 27.0)	(240, 0.0)	(245, 109.0)	(250, 2300.0)																							
122022-BEL-CBC-T2-96-SSID_S49_R1_16S	(196, 1.0)	(198, 1.0)	(200, 0.0)	(202, 2.0)	(204, 0.0)	(206, 4.0)	(208, 0.0)	(210, 1.0)	(212, 4.0)	(214, 1.0)	(216, 3.0)	(218, 0.0)	(220, 4.0)	(222, 0.0)	(224, 0.0)	(226, 1.0)	(228, 928.0)	(230, 422797.0)	(232, 491.0)	(234, 10.0)	(236, 1.0)	(238, 16.0)	(240, 1.0)	(242, 0.0)	(244, 0.0)	(246, 7.0)	(248, 164.0)	(250, 15628.0)																					
122022-BEL-CBC-T3-115-PAST_S90_R1_16S	(205, 1.0)	(206, 1.0)	(207, 0.0)	(208, 0.0)	(209, 1.0)	(210, 1.0)	(211, 1.0)	(212, 0.0)	(213, 0.0)	(214, 0.0)	(215, 0.0)	(216, 0.0)	(217, 8.0)	(218, 0.0)	(219, 5.0)	(220, 4.0)	(221, 1.0)	(222, 0.0)	(223, 0.0)	(224, 6.0)	(225, 2.0)	(226, 1.0)	(227, 1.0)	(228, 3.0)	(229, 3136.0)	(230, 1558.0)	(231, 506237.0)	(232, 1114.0)	(233, 29.0)	(234, 5.0)	(235, 7.0)	(236, 3.0)	(237, 2.0)	(238, 7.0)	(239, 14.0)	(240, 0.0)	(241, 0.0)	(242, 0.0)	(243, 0.0)	(244, 0.0)	(245, 0.0)	(246, 2.0)	(247, 40.0)	(248, 42.0)	(249, 0.0)	(250, 0.0)	(251, 10191.0)		
122022-BEL-CBC-T3-119-MCAV_S74_R1_16S	(130, 8.0)	(135, 0.0)	(140, 0.0)	(145, 0.0)	(150, 0.0)	(155, 0.0)	(160, 0.0)	(165, 0.0)	(170, 0.0)	(175, 0.0)	(180, 0.0)	(185, 1.0)	(190, 0.0)	(195, 0.0)	(200, 1.0)	(205, 2.0)	(210, 3.0)	(215, 4.0)	(220, 3.0)	(225, 18.0)	(230, 265332.0)	(235, 19.0)	(240, 0.0)	(245, 115.0)	(250, 5873.0)																								
122022-BEL-CBC-T3-120-SSID_S85_R1_16S	(192, 2.0)	(194, 0.0)	(196, 0.0)	(198, 0.0)	(200, 0.0)	(202, 1.0)	(204, 1.0)	(206, 1.0)	(208, 4.0)	(210, 1.0)	(212, 3.0)	(214, 3.0)	(216, 6.0)	(218, 4.0)	(220, 3.0)	(222, 3.0)	(224, 4.0)	(226, 7.0)	(228, 10.0)	(230, 672637.0)	(232, 1979.0)	(234, 23.0)	(236, 9.0)	(238, 23.0)	(240, 0.0)	(242, 1.0)	(244, 0.0)	(246, 61.0)	(248, 54.0)	(250, 22583.0)																			
122022-BEL-CBC-T3-122-PAST_S51_R1_16S	(192, 1.0)	(194, 0.0)	(196, 0.0)	(198, 0.0)	(200, 0.0)	(202, 3.0)	(204, 0.0)	(206, 4.0)	(208, 1.0)	(210, 2.0)	(212, 0.0)	(214, 0.0)	(216, 5.0)	(218, 4.0)	(220, 2.0)	(222, 1.0)	(224, 2.0)	(226, 8.0)	(228, 1580.0)	(230, 492168.0)	(232, 454.0)	(234, 21.0)	(236, 7.0)	(238, 12.0)	(240, 0.0)	(242, 2.0)	(244, 0.0)	(246, 14.0)	(248, 203.0)	(250, 8771.0)																			
122022-BEL-CBC-T3-128-MCAV_S68_R1_16S	(196, 1.0)	(198, 0.0)	(200, 2.0)	(202, 1.0)	(204, 1.0)	(206, 2.0)	(208, 5.0)	(210, 8.0)	(212, 4.0)	(214, 10.0)	(216, 12.0)	(218, 8.0)	(220, 8.0)	(222, 7.0)	(224, 3.0)	(226, 5.0)	(228, 9.0)	(230, 1013474.0)	(232, 1845.0)	(234, 24.0)	(236, 7.0)	(238, 38.0)	(240, 3.0)	(242, 0.0)	(244, 0.0)	(246, 76.0)	(248, 97.0)	(250, 25347.0)																					
122022-BEL-CBC-T3-129-PAST_S16_R1_16S	(194, 1.0)	(196, 0.0)	(198, 0.0)	(200, 0.0)	(202, 0.0)	(204, 0.0)	(206, 0.0)	(208, 1.0)	(210, 5.0)	(212, 4.0)	(214, 3.0)	(216, 1.0)	(218, 0.0)	(220, 3.0)	(222, 0.0)	(224, 0.0)	(226, 0.0)	(228, 2.0)	(230, 3213.0)	(232, 520670.0)	(234, 49.0)	(236, 5.0)	(238, 40.0)	(240, 1.0)	(242, 0.0)	(244, 0.0)	(246, 3.0)	(248, 103.0)	(250, 6477.0)																				
122022-BEL-CBC-T3-132-MCAV_S55_R1_16S	(198, 5.0)	(200, 0.0)	(202, 0.0)	(204, 2.0)	(206, 1.0)	(208, 2.0)	(210, 4.0)	(212, 3.0)	(214, 2.0)	(216, 3.0)	(218, 0.0)	(220, 3.0)	(222, 4.0)	(224, 9.0)	(226, 4.0)	(228, 1033.0)	(230, 825187.0)	(232, 849.0)	(234, 24.0)	(236, 6.0)	(238, 21.0)	(240, 0.0)	(242, 0.0)	(244, 0.0)	(246, 31.0)	(248, 338.0)	(250, 24102.0)																						
122022-BEL-CBC-T3-133-MCAV_S57_R1_16S	(190, 1.0)	(192, 0.0)	(194, 0.0)	(196, 0.0)	(198, 0.0)	(200, 0.0)	(202, 1.0)	(204, 0.0)	(206, 2.0)	(208, 0.0)	(210, 3.0)	(212, 2.0)	(214, 3.0)	(216, 4.0)	(218, 1.0)	(220, 0.0)	(222, 3.0)	(224, 4.0)	(226, 1.0)	(228, 925.0)	(230, 560339.0)	(232, 981.0)	(234, 18.0)	(236, 3.0)	(238, 19.0)	(240, 0.0)	(242, 0.0)	(244, 0.0)	(246, 12.0)	(248, 212.0)	(250, 14273.0)																		
122022-BEL-CBC-T3-145-MCAV_S93_R1_16S	(198, 1.0)	(200, 0.0)	(202, 0.0)	(204, 1.0)	(206, 0.0)	(208, 2.0)	(210, 1.0)	(212, 0.0)	(214, 1.0)	(216, 4.0)	(218, 2.0)	(220, 3.0)	(222, 1.0)	(224, 3.0)	(226, 2.0)	(228, 3330.0)	(230, 534714.0)	(232, 1085.0)	(234, 18.0)	(236, 4.0)	(238, 28.0)	(240, 1.0)	(242, 0.0)	(244, 0.0)	(246, 63.0)	(248, 44.0)	(250, 11174.0)																						
122022-BEL-CBC-T3-147-OFAV_S92_R1_16S	(194, 2.0)	(196, 0.0)	(198, 1.0)	(200, 1.0)	(202, 2.0)	(204, 1.0)	(206, 1.0)	(208, 0.0)	(210, 8.0)	(212, 8.0)	(214, 7.0)	(216, 18.0)	(218, 13.0)	(220, 6.0)	(222, 10.0)	(224, 13.0)	(226, 13.0)	(228, 3590.0)	(230, 1293376.0)	(232, 2918.0)	(234, 57.0)	(236, 12.0)	(238, 68.0)	(240, 0.0)	(242, 0.0)	(244, 0.0)	(246, 69.0)	(248, 74.0)	(250, 23055.0)																				
122022-BEL-CBC-T4-10-OFAV_S64_R1_16S	(196, 1.0)	(198, 0.0)	(200, 1.0)	(202, 2.0)	(204, 2.0)	(206, 5.0)	(208, 3.0)	(210, 2.0)	(212, 6.0)	(214, 6.0)	(216, 12.0)	(218, 3.0)	(220, 7.0)	(222, 6.0)	(224, 14.0)	(226, 6.0)	(228, 23.0)	(230, 1465700.0)	(232, 3665.0)	(234, 29.0)	(236, 12.0)	(238, 52.0)	(240, 0.0)	(242, 0.0)	(244, 0.0)	(246, 66.0)	(248, 53.0)	(250, 27725.0)																					
122022-BEL-CBC-T4-36-PSTR_S86_R1_16S	(192, 1.0)	(194, 2.0)	(196, 0.0)	(198, 2.0)	(200, 1.0)	(202, 0.0)	(204, 1.0)	(206, 3.0)	(208, 2.0)	(210, 1.0)	(212, 7.0)	(214, 1.0)	(216, 1.0)	(218, 7.0)	(220, 4.0)	(222, 3.0)	(224, 4.0)	(226, 2.0)	(228, 571.0)	(230, 763504.0)	(232, 1229.0)	(234, 25.0)	(236, 5.0)	(238, 46.0)	(240, 1.0)	(242, 0.0)	(244, 0.0)	(246, 48.0)	(248, 39.0)	(250, 16957.0)																			
122022-BEL-CBC-T4-38-MCAV_S66_R1_16S	(190, 2.0)	(192, 0.0)	(194, 0.0)	(196, 2.0)	(198, 0.0)	(200, 3.0)	(202, 0.0)	(204, 3.0)	(206, 0.0)	(208, 9.0)	(210, 4.0)	(212, 4.0)	(214, 14.0)	(216, 6.0)	(218, 8.0)	(220, 2.0)	(222, 2.0)	(224, 7.0)	(226, 13.0)	(228, 47.0)	(230, 963389.0)	(232, 1613.0)	(234, 28.0)	(236, 6.0)	(238, 32.0)	(240, 1.0)	(242, 0.0)	(244, 0.0)	(246, 109.0)	(248, 110.0)	(250, 22243.0)																		
122022-BEL-CBC-T4-5-MCAV_S21_R1_16S	(207, 2.0)	(208, 0.0)	(209, 0.0)	(210, 0.0)	(211, 0.0)	(212, 0.0)	(213, 1.0)	(214, 1.0)	(215, 1.0)	(216, 1.0)	(217, 3.0)	(218, 1.0)	(219, 2.0)	(220, 3.0)	(221, 0.0)	(222, 1.0)	(223, 1.0)	(224, 2.0)	(225, 0.0)	(226, 2.0)	(227, 0.0)	(228, 0.0)	(229, 3.0)	(230, 1299.0)	(231, 1853.0)	(232, 483592.0)	(233, 485.0)	(234, 20.0)	(235, 8.0)	(236, 2.0)	(237, 0.0)	(238, 6.0)	(239, 27.0)	(240, 2.0)	(241, 1.0)	(242, 3.0)	(243, 0.0)	(244, 0.0)	(245, 0.0)	(246, 0.0)	(247, 0.0)	(248, 200.0)	(249, 0.0)	(250, 0.0)	(251, 8396.0)				
122022-BEL-CBC-T4-6-MCAV_S87_R1_16S	(200, 2.0)	(202, 0.0)	(204, 0.0)	(206, 0.0)	(208, 1.0)	(210, 2.0)	(212, 4.0)	(214, 7.0)	(216, 6.0)	(218, 5.0)	(220, 3.0)	(222, 4.0)	(224, 3.0)	(226, 3.0)	(228, 316.0)	(230, 817978.0)	(232, 1457.0)	(234, 27.0)	(236, 6.0)	(238, 25.0)	(240, 0.0)	(242, 0.0)	(244, 0.0)	(246, 71.0)	(248, 58.0)	(250, 17699.0)																							
122022-BEL-CBC-T4-9-OFAV_S9_R1_16S	(200, 2.0)	(202, 1.0)	(204, 2.0)	(206, 0.0)	(208, 0.0)	(210, 1.0)	(212, 0.0)	(214, 0.0)	(216, 5.0)	(218, 3.0)	(220, 2.0)	(222, 1.0)	(224, 0.0)	(226, 0.0)	(228, 3.0)	(230, 1682.0)	(232, 440840.0)	(234, 33.0)	(236, 3.0)	(238, 18.0)	(240, 0.0)	(242, 0.0)	(244, 0.0)	(246, 0.0)	(248, 65.0)	(250, 9312.0)																							
122023-BEL-CBC-T1-511-OANN_S14_R1_16S	(200, 2.0)	(202, 0.0)	(204, 0.0)	(206, 0.0)	(208, 2.0)	(210, 1.0)	(212, 0.0)	(214, 2.0)	(216, 2.0)	(218, 4.0)	(220, 2.0)	(222, 2.0)	(224, 2.0)	(226, 1.0)	(228, 489.0)	(230, 1880.0)	(232, 554645.0)	(234, 47.0)	(236, 8.0)	(238, 30.0)	(240, 2.0)	(242, 0.0)	(244, 0.0)	(246, 1.0)	(248, 102.0)	(250, 12181.0)																							
122023-BEL-CBC-T3-479-PAST_S29_R1_16S	(200, 1.0)	(202, 0.0)	(204, 0.0)	(206, 1.0)	(208, 0.0)	(210, 0.0)	(212, 0.0)	(214, 4.0)	(216, 1.0)	(218, 1.0)	(220, 1.0)	(222, 1.0)	(224, 1.0)	(226, 1.0)	(228, 13.0)	(230, 4871.0)	(232, 532971.0)	(234, 56.0)	(236, 7.0)	(238, 37.0)	(240, 0.0)	(242, 3.0)	(244, 0.0)	(246, 0.0)	(248, 132.0)	(250, 6018.0)																							
122023-BEL-CBC-T3-530-PSTR_S31_R1_16S	(198, 1.0)	(200, 1.0)	(202, 2.0)	(204, 1.0)	(206, 1.0)	(208, 1.0)	(210, 2.0)	(212, 1.0)	(214, 1.0)	(216, 0.0)	(218, 3.0)	(220, 2.0)	(222, 1.0)	(224, 0.0)	(226, 1.0)	(228, 410.0)	(230, 4047.0)	(232, 440072.0)	(234, 46.0)	(236, 2.0)	(238, 34.0)	(240, 0.0)	(242, 0.0)	(244, 0.0)	(246, 0.0)	(248, 84.0)	(250, 7711.0)																						
Negative_S96_R1_16S	(200, 1.0)	(202, 0.0)	(204, 0.0)	(206, 0.0)	(208, 0.0)	(210, 0.0)	(212, 0.0)	(214, 0.0)	(216, 1.0)	(218, 0.0)	(220, 0.0)	(222, 0.0)	(224, 0.0)	(226, 0.0)	(228, 3442.0)	(230, 22314.0)	(232, 1384.0)	(234, 0.0)	(236, 0.0)	(238, 3.0)	(240, 0.0)	(242, 0.0)	(244, 0.0)	(246, 3.0)	(248, 27.0)	(250, 557.0)																							
Undetermined_S0_R1_16S	(45, 1.0)	(50, 0.0)	(55, 0.0)	(60, 0.0)	(65, 0.0)	(70, 1.0)	(75, 0.0)	(80, 0.0)	(85, 0.0)	(90, 0.0)	(95, 0.0)	(100, 0.0)	(105, 0.0)	(110, 0.0)	(115, 0.0)	(120, 0.0)	(125, 0.0)	(130, 0.0)	(135, 0.0)	(140, 0.0)	(145, 0.0)	(150, 0.0)	(155, 0.0)	(160, 0.0)	(165, 2.0)	(170, 0.0)	(175, 0.0)	(180, 0.0)	(185, 1.0)	(190, 1.0)	(195, 3.0)	(200, 2.0)	(205, 4.0)	(210, 11.0)	(215, 15.0)	(220, 4.0)	(225, 26727.0)	(230, 1273170.0)	(235, 89.0)	(240, 3098.0)	(245, 718211.0)	(250, 940962.0)							
