Sample	0	1	2	3	4	5	6	7	8	9	10	11	12	13	14	15	16	17	18	19	20	21	22	23	24	25	26	27	28	29	30	31	32	33	34	35	36	37	38
012024-BEL-CBC-T2-597-PAST_S54_R1_16S	(15.0, 5.0)	(16.0, 61.0)	(17.0, 245.0)	(18.0, 636.0)	(19.0, 1281.0)	(20.0, 1114.0)	(21.0, 1067.0)	(22.0, 1069.0)	(23.0, 1271.0)	(24.0, 1522.0)	(25.0, 1861.0)	(26.0, 2290.0)	(27.0, 2483.0)	(28.0, 3062.0)	(29.0, 4811.0)	(30.0, 6060.0)	(31.0, 4625.0)	(32.0, 5152.0)	(33.0, 6022.0)	(34.0, 8365.0)	(35.0, 12285.0)	(36.0, 19164.0)	(37.0, 55117.0)	(38.0, 45360.0)	(39.0, 557233.0)	(40.0, 181073.0)													
012024-BEL-CBC-T3-640-MCAV_S56_R1_16S	(15.0, 3.0)	(16.0, 33.0)	(17.0, 162.0)	(18.0, 408.0)	(19.0, 863.0)	(20.0, 1196.0)	(21.0, 821.0)	(22.0, 838.0)	(23.0, 976.0)	(24.0, 1357.0)	(25.0, 1728.0)	(26.0, 2037.0)	(27.0, 2278.0)	(28.0, 3283.0)	(29.0, 4075.0)	(30.0, 4189.0)	(31.0, 5296.0)	(32.0, 5606.0)	(33.0, 6395.0)	(34.0, 8118.0)	(35.0, 11814.0)	(36.0, 17039.0)	(37.0, 37708.0)	(38.0, 41919.0)	(39.0, 654672.0)	(40.0, 152826.0)													
022024-BEL-CBC-T1-773-SSID_S63_R1_16S	(15.0, 3.0)	(16.0, 76.0)	(17.0, 304.0)	(18.0, 622.0)	(19.0, 1192.0)	(20.0, 1330.0)	(21.0, 1057.0)	(22.0, 1114.0)	(23.0, 1251.0)	(24.0, 1610.0)	(25.0, 1978.0)	(26.0, 2286.0)	(27.0, 2545.0)	(28.0, 3162.0)	(29.0, 3144.0)	(30.0, 3624.0)	(31.0, 4101.0)	(32.0, 5122.0)	(33.0, 6673.0)	(34.0, 9862.0)	(35.0, 17766.0)	(36.0, 45078.0)	(37.0, 61561.0)	(38.0, 40506.0)	(39.0, 625892.0)	(40.0, 38971.0)													
022024-BEL-CBC-T3-845-SSID_S70_R1_16S	(15.0, 2.0)	(16.0, 73.0)	(17.0, 378.0)	(18.0, 701.0)	(19.0, 1361.0)	(20.0, 1393.0)	(21.0, 1084.0)	(22.0, 1075.0)	(23.0, 1189.0)	(24.0, 1528.0)	(25.0, 1931.0)	(26.0, 2229.0)	(27.0, 2556.0)	(28.0, 2923.0)	(29.0, 3371.0)	(30.0, 3743.0)	(31.0, 4405.0)	(32.0, 5271.0)	(33.0, 6664.0)	(34.0, 9967.0)	(35.0, 17789.0)	(36.0, 21540.0)	(37.0, 69575.0)	(38.0, 56680.0)	(39.0, 656417.0)	(40.0, 62155.0)													
022024-BEL-CBC-T3-846-OFAV_S94_R1_16S	(15.0, 2.0)	(16.0, 37.0)	(17.0, 185.0)	(18.0, 313.0)	(19.0, 431.0)	(20.0, 666.0)	(21.0, 605.0)	(22.0, 702.0)	(23.0, 924.0)	(24.0, 1450.0)	(25.0, 2033.0)	(26.0, 2491.0)	(27.0, 2876.0)	(28.0, 4301.0)	(29.0, 5321.0)	(30.0, 5248.0)	(31.0, 6751.0)	(32.0, 7139.0)	(33.0, 8152.0)	(34.0, 10525.0)	(35.0, 15231.0)	(36.0, 22694.0)	(37.0, 38999.0)	(38.0, 63800.0)	(39.0, 1076343.0)	(40.0, 15181.0)													
022024-BEL-CBC-T3-849-PSTR_S23_R1_16S	(15.0, 2.0)	(16.0, 28.0)	(17.0, 156.0)	(18.0, 357.0)	(19.0, 632.0)	(20.0, 607.0)	(21.0, 442.0)	(22.0, 421.0)	(23.0, 458.0)	(24.0, 719.0)	(25.0, 917.0)	(26.0, 967.0)	(27.0, 1157.0)	(28.0, 1703.0)	(29.0, 2061.0)	(30.0, 2154.0)	(31.0, 2718.0)	(32.0, 2941.0)	(33.0, 3642.0)	(34.0, 4911.0)	(35.0, 7527.0)	(36.0, 21401.0)	(37.0, 30668.0)	(38.0, 20012.0)	(39.0, 336132.0)	(40.0, 12086.0)													
022024-BEL-CBC-T3-850-MCAV_S43_R1_16S	(16.0, 27.0)	(17.0, 123.0)	(18.0, 279.0)	(19.0, 426.0)	(20.0, 694.0)	(21.0, 553.0)	(22.0, 574.0)	(23.0, 674.0)	(24.0, 1036.0)	(25.0, 1322.0)	(26.0, 1516.0)	(27.0, 1826.0)	(28.0, 2629.0)	(29.0, 3113.0)	(30.0, 3167.0)	(31.0, 3978.0)	(32.0, 4331.0)	(33.0, 5084.0)	(34.0, 6549.0)	(35.0, 9133.0)	(36.0, 13284.0)	(37.0, 22877.0)	(38.0, 36687.0)	(39.0, 624182.0)	(40.0, 5089.0)														
022024-BEL-CBC-T3-853-SSID_S75_R1_16S	(15.0, 2.0)	(16.0, 61.0)	(17.0, 275.0)	(18.0, 454.0)	(19.0, 662.0)	(20.0, 619.0)	(21.0, 534.0)	(22.0, 592.0)	(23.0, 838.0)	(24.0, 999.0)	(25.0, 1243.0)	(26.0, 1266.0)	(27.0, 1334.0)	(28.0, 1645.0)	(29.0, 1808.0)	(30.0, 2100.0)	(31.0, 2669.0)	(32.0, 3589.0)	(33.0, 4926.0)	(34.0, 8251.0)	(35.0, 12373.0)	(36.0, 22366.0)	(37.0, 29311.0)	(38.0, 60611.0)	(39.0, 290679.0)	(40.0, 4453.0)													
022024-BEL-CBC-T4-871-PSTR_S91_R1_16S	(15.0, 1.0)	(16.0, 80.0)	(17.0, 351.0)	(18.0, 830.0)	(19.0, 1405.0)	(20.0, 1828.0)	(21.0, 1331.0)	(22.0, 1326.0)	(23.0, 1643.0)	(24.0, 2249.0)	(25.0, 2858.0)	(26.0, 3228.0)	(27.0, 3830.0)	(28.0, 5031.0)	(29.0, 6674.0)	(30.0, 6895.0)	(31.0, 7828.0)	(32.0, 8430.0)	(33.0, 9690.0)	(34.0, 12835.0)	(35.0, 17662.0)	(36.0, 27301.0)	(37.0, 55637.0)	(38.0, 99020.0)	(39.0, 1124780.0)	(40.0, 50694.0)													
042024-BEL-CBC-T1-932-SSID_S18_R1_16S	(15.0, 4.0)	(16.0, 67.0)	(17.0, 382.0)	(18.0, 432.0)	(19.0, 395.0)	(20.0, 388.0)	(21.0, 389.0)	(22.0, 476.0)	(23.0, 600.0)	(24.0, 755.0)	(25.0, 979.0)	(26.0, 1053.0)	(27.0, 1201.0)	(28.0, 1291.0)	(29.0, 1606.0)	(30.0, 1802.0)	(31.0, 2195.0)	(32.0, 2531.0)	(33.0, 3396.0)	(34.0, 4847.0)	(35.0, 7436.0)	(36.0, 21839.0)	(37.0, 28679.0)	(38.0, 17333.0)	(39.0, 288637.0)	(40.0, 56134.0)													
042024-BEL-CBC-T1-938-SSID_S17_R1_16S	(15.0, 1.0)	(16.0, 49.0)	(17.0, 211.0)	(18.0, 346.0)	(19.0, 310.0)	(20.0, 319.0)	(21.0, 279.0)	(22.0, 355.0)	(23.0, 420.0)	(24.0, 544.0)	(25.0, 697.0)	(26.0, 834.0)	(27.0, 906.0)	(28.0, 942.0)	(29.0, 1182.0)	(30.0, 1444.0)	(31.0, 1677.0)	(32.0, 2128.0)	(33.0, 2896.0)	(34.0, 4356.0)	(35.0, 7087.0)	(36.0, 26826.0)	(37.0, 30867.0)	(38.0, 12223.0)	(39.0, 184760.0)	(40.0, 25687.0)													
042024-BEL-CBC-T1-940-SSID_S35_R1_16S	(15.0, 6.0)	(16.0, 118.0)	(17.0, 402.0)	(18.0, 596.0)	(19.0, 854.0)	(20.0, 850.0)	(21.0, 675.0)	(22.0, 766.0)	(23.0, 960.0)	(24.0, 1259.0)	(25.0, 1588.0)	(26.0, 1779.0)	(27.0, 1907.0)	(28.0, 2391.0)	(29.0, 3172.0)	(30.0, 2962.0)	(31.0, 3292.0)	(32.0, 3992.0)	(33.0, 5273.0)	(34.0, 8280.0)	(35.0, 14996.0)	(36.0, 29176.0)	(37.0, 26657.0)	(38.0, 45435.0)	(39.0, 435015.0)	(40.0, 20028.0)													
042024-BEL-CBC-T2-1030-SSID_S48_R1_16S	(15.0, 2.0)	(16.0, 54.0)	(17.0, 284.0)	(18.0, 451.0)	(19.0, 660.0)	(20.0, 776.0)	(21.0, 661.0)	(22.0, 801.0)	(23.0, 887.0)	(24.0, 1106.0)	(25.0, 1433.0)	(26.0, 1691.0)	(27.0, 1786.0)	(28.0, 2160.0)	(29.0, 3092.0)	(30.0, 3036.0)	(31.0, 3136.0)	(32.0, 3710.0)	(33.0, 5044.0)	(34.0, 8379.0)	(35.0, 15301.0)	(36.0, 38466.0)	(37.0, 39799.0)	(38.0, 33276.0)	(39.0, 327928.0)	(40.0, 57674.0)													
042024-BEL-CBC-T3-1011-SSID_S10_R1_16S	(15.0, 1.0)	(16.0, 95.0)	(17.0, 436.0)	(18.0, 572.0)	(19.0, 498.0)	(20.0, 486.0)	(21.0, 546.0)	(22.0, 607.0)	(23.0, 761.0)	(24.0, 975.0)	(25.0, 1230.0)	(26.0, 1414.0)	(27.0, 1670.0)	(28.0, 1743.0)	(29.0, 2083.0)	(30.0, 2650.0)	(31.0, 3370.0)	(32.0, 3835.0)	(33.0, 4657.0)	(34.0, 6685.0)	(35.0, 9591.0)	(36.0, 15403.0)	(37.0, 50210.0)	(38.0, 52595.0)	(39.0, 349594.0)	(40.0, 80629.0)													
042024-BEL-CBC-T3-1012-SSID_S27_R1_16S	(15.0, 2.0)	(16.0, 47.0)	(17.0, 293.0)	(18.0, 445.0)	(19.0, 641.0)	(20.0, 499.0)	(21.0, 408.0)	(22.0, 557.0)	(23.0, 630.0)	(24.0, 798.0)	(25.0, 1074.0)	(26.0, 1127.0)	(27.0, 1298.0)	(28.0, 1416.0)	(29.0, 1602.0)	(30.0, 1842.0)	(31.0, 2171.0)	(32.0, 2776.0)	(33.0, 3659.0)	(34.0, 5237.0)	(35.0, 7718.0)	(36.0, 19206.0)	(37.0, 37239.0)	(38.0, 25245.0)	(39.0, 310030.0)	(40.0, 18889.0)													
042024-BEL-CBC-T3-1057-SSID_S5_R1_16S	(15.0, 5.0)	(16.0, 62.0)	(17.0, 235.0)	(18.0, 350.0)	(19.0, 395.0)	(20.0, 393.0)	(21.0, 350.0)	(22.0, 378.0)	(23.0, 514.0)	(24.0, 617.0)	(25.0, 844.0)	(26.0, 958.0)	(27.0, 1019.0)	(28.0, 1222.0)	(29.0, 1316.0)	(30.0, 1607.0)	(31.0, 1905.0)	(32.0, 2517.0)	(33.0, 3286.0)	(34.0, 4984.0)	(35.0, 8421.0)	(36.0, 20480.0)	(37.0, 51654.0)	(38.0, 18810.0)	(39.0, 245008.0)	(40.0, 36515.0)													
042024-BEL-CBC-T3-942-PAST_S34_R1_16S	(15.0, 11.0)	(16.0, 173.0)	(17.0, 796.0)	(18.0, 1144.0)	(19.0, 1511.0)	(20.0, 1247.0)	(21.0, 1181.0)	(22.0, 1380.0)	(23.0, 1630.0)	(24.0, 2000.0)	(25.0, 2483.0)	(26.0, 2957.0)	(27.0, 3187.0)	(28.0, 3712.0)	(29.0, 4724.0)	(30.0, 5883.0)	(31.0, 5264.0)	(32.0, 6124.0)	(33.0, 7407.0)	(34.0, 10335.0)	(35.0, 16126.0)	(36.0, 29052.0)	(37.0, 43649.0)	(38.0, 54416.0)	(39.0, 688400.0)	(40.0, 144462.0)													
042024-BEL-CBC-T3-953-MCAV_S41_R1_16S	(16.0, 15.0)	(17.0, 52.0)	(18.0, 138.0)	(19.0, 250.0)	(20.0, 454.0)	(21.0, 363.0)	(22.0, 390.0)	(23.0, 472.0)	(24.0, 625.0)	(25.0, 775.0)	(26.0, 897.0)	(27.0, 1072.0)	(28.0, 1466.0)	(29.0, 1909.0)	(30.0, 1897.0)	(31.0, 2314.0)	(32.0, 2554.0)	(33.0, 2961.0)	(34.0, 3774.0)	(35.0, 5182.0)	(36.0, 8219.0)	(37.0, 13936.0)	(38.0, 21688.0)	(39.0, 372081.0)	(40.0, 1355.0)														
052022-BEL-CBC-T1-10-PSTR_S38_R1_16S	(15.0, 1.0)	(16.0, 48.0)	(17.0, 237.0)	(18.0, 458.0)	(19.0, 757.0)	(20.0, 815.0)	(21.0, 666.0)	(22.0, 699.0)	(23.0, 787.0)	(24.0, 1080.0)	(25.0, 1310.0)	(26.0, 1535.0)	(27.0, 1802.0)	(28.0, 2346.0)	(29.0, 2703.0)	(30.0, 2996.0)	(31.0, 3809.0)	(32.0, 3943.0)	(33.0, 4939.0)	(34.0, 6904.0)	(35.0, 10661.0)	(36.0, 29312.0)	(37.0, 41905.0)	(38.0, 29938.0)	(39.0, 429855.0)	(40.0, 83817.0)													
052022-BEL-CBC-T1-17-SSID_S69_R1_16S	(15.0, 1.0)	(16.0, 89.0)	(17.0, 389.0)	(18.0, 645.0)	(19.0, 1333.0)	(20.0, 1265.0)	(21.0, 934.0)	(22.0, 986.0)	(23.0, 1191.0)	(24.0, 1493.0)	(25.0, 1960.0)	(26.0, 2344.0)	(27.0, 2461.0)	(28.0, 2943.0)	(29.0, 3267.0)	(30.0, 3474.0)	(31.0, 3854.0)	(32.0, 4786.0)	(33.0, 5767.0)	(34.0, 7868.0)	(35.0, 11697.0)	(36.0, 17817.0)	(37.0, 50758.0)	(38.0, 48852.0)	(39.0, 660667.0)	(40.0, 91223.0)													
052022-BEL-CBC-T1-34-PAST_S40_R1_16S	(15.0, 4.0)	(16.0, 92.0)	(17.0, 375.0)	(18.0, 536.0)	(19.0, 676.0)	(20.0, 576.0)	(21.0, 516.0)	(22.0, 614.0)	(23.0, 729.0)	(24.0, 908.0)	(25.0, 1140.0)	(26.0, 1232.0)	(27.0, 1343.0)	(28.0, 1592.0)	(29.0, 2057.0)	(30.0, 2572.0)	(31.0, 2417.0)	(32.0, 2777.0)	(33.0, 3542.0)	(34.0, 5296.0)	(35.0, 9359.0)	(36.0, 27681.0)	(37.0, 37207.0)	(38.0, 18389.0)	(39.0, 258486.0)	(40.0, 61289.0)													
052022-BEL-CBC-T1-4-PSTR_S52_R1_16S	(15.0, 5.0)	(16.0, 28.0)	(17.0, 188.0)	(18.0, 448.0)	(19.0, 880.0)	(20.0, 1273.0)	(21.0, 906.0)	(22.0, 948.0)	(23.0, 1170.0)	(24.0, 1521.0)	(25.0, 2004.0)	(26.0, 2278.0)	(27.0, 2682.0)	(28.0, 3732.0)	(29.0, 4801.0)	(30.0, 4801.0)	(31.0, 6175.0)	(32.0, 6481.0)	(33.0, 7770.0)	(34.0, 10292.0)	(35.0, 15177.0)	(36.0, 23643.0)	(37.0, 63703.0)	(38.0, 56352.0)	(39.0, 728868.0)	(40.0, 180309.0)													
052022-BEL-CBC-T1-61-PAST_S89_R1_16S	(15.0, 2.0)	(16.0, 54.0)	(17.0, 227.0)	(18.0, 539.0)	(19.0, 1050.0)	(20.0, 874.0)	(21.0, 760.0)	(22.0, 790.0)	(23.0, 986.0)	(24.0, 1127.0)	(25.0, 1471.0)	(26.0, 1593.0)	(27.0, 1738.0)	(28.0, 2025.0)	(29.0, 2339.0)	(30.0, 2609.0)	(31.0, 3105.0)	(32.0, 3809.0)	(33.0, 4916.0)	(34.0, 7260.0)	(35.0, 11555.0)	(36.0, 17888.0)	(37.0, 38809.0)	(38.0, 68846.0)	(39.0, 344923.0)	(40.0, 5692.0)													
052022-BEL-CBC-T2-4-MCAV_S83_R1_16S	(15.0, 7.0)	(16.0, 44.0)	(17.0, 238.0)	(18.0, 395.0)	(19.0, 660.0)	(20.0, 848.0)	(21.0, 542.0)	(22.0, 610.0)	(23.0, 940.0)	(24.0, 1190.0)	(25.0, 1282.0)	(26.0, 1514.0)	(27.0, 1806.0)	(28.0, 2235.0)	(29.0, 2893.0)	(30.0, 3185.0)	(31.0, 3786.0)	(32.0, 4540.0)	(33.0, 5969.0)	(34.0, 8862.0)	(35.0, 15305.0)	(36.0, 30339.0)	(37.0, 42916.0)	(38.0, 79573.0)	(39.0, 345448.0)	(40.0, 4910.0)													
052022-BEL-CBC-T2-60-PAST_S20_R1_16S	(15.0, 9.0)	(16.0, 73.0)	(17.0, 373.0)	(18.0, 479.0)	(19.0, 483.0)	(20.0, 417.0)	(21.0, 423.0)	(22.0, 498.0)	(23.0, 568.0)	(24.0, 752.0)	(25.0, 954.0)	(26.0, 1058.0)	(27.0, 1198.0)	(28.0, 1369.0)	(29.0, 1553.0)	(30.0, 1836.0)	(31.0, 2230.0)	(32.0, 2726.0)	(33.0, 3495.0)	(34.0, 5172.0)	(35.0, 8019.0)	(36.0, 26038.0)	(37.0, 37519.0)	(38.0, 18425.0)	(39.0, 275843.0)	(40.0, 48081.0)													
052022-BEL-CBC-T2-62-PAST_S12_R1_16S	(15.0, 1.0)	(16.0, 82.0)	(17.0, 542.0)	(18.0, 1032.0)	(19.0, 1272.0)	(20.0, 961.0)	(21.0, 770.0)	(22.0, 857.0)	(23.0, 1017.0)	(24.0, 1300.0)	(25.0, 1725.0)	(26.0, 2015.0)	(27.0, 2259.0)	(28.0, 2537.0)	(29.0, 3011.0)	(30.0, 3425.0)	(31.0, 4334.0)	(32.0, 5132.0)	(33.0, 6072.0)	(34.0, 8679.0)	(35.0, 12459.0)	(36.0, 20102.0)	(37.0, 53227.0)	(38.0, 81130.0)	(39.0, 483288.0)	(40.0, 42591.0)													
052022-BEL-CBC-T2-72-OFAV_S13_R1_16S	(15.0, 8.0)	(16.0, 80.0)	(17.0, 415.0)	(18.0, 616.0)	(19.0, 591.0)	(20.0, 641.0)	(21.0, 538.0)	(22.0, 582.0)	(23.0, 753.0)	(24.0, 892.0)	(25.0, 1221.0)	(26.0, 1443.0)	(27.0, 1594.0)	(28.0, 1807.0)	(29.0, 2274.0)	(30.0, 2437.0)	(31.0, 2953.0)	(32.0, 3495.0)	(33.0, 4200.0)	(34.0, 5665.0)	(35.0, 8628.0)	(36.0, 13375.0)	(37.0, 36991.0)	(38.0, 43544.0)	(39.0, 419272.0)	(40.0, 74607.0)													
052022-BEL-CBC-T3-40-MCAV_S1_R1_16S	(15.0, 5.0)	(16.0, 62.0)	(17.0, 359.0)	(18.0, 434.0)	(19.0, 379.0)	(20.0, 340.0)	(21.0, 331.0)	(22.0, 454.0)	(23.0, 578.0)	(24.0, 747.0)	(25.0, 943.0)	(26.0, 1068.0)	(27.0, 1257.0)	(28.0, 1405.0)	(29.0, 1565.0)	(30.0, 1864.0)	(31.0, 2230.0)	(32.0, 2551.0)	(33.0, 3284.0)	(34.0, 4476.0)	(35.0, 6623.0)	(36.0, 15446.0)	(37.0, 31462.0)	(38.0, 22999.0)	(39.0, 295771.0)	(40.0, 50650.0)													
052022-BEL-CBC-T3-48-MCAV_S7_R1_16S	(15.0, 3.0)	(16.0, 49.0)	(17.0, 296.0)	(18.0, 544.0)	(19.0, 843.0)	(20.0, 832.0)	(21.0, 679.0)	(22.0, 666.0)	(23.0, 814.0)	(24.0, 1083.0)	(25.0, 1415.0)	(26.0, 1546.0)	(27.0, 1809.0)	(28.0, 2358.0)	(29.0, 2868.0)	(30.0, 3159.0)	(31.0, 3802.0)	(32.0, 4144.0)	(33.0, 5448.0)	(34.0, 7462.0)	(35.0, 11178.0)	(36.0, 27680.0)	(37.0, 65304.0)	(38.0, 31103.0)	(39.0, 517145.0)	(40.0, 45989.0)													
052022-BEL-CBC-T3-49-MCAV_S2_R1_16S	(15.0, 1.0)	(16.0, 18.0)	(17.0, 93.0)	(18.0, 246.0)	(19.0, 561.0)	(20.0, 565.0)	(21.0, 413.0)	(22.0, 416.0)	(23.0, 466.0)	(24.0, 614.0)	(25.0, 817.0)	(26.0, 901.0)	(27.0, 1088.0)	(28.0, 1524.0)	(29.0, 1901.0)	(30.0, 1962.0)	(31.0, 2436.0)	(32.0, 2720.0)	(33.0, 3437.0)	(34.0, 4850.0)	(35.0, 6847.0)	(36.0, 17314.0)	(37.0, 39661.0)	(38.0, 19125.0)	(39.0, 306467.0)	(40.0, 2732.0)													
052022-BEL-CBC-T3-51-MCAV_S33_R1_16S	(15.0, 1.0)	(16.0, 25.0)	(17.0, 123.0)	(18.0, 323.0)	(19.0, 657.0)	(20.0, 800.0)	(21.0, 557.0)	(22.0, 617.0)	(23.0, 716.0)	(24.0, 977.0)	(25.0, 1115.0)	(26.0, 1318.0)	(27.0, 1528.0)	(28.0, 2103.0)	(29.0, 2488.0)	(30.0, 2614.0)	(31.0, 3253.0)	(32.0, 3690.0)	(33.0, 4504.0)	(34.0, 6372.0)	(35.0, 10835.0)	(36.0, 31687.0)	(37.0, 33197.0)	(38.0, 26332.0)	(39.0, 371889.0)	(40.0, 35963.0)													
052022-BEL-CBC-T3-55-PAST_S88_R1_16S	(15.0, 5.0)	(16.0, 95.0)	(17.0, 525.0)	(18.0, 1293.0)	(19.0, 3349.0)	(20.0, 2626.0)	(21.0, 1773.0)	(22.0, 1616.0)	(23.0, 1828.0)	(24.0, 2131.0)	(25.0, 2556.0)	(26.0, 2831.0)	(27.0, 3333.0)	(28.0, 3813.0)	(29.0, 4278.0)	(30.0, 4763.0)	(31.0, 5384.0)	(32.0, 6508.0)	(33.0, 8159.0)	(34.0, 11040.0)	(35.0, 15548.0)	(36.0, 24697.0)	(37.0, 81855.0)	(38.0, 89383.0)	(39.0, 843718.0)	(40.0, 21582.0)													
062019-BEL-CBC-T1-16-MCAV_S78_R1_16S	(15.0, 2.0)	(16.0, 31.0)	(17.0, 118.0)	(18.0, 282.0)	(19.0, 489.0)	(20.0, 744.0)	(21.0, 626.0)	(22.0, 569.0)	(23.0, 603.0)	(24.0, 867.0)	(25.0, 1068.0)	(26.0, 1188.0)	(27.0, 1339.0)	(28.0, 1875.0)	(29.0, 2466.0)	(30.0, 2513.0)	(31.0, 3239.0)	(32.0, 3457.0)	(33.0, 4380.0)	(34.0, 5992.0)	(35.0, 8336.0)	(36.0, 14270.0)	(37.0, 50253.0)	(38.0, 34714.0)	(39.0, 376135.0)	(40.0, 79031.0)													
062019-BEL-CBC-T1-17-MCAV_S65_R1_16S	(15.0, 1.0)	(16.0, 43.0)	(17.0, 259.0)	(18.0, 473.0)	(19.0, 793.0)	(20.0, 1007.0)	(21.0, 774.0)	(22.0, 787.0)	(23.0, 971.0)	(24.0, 1436.0)	(25.0, 1696.0)	(26.0, 1921.0)	(27.0, 2193.0)	(28.0, 2918.0)	(29.0, 3757.0)	(30.0, 3769.0)	(31.0, 4480.0)	(32.0, 4835.0)	(33.0, 5783.0)	(34.0, 7509.0)	(35.0, 10579.0)	(36.0, 17302.0)	(37.0, 32718.0)	(38.0, 50084.0)	(39.0, 607174.0)	(40.0, 33879.0)													
062019-BEL-CBC-T2-25-PAST_S79_R1_16S	(15.0, 2.0)	(16.0, 16.0)	(17.0, 134.0)	(18.0, 375.0)	(19.0, 741.0)	(20.0, 741.0)	(21.0, 576.0)	(22.0, 569.0)	(23.0, 636.0)	(24.0, 748.0)	(25.0, 913.0)	(26.0, 1042.0)	(27.0, 1154.0)	(28.0, 1313.0)	(29.0, 1507.0)	(30.0, 1685.0)	(31.0, 1975.0)	(32.0, 2428.0)	(33.0, 3104.0)	(34.0, 4683.0)	(35.0, 6921.0)	(36.0, 12253.0)	(37.0, 46825.0)	(38.0, 35521.0)	(39.0, 252608.0)	(40.0, 12553.0)													
062019-BEL-CBC-T2-26-SSID_S44_R1_16S	(16.0, 29.0)	(17.0, 192.0)	(18.0, 367.0)	(19.0, 741.0)	(20.0, 771.0)	(21.0, 625.0)	(22.0, 703.0)	(23.0, 836.0)	(24.0, 1038.0)	(25.0, 1354.0)	(26.0, 1564.0)	(27.0, 1851.0)	(28.0, 2286.0)	(29.0, 3893.0)	(30.0, 3460.0)	(31.0, 3003.0)	(32.0, 3676.0)	(33.0, 4694.0)	(34.0, 7275.0)	(35.0, 13116.0)	(36.0, 35410.0)	(37.0, 36844.0)	(38.0, 26708.0)	(39.0, 400897.0)	(40.0, 103085.0)														
062019-BEL-CBC-T3-12-PAST_S36_R1_16S	(15.0, 1.0)	(16.0, 58.0)	(17.0, 306.0)	(18.0, 585.0)	(19.0, 1074.0)	(20.0, 930.0)	(21.0, 767.0)	(22.0, 879.0)	(23.0, 1024.0)	(24.0, 1208.0)	(25.0, 1492.0)	(26.0, 1831.0)	(27.0, 1981.0)	(28.0, 2450.0)	(29.0, 3299.0)	(30.0, 4313.0)	(31.0, 3634.0)	(32.0, 4343.0)	(33.0, 5394.0)	(34.0, 7786.0)	(35.0, 13373.0)	(36.0, 38990.0)	(37.0, 55695.0)	(38.0, 40671.0)	(39.0, 365927.0)	(40.0, 80119.0)													
062019-BEL-CBC-T3-15-MCAV_S60_R1_16S	(15.0, 2.0)	(16.0, 39.0)	(17.0, 204.0)	(18.0, 458.0)	(19.0, 781.0)	(20.0, 1139.0)	(21.0, 826.0)	(22.0, 839.0)	(23.0, 1153.0)	(24.0, 1426.0)	(25.0, 1798.0)	(26.0, 2001.0)	(27.0, 2495.0)	(28.0, 3317.0)	(29.0, 4163.0)	(30.0, 4371.0)	(31.0, 5419.0)	(32.0, 6016.0)	(33.0, 7442.0)	(34.0, 10471.0)	(35.0, 17357.0)	(36.0, 53803.0)	(37.0, 53295.0)	(38.0, 39218.0)	(39.0, 712657.0)	(40.0, 35458.0)													
062019-BEL-CBC-T3-23-PAST_S26_R1_16S	(15.0, 3.0)	(16.0, 49.0)	(17.0, 275.0)	(18.0, 496.0)	(19.0, 689.0)	(20.0, 553.0)	(21.0, 509.0)	(22.0, 673.0)	(23.0, 814.0)	(24.0, 1066.0)	(25.0, 1362.0)	(26.0, 1533.0)	(27.0, 1709.0)	(28.0, 2045.0)	(29.0, 2477.0)	(30.0, 3240.0)	(31.0, 3945.0)	(32.0, 5461.0)	(33.0, 7972.0)	(34.0, 13926.0)	(35.0, 26458.0)	(36.0, 44817.0)	(37.0, 55126.0)	(38.0, 88423.0)	(39.0, 183788.0)	(40.0, 364.0)													
062019-BEL-CBC-T3-28-SSID_S95_R1_16S	(15.0, 2.0)	(16.0, 56.0)	(17.0, 267.0)	(18.0, 448.0)	(19.0, 660.0)	(20.0, 739.0)	(21.0, 704.0)	(22.0, 855.0)	(23.0, 1155.0)	(24.0, 1623.0)	(25.0, 2248.0)	(26.0, 2678.0)	(27.0, 2945.0)	(28.0, 3448.0)	(29.0, 3833.0)	(30.0, 4330.0)	(31.0, 4867.0)	(32.0, 5849.0)	(33.0, 7269.0)	(34.0, 9865.0)	(35.0, 18514.0)	(36.0, 29705.0)	(37.0, 40426.0)	(38.0, 48234.0)	(39.0, 908271.0)	(40.0, 133788.0)													
062019-BEL-CBC-T3-31-PAST_S42_R1_16S	(15.0, 4.0)	(16.0, 71.0)	(17.0, 369.0)	(18.0, 665.0)	(19.0, 1238.0)	(20.0, 1066.0)	(21.0, 1073.0)	(22.0, 1251.0)	(23.0, 1424.0)	(24.0, 1936.0)	(25.0, 2241.0)	(26.0, 2710.0)	(27.0, 3040.0)	(28.0, 3469.0)	(29.0, 5327.0)	(30.0, 5916.0)	(31.0, 5744.0)	(32.0, 6983.0)	(33.0, 9589.0)	(34.0, 14825.0)	(35.0, 28987.0)	(36.0, 67716.0)	(37.0, 57635.0)	(38.0, 78241.0)	(39.0, 532135.0)	(40.0, 76828.0)													
062019-BEL-CBC-T3-4-PAST_S22_R1_16S	(16.0, 56.0)	(17.0, 350.0)	(18.0, 864.0)	(19.0, 1059.0)	(20.0, 826.0)	(21.0, 674.0)	(22.0, 769.0)	(23.0, 943.0)	(24.0, 1128.0)	(25.0, 1418.0)	(26.0, 1734.0)	(27.0, 1835.0)	(28.0, 2270.0)	(29.0, 2677.0)	(30.0, 3232.0)	(31.0, 3674.0)	(32.0, 4226.0)	(33.0, 5395.0)	(34.0, 7558.0)	(35.0, 11345.0)	(36.0, 29645.0)	(37.0, 46902.0)	(38.0, 59934.0)	(39.0, 439410.0)	(40.0, 6577.0)														
062019-BEL-CBC-T3-7-PAST_S58_R1_16S	(15.0, 3.0)	(16.0, 50.0)	(17.0, 299.0)	(18.0, 601.0)	(19.0, 1333.0)	(20.0, 1081.0)	(21.0, 919.0)	(22.0, 934.0)	(23.0, 1136.0)	(24.0, 1386.0)	(25.0, 1742.0)	(26.0, 2027.0)	(27.0, 2148.0)	(28.0, 2619.0)	(29.0, 3900.0)	(30.0, 4831.0)	(31.0, 4036.0)	(32.0, 4579.0)	(33.0, 5784.0)	(34.0, 8309.0)	(35.0, 13796.0)	(36.0, 40280.0)	(37.0, 35887.0)	(38.0, 31997.0)	(39.0, 466163.0)	(40.0, 103031.0)													
062019-BEL-CBC-T3-8-MCAV_S77_R1_16S	(16.0, 8.0)	(17.0, 63.0)	(18.0, 134.0)	(19.0, 224.0)	(20.0, 361.0)	(21.0, 288.0)	(22.0, 276.0)	(23.0, 334.0)	(24.0, 385.0)	(25.0, 468.0)	(26.0, 550.0)	(27.0, 669.0)	(28.0, 876.0)	(29.0, 1074.0)	(30.0, 1213.0)	(31.0, 1450.0)	(32.0, 1654.0)	(33.0, 2193.0)	(34.0, 3165.0)	(35.0, 4574.0)	(36.0, 8128.0)	(37.0, 33501.0)	(38.0, 19418.0)	(39.0, 145211.0)	(40.0, 29890.0)														
062019-BEL-CBC-T3-9-MCAV_S80_R1_16S	(15.0, 1.0)	(16.0, 35.0)	(17.0, 152.0)	(18.0, 350.0)	(19.0, 589.0)	(20.0, 930.0)	(21.0, 637.0)	(22.0, 610.0)	(23.0, 700.0)	(24.0, 910.0)	(25.0, 1217.0)	(26.0, 1319.0)	(27.0, 1549.0)	(28.0, 2208.0)	(29.0, 2902.0)	(30.0, 3003.0)	(31.0, 3599.0)	(32.0, 3829.0)	(33.0, 4589.0)	(34.0, 6018.0)	(35.0, 8543.0)	(36.0, 13238.0)	(37.0, 39346.0)	(38.0, 32955.0)	(39.0, 440450.0)	(40.0, 91681.0)													
062024-BEL-CBC-T1-1344-SSID_S39_R1_16S	(15.0, 5.0)	(16.0, 97.0)	(17.0, 521.0)	(18.0, 745.0)	(19.0, 1010.0)	(20.0, 1040.0)	(21.0, 1029.0)	(22.0, 1089.0)	(23.0, 1406.0)	(24.0, 1662.0)	(25.0, 2160.0)	(26.0, 2566.0)	(27.0, 2726.0)	(28.0, 3300.0)	(29.0, 4340.0)	(30.0, 4630.0)	(31.0, 4811.0)	(32.0, 5701.0)	(33.0, 7266.0)	(34.0, 10623.0)	(35.0, 19010.0)	(36.0, 46257.0)	(37.0, 63212.0)	(38.0, 46741.0)	(39.0, 533421.0)	(40.0, 100230.0)													
062024-BEL-CBC-T2-1381-SSID_S30_R1_16S	(15.0, 1.0)	(16.0, 62.0)	(17.0, 293.0)	(18.0, 501.0)	(19.0, 712.0)	(20.0, 542.0)	(21.0, 478.0)	(22.0, 488.0)	(23.0, 574.0)	(24.0, 767.0)	(25.0, 1035.0)	(26.0, 1115.0)	(27.0, 1174.0)	(28.0, 1444.0)	(29.0, 1624.0)	(30.0, 1861.0)	(31.0, 2169.0)	(32.0, 2682.0)	(33.0, 3620.0)	(34.0, 5207.0)	(35.0, 7926.0)	(36.0, 18568.0)	(37.0, 52430.0)	(38.0, 25431.0)	(39.0, 315649.0)	(40.0, 33997.0)													
062024-BEL-CBC-T3-1430-PSTR_S62_R1_16S	(15.0, 1.0)	(16.0, 29.0)	(17.0, 128.0)	(18.0, 303.0)	(19.0, 488.0)	(20.0, 706.0)	(21.0, 586.0)	(22.0, 598.0)	(23.0, 713.0)	(24.0, 948.0)	(25.0, 1136.0)	(26.0, 1317.0)	(27.0, 1584.0)	(28.0, 2209.0)	(29.0, 2741.0)	(30.0, 3025.0)	(31.0, 3688.0)	(32.0, 3966.0)	(33.0, 5031.0)	(34.0, 7360.0)	(35.0, 12881.0)	(36.0, 42289.0)	(37.0, 38845.0)	(38.0, 24678.0)	(39.0, 449733.0)	(40.0, 24009.0)													
062024-BEL-CBC-T4-1461-OFAV_S72_R1_16S	(15.0, 2.0)	(16.0, 63.0)	(17.0, 318.0)	(18.0, 669.0)	(19.0, 1091.0)	(20.0, 1626.0)	(21.0, 1117.0)	(22.0, 1038.0)	(23.0, 1292.0)	(24.0, 1703.0)	(25.0, 2074.0)	(26.0, 2586.0)	(27.0, 3014.0)	(28.0, 4105.0)	(29.0, 6671.0)	(30.0, 6680.0)	(31.0, 7576.0)	(32.0, 7721.0)	(33.0, 8752.0)	(34.0, 10812.0)	(35.0, 14116.0)	(36.0, 20538.0)	(37.0, 40010.0)	(38.0, 54072.0)	(39.0, 938655.0)	(40.0, 133744.0)													
082024-BEL-CBC-T2-1513-PAST_S53_R1_16S	(15.0, 2.0)	(16.0, 53.0)	(17.0, 266.0)	(18.0, 692.0)	(19.0, 1479.0)	(20.0, 1241.0)	(21.0, 1060.0)	(22.0, 1171.0)	(23.0, 1391.0)	(24.0, 1644.0)	(25.0, 2133.0)	(26.0, 2495.0)	(27.0, 2892.0)	(28.0, 3498.0)	(29.0, 5480.0)	(30.0, 6778.0)	(31.0, 5241.0)	(32.0, 5648.0)	(33.0, 6655.0)	(34.0, 9251.0)	(35.0, 13489.0)	(36.0, 19229.0)	(37.0, 40605.0)	(38.0, 53846.0)	(39.0, 642062.0)	(40.0, 183749.0)													
082024-BEL-CBC-T2-1514-MCAV_S71_R1_16S	(15.0, 1.0)	(16.0, 28.0)	(17.0, 149.0)	(18.0, 373.0)	(19.0, 671.0)	(20.0, 1113.0)	(21.0, 817.0)	(22.0, 730.0)	(23.0, 893.0)	(24.0, 1219.0)	(25.0, 1529.0)	(26.0, 1807.0)	(27.0, 2144.0)	(28.0, 2940.0)	(29.0, 4078.0)	(30.0, 4136.0)	(31.0, 4896.0)	(32.0, 5035.0)	(33.0, 5747.0)	(34.0, 7052.0)	(35.0, 9434.0)	(36.0, 14015.0)	(37.0, 27111.0)	(38.0, 35194.0)	(39.0, 677801.0)	(40.0, 120583.0)													
082024-BEL-CBC-T2-1515-MCAV_S25_R1_16S	(15.0, 1.0)	(16.0, 40.0)	(17.0, 229.0)	(18.0, 415.0)	(19.0, 724.0)	(20.0, 705.0)	(21.0, 453.0)	(22.0, 532.0)	(23.0, 679.0)	(24.0, 925.0)	(25.0, 1174.0)	(26.0, 1337.0)	(27.0, 1491.0)	(28.0, 1959.0)	(29.0, 2313.0)	(30.0, 2506.0)	(31.0, 2924.0)	(32.0, 3246.0)	(33.0, 3904.0)	(34.0, 5191.0)	(35.0, 7807.0)	(36.0, 12014.0)	(37.0, 21204.0)	(38.0, 29864.0)	(39.0, 421736.0)	(40.0, 12334.0)													
092023-BEL-CBC-T1-177-PSTR_S50_R1_16S	(15.0, 5.0)	(16.0, 150.0)	(17.0, 561.0)	(18.0, 719.0)	(19.0, 682.0)	(20.0, 658.0)	(21.0, 638.0)	(22.0, 771.0)	(23.0, 900.0)	(24.0, 1239.0)	(25.0, 1518.0)	(26.0, 1674.0)	(27.0, 1839.0)	(28.0, 2135.0)	(29.0, 2504.0)	(30.0, 3181.0)	(31.0, 4833.0)	(32.0, 4528.0)	(33.0, 4749.0)	(34.0, 6851.0)	(35.0, 10335.0)	(36.0, 13705.0)	(37.0, 22712.0)	(38.0, 32658.0)	(39.0, 452936.0)	(40.0, 52201.0)													
092023-BEL-CBC-T1-190-OANN_S81_R1_16S	(16.0, 36.0)	(17.0, 176.0)	(18.0, 398.0)	(19.0, 662.0)	(20.0, 925.0)	(21.0, 673.0)	(22.0, 616.0)	(23.0, 770.0)	(24.0, 988.0)	(25.0, 1279.0)	(26.0, 1522.0)	(27.0, 1737.0)	(28.0, 2262.0)	(29.0, 3328.0)	(30.0, 3596.0)	(31.0, 3882.0)	(32.0, 4433.0)	(33.0, 5128.0)	(34.0, 7133.0)	(35.0, 10637.0)	(36.0, 16573.0)	(37.0, 38000.0)	(38.0, 46081.0)	(39.0, 422085.0)	(40.0, 17771.0)														
092023-BEL-CBC-T1-196-SSID_S82_R1_16S	(15.0, 3.0)	(16.0, 82.0)	(17.0, 439.0)	(18.0, 669.0)	(19.0, 950.0)	(20.0, 907.0)	(21.0, 747.0)	(22.0, 775.0)	(23.0, 946.0)	(24.0, 1107.0)	(25.0, 1422.0)	(26.0, 1604.0)	(27.0, 1770.0)	(28.0, 2008.0)	(29.0, 2293.0)	(30.0, 2335.0)	(31.0, 2786.0)	(32.0, 3256.0)	(33.0, 4044.0)	(34.0, 5552.0)	(35.0, 7806.0)	(36.0, 12592.0)	(37.0, 33497.0)	(38.0, 36217.0)	(39.0, 411684.0)	(40.0, 76451.0)													
092023-BEL-CBC-T2-194-OANN_S4_R1_16S	(15.0, 1.0)	(16.0, 41.0)	(17.0, 184.0)	(18.0, 408.0)	(19.0, 719.0)	(20.0, 795.0)	(21.0, 571.0)	(22.0, 630.0)	(23.0, 800.0)	(24.0, 1116.0)	(25.0, 1403.0)	(26.0, 1534.0)	(27.0, 1884.0)	(28.0, 2424.0)	(29.0, 3001.0)	(30.0, 3208.0)	(31.0, 3832.0)	(32.0, 4308.0)	(33.0, 5519.0)	(34.0, 7642.0)	(35.0, 12021.0)	(36.0, 27540.0)	(37.0, 35754.0)	(38.0, 48682.0)	(39.0, 448833.0)	(40.0, 6268.0)													
092023-BEL-CBC-T3-184-PAST_S37_R1_16S	(15.0, 2.0)	(16.0, 99.0)	(17.0, 511.0)	(18.0, 997.0)	(19.0, 1791.0)	(20.0, 1433.0)	(21.0, 1159.0)	(22.0, 1207.0)	(23.0, 1368.0)	(24.0, 1794.0)	(25.0, 2167.0)	(26.0, 2710.0)	(27.0, 2890.0)	(28.0, 3639.0)	(29.0, 5285.0)	(30.0, 6812.0)	(31.0, 5067.0)	(32.0, 5755.0)	(33.0, 6656.0)	(34.0, 8692.0)	(35.0, 13079.0)	(36.0, 21530.0)	(37.0, 36022.0)	(38.0, 42267.0)	(39.0, 719602.0)	(40.0, 172788.0)													
092023-BEL-CBC-T3-198-SSID_S76_R1_16S	(15.0, 2.0)	(16.0, 45.0)	(17.0, 247.0)	(18.0, 435.0)	(19.0, 566.0)	(20.0, 617.0)	(21.0, 556.0)	(22.0, 534.0)	(23.0, 689.0)	(24.0, 892.0)	(25.0, 1082.0)	(26.0, 1276.0)	(27.0, 1444.0)	(28.0, 1605.0)	(29.0, 1790.0)	(30.0, 2035.0)	(31.0, 2425.0)	(32.0, 3009.0)	(33.0, 3808.0)	(34.0, 5878.0)	(35.0, 9774.0)	(36.0, 13029.0)	(37.0, 41776.0)	(38.0, 32700.0)	(39.0, 292869.0)	(40.0, 32546.0)													
092023-BEL-CBC-T3-220-SSID_S19_R1_16S	(15.0, 2.0)	(16.0, 47.0)	(17.0, 260.0)	(18.0, 476.0)	(19.0, 572.0)	(20.0, 571.0)	(21.0, 453.0)	(22.0, 488.0)	(23.0, 610.0)	(24.0, 787.0)	(25.0, 1089.0)	(26.0, 1199.0)	(27.0, 1371.0)	(28.0, 1455.0)	(29.0, 1752.0)	(30.0, 1964.0)	(31.0, 2383.0)	(32.0, 2950.0)	(33.0, 3970.0)	(34.0, 5795.0)	(35.0, 9875.0)	(36.0, 31583.0)	(37.0, 34656.0)	(38.0, 23047.0)	(39.0, 302492.0)	(40.0, 19265.0)													
092023-BEL-CBC-T3-264-SSID_S59_R1_16S	(15.0, 2.0)	(16.0, 92.0)	(17.0, 411.0)	(18.0, 549.0)	(19.0, 854.0)	(20.0, 923.0)	(21.0, 789.0)	(22.0, 870.0)	(23.0, 1020.0)	(24.0, 1346.0)	(25.0, 1661.0)	(26.0, 1988.0)	(27.0, 2096.0)	(28.0, 2636.0)	(29.0, 3716.0)	(30.0, 3823.0)	(31.0, 3871.0)	(32.0, 4692.0)	(33.0, 6291.0)	(34.0, 10303.0)	(35.0, 19314.0)	(36.0, 51972.0)	(37.0, 39287.0)	(38.0, 33369.0)	(39.0, 418980.0)	(40.0, 50522.0)													
092023-BEL-CBC-T3-90-SSID_S67_R1_16S	(15.0, 8.0)	(16.0, 147.0)	(17.0, 689.0)	(18.0, 897.0)	(19.0, 1006.0)	(20.0, 895.0)	(21.0, 1004.0)	(22.0, 1164.0)	(23.0, 1539.0)	(24.0, 1921.0)	(25.0, 2540.0)	(26.0, 2764.0)	(27.0, 3057.0)	(28.0, 3571.0)	(29.0, 3873.0)	(30.0, 4478.0)	(31.0, 5805.0)	(32.0, 6948.0)	(33.0, 8774.0)	(34.0, 12363.0)	(35.0, 18923.0)	(36.0, 36292.0)	(37.0, 56401.0)	(38.0, 97442.0)	(39.0, 624981.0)	(40.0, 16286.0)													
102019-BEL-CBC-T2-35-PSTR_S46_R1_16S	(15.0, 1.0)	(16.0, 35.0)	(17.0, 158.0)	(18.0, 314.0)	(19.0, 486.0)	(20.0, 726.0)	(21.0, 595.0)	(22.0, 624.0)	(23.0, 807.0)	(24.0, 1106.0)	(25.0, 1309.0)	(26.0, 1594.0)	(27.0, 1850.0)	(28.0, 2689.0)	(29.0, 3300.0)	(30.0, 3387.0)	(31.0, 4253.0)	(32.0, 4593.0)	(33.0, 5691.0)	(34.0, 7668.0)	(35.0, 11752.0)	(36.0, 27080.0)	(37.0, 33997.0)	(38.0, 37195.0)	(39.0, 620115.0)	(40.0, 15124.0)													
112023-BEL-CBC-T2-309-PAST_S3_R1_16S	(15.0, 3.0)	(16.0, 28.0)	(17.0, 191.0)	(18.0, 485.0)	(19.0, 662.0)	(20.0, 472.0)	(21.0, 396.0)	(22.0, 399.0)	(23.0, 492.0)	(24.0, 595.0)	(25.0, 809.0)	(26.0, 943.0)	(27.0, 1039.0)	(28.0, 1209.0)	(29.0, 1502.0)	(30.0, 1688.0)	(31.0, 1779.0)	(32.0, 2153.0)	(33.0, 2682.0)	(34.0, 3768.0)	(35.0, 5181.0)	(36.0, 8822.0)	(37.0, 15725.0)	(38.0, 20136.0)	(39.0, 282183.0)	(40.0, 10567.0)													
112023-BEL-CBC-T3-349-PAST_S73_R1_16S	(15.0, 3.0)	(16.0, 52.0)	(17.0, 253.0)	(18.0, 521.0)	(19.0, 1083.0)	(20.0, 844.0)	(21.0, 687.0)	(22.0, 729.0)	(23.0, 826.0)	(24.0, 1051.0)	(25.0, 1254.0)	(26.0, 1398.0)	(27.0, 1570.0)	(28.0, 1779.0)	(29.0, 1875.0)	(30.0, 2147.0)	(31.0, 2404.0)	(32.0, 2904.0)	(33.0, 3605.0)	(34.0, 4993.0)	(35.0, 6945.0)	(36.0, 12421.0)	(37.0, 26385.0)	(38.0, 33429.0)	(39.0, 370748.0)	(40.0, 10880.0)													
112023-BEL-CBC-T3-351-OFAV_S61_R1_16S	(16.0, 18.0)	(17.0, 150.0)	(18.0, 411.0)	(19.0, 715.0)	(20.0, 1235.0)	(21.0, 911.0)	(22.0, 833.0)	(23.0, 1026.0)	(24.0, 1255.0)	(25.0, 1776.0)	(26.0, 2135.0)	(27.0, 2474.0)	(28.0, 3723.0)	(29.0, 5005.0)	(30.0, 5187.0)	(31.0, 6077.0)	(32.0, 6423.0)	(33.0, 7377.0)	(34.0, 9532.0)	(35.0, 13868.0)	(36.0, 24538.0)	(37.0, 35396.0)	(38.0, 55706.0)	(39.0, 775181.0)	(40.0, 5200.0)														
122022-BEL-CBC-T1-122-PSTR_S45_R1_16S	(15.0, 2.0)	(16.0, 32.0)	(17.0, 182.0)	(18.0, 335.0)	(19.0, 481.0)	(20.0, 687.0)	(21.0, 572.0)	(22.0, 613.0)	(23.0, 771.0)	(24.0, 918.0)	(25.0, 1237.0)	(26.0, 1462.0)	(27.0, 1734.0)	(28.0, 2300.0)	(29.0, 2883.0)	(30.0, 3041.0)	(31.0, 3689.0)	(32.0, 4148.0)	(33.0, 4956.0)	(34.0, 7135.0)	(35.0, 11622.0)	(36.0, 29673.0)	(37.0, 33391.0)	(38.0, 28490.0)	(39.0, 513991.0)	(40.0, 23113.0)													
122022-BEL-CBC-T1-132-PSTR_S11_R1_16S	(16.0, 18.0)	(17.0, 139.0)	(18.0, 332.0)	(19.0, 617.0)	(20.0, 532.0)	(21.0, 360.0)	(22.0, 411.0)	(23.0, 464.0)	(24.0, 599.0)	(25.0, 825.0)	(26.0, 878.0)	(27.0, 1053.0)	(28.0, 1391.0)	(29.0, 1837.0)	(30.0, 1838.0)	(31.0, 2173.0)	(32.0, 2299.0)	(33.0, 2806.0)	(34.0, 3810.0)	(35.0, 5235.0)	(36.0, 8299.0)	(37.0, 21249.0)	(38.0, 25264.0)	(39.0, 292899.0)	(40.0, 13485.0)														
122022-BEL-CBC-T1-133-PSTR_S32_R1_16S	(15.0, 2.0)	(16.0, 101.0)	(17.0, 349.0)	(18.0, 521.0)	(19.0, 773.0)	(20.0, 938.0)	(21.0, 779.0)	(22.0, 793.0)	(23.0, 976.0)	(24.0, 1296.0)	(25.0, 1558.0)	(26.0, 1893.0)	(27.0, 2039.0)	(28.0, 2666.0)	(29.0, 3390.0)	(30.0, 3431.0)	(31.0, 4273.0)	(32.0, 4779.0)	(33.0, 5694.0)	(34.0, 7647.0)	(35.0, 11550.0)	(36.0, 18395.0)	(37.0, 48073.0)	(38.0, 37866.0)	(39.0, 525714.0)	(40.0, 93340.0)													
122022-BEL-CBC-T1-134-PAST_S6_R1_16S	(15.0, 2.0)	(16.0, 69.0)	(17.0, 372.0)	(18.0, 885.0)	(19.0, 1125.0)	(20.0, 852.0)	(21.0, 750.0)	(22.0, 779.0)	(23.0, 986.0)	(24.0, 1184.0)	(25.0, 1502.0)	(26.0, 1759.0)	(27.0, 1957.0)	(28.0, 2280.0)	(29.0, 2752.0)	(30.0, 3231.0)	(31.0, 3724.0)	(32.0, 4478.0)	(33.0, 5974.0)	(34.0, 8226.0)	(35.0, 12354.0)	(36.0, 32414.0)	(37.0, 76882.0)	(38.0, 42405.0)	(39.0, 498002.0)	(40.0, 22346.0)													
122022-BEL-CBC-T1-144-MCAV_S84_R1_16S	(16.0, 55.0)	(17.0, 206.0)	(18.0, 441.0)	(19.0, 707.0)	(20.0, 938.0)	(21.0, 673.0)	(22.0, 637.0)	(23.0, 748.0)	(24.0, 987.0)	(25.0, 1308.0)	(26.0, 1469.0)	(27.0, 1721.0)	(28.0, 2290.0)	(29.0, 3181.0)	(30.0, 3254.0)	(31.0, 3654.0)	(32.0, 3966.0)	(33.0, 4695.0)	(34.0, 6206.0)	(35.0, 8592.0)	(36.0, 13548.0)	(37.0, 37803.0)	(38.0, 41598.0)	(39.0, 470645.0)	(40.0, 96559.0)														
122022-BEL-CBC-T1-152-PAST_S15_R1_16S	(14.0, 1.0)	(15.0, 7.0)	(16.0, 105.0)	(17.0, 393.0)	(18.0, 513.0)	(19.0, 419.0)	(20.0, 401.0)	(21.0, 439.0)	(22.0, 484.0)	(23.0, 563.0)	(24.0, 792.0)	(25.0, 968.0)	(26.0, 1070.0)	(27.0, 1266.0)	(28.0, 1375.0)	(29.0, 1609.0)	(30.0, 1892.0)	(31.0, 2148.0)	(32.0, 2571.0)	(33.0, 3274.0)	(34.0, 4650.0)	(35.0, 6413.0)	(36.0, 10547.0)	(37.0, 33113.0)	(38.0, 36137.0)	(39.0, 283333.0)	(40.0, 71865.0)												
122022-BEL-CBC-T1-155-PAST_S28_R1_16S	(15.0, 1.0)	(16.0, 58.0)	(17.0, 357.0)	(18.0, 587.0)	(19.0, 610.0)	(20.0, 497.0)	(21.0, 442.0)	(22.0, 522.0)	(23.0, 616.0)	(24.0, 838.0)	(25.0, 1023.0)	(26.0, 1195.0)	(27.0, 1289.0)	(28.0, 1540.0)	(29.0, 1798.0)	(30.0, 2104.0)	(31.0, 2477.0)	(32.0, 2856.0)	(33.0, 3748.0)	(34.0, 5388.0)	(35.0, 7615.0)	(36.0, 17389.0)	(37.0, 49822.0)	(38.0, 27534.0)	(39.0, 321504.0)	(40.0, 46788.0)													
122022-BEL-CBC-T2-118-OANN_S24_R1_16S	(15.0, 3.0)	(16.0, 43.0)	(17.0, 234.0)	(18.0, 643.0)	(19.0, 1172.0)	(20.0, 1261.0)	(21.0, 870.0)	(22.0, 914.0)	(23.0, 982.0)	(24.0, 1246.0)	(25.0, 1616.0)	(26.0, 1881.0)	(27.0, 2223.0)	(28.0, 2925.0)	(29.0, 4128.0)	(30.0, 4263.0)	(31.0, 5309.0)	(32.0, 5937.0)	(33.0, 7862.0)	(34.0, 11018.0)	(35.0, 17751.0)	(36.0, 66910.0)	(37.0, 93689.0)	(38.0, 34520.0)	(39.0, 608901.0)	(40.0, 5299.0)													
122022-BEL-CBC-T2-85-MCAV_S47_R1_16S	(16.0, 7.0)	(17.0, 26.0)	(18.0, 70.0)	(19.0, 119.0)	(20.0, 154.0)	(21.0, 166.0)	(22.0, 206.0)	(23.0, 236.0)	(24.0, 227.0)	(25.0, 286.0)	(26.0, 364.0)	(27.0, 368.0)	(28.0, 436.0)	(29.0, 552.0)	(30.0, 646.0)	(31.0, 873.0)	(32.0, 1242.0)	(33.0, 1873.0)	(34.0, 3464.0)	(35.0, 7652.0)	(36.0, 30304.0)	(37.0, 22790.0)	(38.0, 2473.0)	(39.0, 29232.0)	(40.0, 778.0)														
122022-BEL-CBC-T2-86-MCAV_S8_R1_16S	(15.0, 2.0)	(16.0, 21.0)	(17.0, 93.0)	(18.0, 221.0)	(19.0, 326.0)	(20.0, 326.0)	(21.0, 328.0)	(22.0, 360.0)	(23.0, 401.0)	(24.0, 511.0)	(25.0, 545.0)	(26.0, 630.0)	(27.0, 766.0)	(28.0, 948.0)	(29.0, 1158.0)	(30.0, 1389.0)	(31.0, 1793.0)	(32.0, 2417.0)	(33.0, 3734.0)	(34.0, 6148.0)	(35.0, 9891.0)	(36.0, 38679.0)	(37.0, 102438.0)	(38.0, 12834.0)	(39.0, 79034.0)	(40.0, 5659.0)													
122022-BEL-CBC-T2-96-SSID_S49_R1_16S	(15.0, 1.0)	(16.0, 47.0)	(17.0, 158.0)	(18.0, 281.0)	(19.0, 551.0)	(20.0, 617.0)	(21.0, 487.0)	(22.0, 580.0)	(23.0, 681.0)	(24.0, 848.0)	(25.0, 1075.0)	(26.0, 1190.0)	(27.0, 1367.0)	(28.0, 1773.0)	(29.0, 2563.0)	(30.0, 2333.0)	(31.0, 2382.0)	(32.0, 2985.0)	(33.0, 3840.0)	(34.0, 5808.0)	(35.0, 9196.0)	(36.0, 18204.0)	(37.0, 38307.0)	(38.0, 31098.0)	(39.0, 293615.0)	(40.0, 20078.0)													
122022-BEL-CBC-T3-115-PAST_S90_R1_16S	(15.0, 3.0)	(16.0, 25.0)	(17.0, 202.0)	(18.0, 493.0)	(19.0, 1185.0)	(20.0, 1010.0)	(21.0, 763.0)	(22.0, 781.0)	(23.0, 872.0)	(24.0, 1102.0)	(25.0, 1242.0)	(26.0, 1366.0)	(27.0, 1629.0)	(28.0, 1901.0)	(29.0, 2104.0)	(30.0, 2422.0)	(31.0, 2678.0)	(32.0, 3260.0)	(33.0, 4053.0)	(34.0, 5640.0)	(35.0, 7930.0)	(36.0, 12899.0)	(37.0, 32917.0)	(38.0, 67856.0)	(39.0, 364547.0)	(40.0, 3543.0)													
122022-BEL-CBC-T3-119-MCAV_S74_R1_16S	(15.0, 3.0)	(16.0, 18.0)	(17.0, 63.0)	(18.0, 137.0)	(19.0, 264.0)	(20.0, 366.0)	(21.0, 329.0)	(22.0, 336.0)	(23.0, 381.0)	(24.0, 484.0)	(25.0, 560.0)	(26.0, 661.0)	(27.0, 733.0)	(28.0, 1004.0)	(29.0, 1219.0)	(30.0, 1394.0)	(31.0, 1567.0)	(32.0, 1801.0)	(33.0, 2417.0)	(34.0, 3478.0)	(35.0, 4915.0)	(36.0, 9546.0)	(37.0, 37589.0)	(38.0, 19881.0)	(39.0, 154574.0)	(40.0, 27659.0)													
122022-BEL-CBC-T3-120-SSID_S85_R1_16S	(15.0, 5.0)	(16.0, 69.0)	(17.0, 387.0)	(18.0, 619.0)	(19.0, 980.0)	(20.0, 993.0)	(21.0, 763.0)	(22.0, 824.0)	(23.0, 985.0)	(24.0, 1306.0)	(25.0, 1544.0)	(26.0, 1841.0)	(27.0, 1928.0)	(28.0, 2282.0)	(29.0, 2478.0)	(30.0, 2856.0)	(31.0, 3306.0)	(32.0, 3992.0)	(33.0, 4813.0)	(34.0, 7141.0)	(35.0, 11039.0)	(36.0, 15768.0)	(37.0, 49300.0)	(38.0, 51500.0)	(39.0, 486791.0)	(40.0, 43913.0)													
122022-BEL-CBC-T3-122-PAST_S51_R1_16S	(15.0, 1.0)	(16.0, 71.0)	(17.0, 317.0)	(18.0, 472.0)	(19.0, 717.0)	(20.0, 661.0)	(21.0, 601.0)	(22.0, 667.0)	(23.0, 864.0)	(24.0, 1096.0)	(25.0, 1378.0)	(26.0, 1569.0)	(27.0, 1739.0)	(28.0, 2027.0)	(29.0, 2768.0)	(30.0, 2941.0)	(31.0, 3047.0)	(32.0, 3673.0)	(33.0, 4810.0)	(34.0, 7004.0)	(35.0, 10837.0)	(36.0, 20879.0)	(37.0, 41696.0)	(38.0, 41952.0)	(39.0, 324837.0)	(40.0, 26641.0)													
122022-BEL-CBC-T3-128-MCAV_S68_R1_16S	(15.0, 2.0)	(16.0, 49.0)	(17.0, 211.0)	(18.0, 550.0)	(19.0, 831.0)	(20.0, 1063.0)	(21.0, 910.0)	(22.0, 860.0)	(23.0, 1050.0)	(24.0, 1385.0)	(25.0, 1731.0)	(26.0, 2018.0)	(27.0, 2321.0)	(28.0, 3326.0)	(29.0, 4647.0)	(30.0, 4567.0)	(31.0, 5359.0)	(32.0, 5935.0)	(33.0, 7233.0)	(34.0, 10009.0)	(35.0, 14097.0)	(36.0, 22907.0)	(37.0, 83736.0)	(38.0, 63835.0)	(39.0, 679173.0)	(40.0, 123192.0)													
122022-BEL-CBC-T3-129-PAST_S16_R1_16S	(15.0, 3.0)	(16.0, 65.0)	(17.0, 361.0)	(18.0, 701.0)	(19.0, 850.0)	(20.0, 681.0)	(21.0, 578.0)	(22.0, 648.0)	(23.0, 803.0)	(24.0, 909.0)	(25.0, 1154.0)	(26.0, 1184.0)	(27.0, 1357.0)	(28.0, 1585.0)	(29.0, 2004.0)	(30.0, 2305.0)	(31.0, 2746.0)	(32.0, 3236.0)	(33.0, 4198.0)	(34.0, 6191.0)	(35.0, 8663.0)	(36.0, 14847.0)	(37.0, 53470.0)	(38.0, 58881.0)	(39.0, 323856.0)	(40.0, 39305.0)													
122022-BEL-CBC-T3-132-MCAV_S55_R1_16S	(15.0, 1.0)	(16.0, 27.0)	(17.0, 144.0)	(18.0, 311.0)	(19.0, 665.0)	(20.0, 943.0)	(21.0, 728.0)	(22.0, 735.0)	(23.0, 1008.0)	(24.0, 1231.0)	(25.0, 1571.0)	(26.0, 1740.0)	(27.0, 2163.0)	(28.0, 2836.0)	(29.0, 3593.0)	(30.0, 3684.0)	(31.0, 4664.0)	(32.0, 5101.0)	(33.0, 6202.0)	(34.0, 8631.0)	(35.0, 13403.0)	(36.0, 20254.0)	(37.0, 59231.0)	(38.0, 45657.0)	(39.0, 542600.0)	(40.0, 124510.0)													
122022-BEL-CBC-T3-133-MCAV_S57_R1_16S	(15.0, 1.0)	(16.0, 56.0)	(17.0, 161.0)	(18.0, 331.0)	(19.0, 455.0)	(20.0, 678.0)	(21.0, 581.0)	(22.0, 650.0)	(23.0, 762.0)	(24.0, 1160.0)	(25.0, 1312.0)	(26.0, 1482.0)	(27.0, 1749.0)	(28.0, 2213.0)	(29.0, 2612.0)	(30.0, 2969.0)	(31.0, 3639.0)	(32.0, 4229.0)	(33.0, 5360.0)	(34.0, 7780.0)	(35.0, 14631.0)	(36.0, 41558.0)	(37.0, 28663.0)	(38.0, 32141.0)	(39.0, 410168.0)	(40.0, 11466.0)													
122022-BEL-CBC-T3-145-MCAV_S93_R1_16S	(16.0, 16.0)	(17.0, 135.0)	(18.0, 255.0)	(19.0, 433.0)	(20.0, 656.0)	(21.0, 500.0)	(22.0, 482.0)	(23.0, 604.0)	(24.0, 835.0)	(25.0, 986.0)	(26.0, 1193.0)	(27.0, 1366.0)	(28.0, 1731.0)	(29.0, 2491.0)	(30.0, 2526.0)	(31.0, 3035.0)	(32.0, 3138.0)	(33.0, 3868.0)	(34.0, 4856.0)	(35.0, 6422.0)	(36.0, 10139.0)	(37.0, 22292.0)	(38.0, 43649.0)	(39.0, 408134.0)	(40.0, 30740.0)														
122022-BEL-CBC-T3-147-OFAV_S92_R1_16S	(15.0, 3.0)	(16.0, 142.0)	(17.0, 468.0)	(18.0, 811.0)	(19.0, 921.0)	(20.0, 1214.0)	(21.0, 1086.0)	(22.0, 1161.0)	(23.0, 1355.0)	(24.0, 1784.0)	(25.0, 2351.0)	(26.0, 2981.0)	(27.0, 3245.0)	(28.0, 4189.0)	(29.0, 5917.0)	(30.0, 6300.0)	(31.0, 7277.0)	(32.0, 7871.0)	(33.0, 8756.0)	(34.0, 10945.0)	(35.0, 15047.0)	(36.0, 22941.0)	(37.0, 42360.0)	(38.0, 65491.0)	(39.0, 994661.0)	(40.0, 114046.0)													
122022-BEL-CBC-T4-10-OFAV_S64_R1_16S	(15.0, 3.0)	(16.0, 93.0)	(17.0, 450.0)	(18.0, 842.0)	(19.0, 1193.0)	(20.0, 1647.0)	(21.0, 1392.0)	(22.0, 1448.0)	(23.0, 1767.0)	(24.0, 2289.0)	(25.0, 2984.0)	(26.0, 3313.0)	(27.0, 3815.0)	(28.0, 5222.0)	(29.0, 6752.0)	(30.0, 7960.0)	(31.0, 14370.0)	(32.0, 12935.0)	(33.0, 12207.0)	(34.0, 15921.0)	(35.0, 23822.0)	(36.0, 79519.0)	(37.0, 109158.0)	(38.0, 59223.0)	(39.0, 1096882.0)	(40.0, 32194.0)													
122022-BEL-CBC-T4-36-PSTR_S86_R1_16S	(15.0, 1.0)	(16.0, 22.0)	(17.0, 168.0)	(18.0, 387.0)	(19.0, 678.0)	(20.0, 1066.0)	(21.0, 662.0)	(22.0, 673.0)	(23.0, 752.0)	(24.0, 1000.0)	(25.0, 1226.0)	(26.0, 1528.0)	(27.0, 1776.0)	(28.0, 2386.0)	(29.0, 3557.0)	(30.0, 3410.0)	(31.0, 4004.0)	(32.0, 4217.0)	(33.0, 4932.0)	(34.0, 6313.0)	(35.0, 8542.0)	(36.0, 12698.0)	(37.0, 30049.0)	(38.0, 36084.0)	(39.0, 541049.0)	(40.0, 115287.0)													
122022-BEL-CBC-T4-38-MCAV_S66_R1_16S	(16.0, 33.0)	(17.0, 220.0)	(18.0, 523.0)	(19.0, 919.0)	(20.0, 1403.0)	(21.0, 977.0)	(22.0, 914.0)	(23.0, 1051.0)	(24.0, 1392.0)	(25.0, 1691.0)	(26.0, 2141.0)	(27.0, 2519.0)	(28.0, 3522.0)	(29.0, 5283.0)	(30.0, 5584.0)	(31.0, 6312.0)	(32.0, 6661.0)	(33.0, 7730.0)	(34.0, 10413.0)	(35.0, 14394.0)	(36.0, 24795.0)	(37.0, 79693.0)	(38.0, 60927.0)	(39.0, 686919.0)	(40.0, 61641.0)														
122022-BEL-CBC-T4-5-MCAV_S21_R1_16S	(15.0, 1.0)	(16.0, 27.0)	(17.0, 203.0)	(18.0, 379.0)	(19.0, 588.0)	(20.0, 618.0)	(21.0, 468.0)	(22.0, 436.0)	(23.0, 561.0)	(24.0, 756.0)	(25.0, 939.0)	(26.0, 1067.0)	(27.0, 1176.0)	(28.0, 1503.0)	(29.0, 2067.0)	(30.0, 2165.0)	(31.0, 2504.0)	(32.0, 2940.0)	(33.0, 3698.0)	(34.0, 5170.0)	(35.0, 7927.0)	(36.0, 23548.0)	(37.0, 34991.0)	(38.0, 19933.0)	(39.0, 351937.0)	(40.0, 30316.0)													
122022-BEL-CBC-T4-6-MCAV_S87_R1_16S	(14.0, 1.0)	(15.0, 0.0)	(16.0, 27.0)	(17.0, 170.0)	(18.0, 419.0)	(19.0, 746.0)	(20.0, 1233.0)	(21.0, 769.0)	(22.0, 756.0)	(23.0, 864.0)	(24.0, 1062.0)	(25.0, 1347.0)	(26.0, 1591.0)	(27.0, 1981.0)	(28.0, 2570.0)	(29.0, 3708.0)	(30.0, 3706.0)	(31.0, 4443.0)	(32.0, 4611.0)	(33.0, 5410.0)	(34.0, 6786.0)	(35.0, 9311.0)	(36.0, 14310.0)	(37.0, 35188.0)	(38.0, 41272.0)	(39.0, 569916.0)	(40.0, 125480.0)												
122022-BEL-CBC-T4-9-OFAV_S9_R1_16S	(15.0, 1.0)	(16.0, 19.0)	(17.0, 132.0)	(18.0, 367.0)	(19.0, 666.0)	(20.0, 644.0)	(21.0, 468.0)	(22.0, 419.0)	(23.0, 589.0)	(24.0, 763.0)	(25.0, 954.0)	(26.0, 1156.0)	(27.0, 1275.0)	(28.0, 1771.0)	(29.0, 2075.0)	(30.0, 2162.0)	(31.0, 2643.0)	(32.0, 2851.0)	(33.0, 3507.0)	(34.0, 4818.0)	(35.0, 6604.0)	(36.0, 11393.0)	(37.0, 30877.0)	(38.0, 33349.0)	(39.0, 329301.0)	(40.0, 13169.0)													
122023-BEL-CBC-T1-511-OANN_S14_R1_16S	(15.0, 2.0)	(16.0, 24.0)	(17.0, 185.0)	(18.0, 495.0)	(19.0, 768.0)	(20.0, 973.0)	(21.0, 578.0)	(22.0, 532.0)	(23.0, 613.0)	(24.0, 774.0)	(25.0, 990.0)	(26.0, 1180.0)	(27.0, 1432.0)	(28.0, 1753.0)	(29.0, 2684.0)	(30.0, 2580.0)	(31.0, 3142.0)	(32.0, 3277.0)	(33.0, 4059.0)	(34.0, 5319.0)	(35.0, 7498.0)	(36.0, 11942.0)	(37.0, 34739.0)	(38.0, 38844.0)	(39.0, 396910.0)	(40.0, 48112.0)													
122023-BEL-CBC-T3-479-PAST_S29_R1_16S	(15.0, 3.0)	(16.0, 66.0)	(17.0, 342.0)	(18.0, 576.0)	(19.0, 587.0)	(20.0, 477.0)	(21.0, 480.0)	(22.0, 528.0)	(23.0, 650.0)	(24.0, 841.0)	(25.0, 1013.0)	(26.0, 1290.0)	(27.0, 1394.0)	(28.0, 1555.0)	(29.0, 1912.0)	(30.0, 2128.0)	(31.0, 2398.0)	(32.0, 2959.0)	(33.0, 3651.0)	(34.0, 4952.0)	(35.0, 7192.0)	(36.0, 14219.0)	(37.0, 38705.0)	(38.0, 23767.0)	(39.0, 362531.0)	(40.0, 69904.0)													
122023-BEL-CBC-T3-530-PSTR_S31_R1_16S	(15.0, 1.0)	(16.0, 32.0)	(17.0, 128.0)	(18.0, 346.0)	(19.0, 596.0)	(20.0, 580.0)	(21.0, 410.0)	(22.0, 437.0)	(23.0, 519.0)	(24.0, 668.0)	(25.0, 804.0)	(26.0, 972.0)	(27.0, 1109.0)	(28.0, 1431.0)	(29.0, 1828.0)	(30.0, 2046.0)	(31.0, 2458.0)	(32.0, 2868.0)	(33.0, 3685.0)	(34.0, 5257.0)	(35.0, 7710.0)	(36.0, 18720.0)	(37.0, 55004.0)	(38.0, 24189.0)	(39.0, 304453.0)	(40.0, 16173.0)													
Negative_S96_R1_16S	(15.0, 1.0)	(16.0, 5.0)	(17.0, 26.0)	(18.0, 55.0)	(19.0, 94.0)	(20.0, 90.0)	(21.0, 50.0)	(22.0, 51.0)	(23.0, 53.0)	(24.0, 89.0)	(25.0, 83.0)	(26.0, 103.0)	(27.0, 105.0)	(28.0, 142.0)	(29.0, 209.0)	(30.0, 232.0)	(31.0, 256.0)	(32.0, 282.0)	(33.0, 338.0)	(34.0, 492.0)	(35.0, 795.0)	(36.0, 1089.0)	(37.0, 2593.0)	(38.0, 6118.0)	(39.0, 13075.0)	(40.0, 1306.0)													
Undetermined_S0_R1_16S	(2.0, 1.0)	(3.0, 157.0)	(4.0, 940.0)	(5.0, 1255.0)	(6.0, 1506.0)	(7.0, 2155.0)	(8.0, 2284.0)	(9.0, 2162.0)	(10.0, 2152.0)	(11.0, 1754.0)	(12.0, 1113.0)	(13.0, 1001.0)	(14.0, 1043.0)	(15.0, 1533.0)	(16.0, 11023.0)	(17.0, 41877.0)	(18.0, 63759.0)	(19.0, 86299.0)	(20.0, 77175.0)	(21.0, 24602.0)	(22.0, 18727.0)	(23.0, 19758.0)	(24.0, 21959.0)	(25.0, 24040.0)	(26.0, 26715.0)	(27.0, 29669.0)	(28.0, 35021.0)	(29.0, 55290.0)	(30.0, 42843.0)	(31.0, 33676.0)	(32.0, 33355.0)	(33.0, 35411.0)	(34.0, 42429.0)	(35.0, 66776.0)	(36.0, 108314.0)	(37.0, 134514.0)	(38.0, 190737.0)	(39.0, 1653641.0)	(40.0, 65636.0)
