Sample	0	1	2	3	4	5	6	7	8	9	10	11	12	13	14	15	16	17	18	19	20	21	22	23	24	25	26	27	28	29	30	31	32	33	34	35
012024-BEL-CBC-T1-559-MCAV_S19_R1_16S	(15.0, 2.0)	(16.0, 7.0)	(17.0, 57.0)	(18.0, 184.0)	(19.0, 318.0)	(20.0, 531.0)	(21.0, 721.0)	(22.0, 649.0)	(23.0, 624.0)	(24.0, 731.0)	(25.0, 966.0)	(26.0, 1243.0)	(27.0, 1330.0)	(28.0, 1777.0)	(29.0, 3275.0)	(30.0, 4221.0)	(31.0, 4528.0)	(32.0, 5897.0)	(33.0, 6273.0)	(34.0, 7720.0)	(35.0, 10274.0)	(36.0, 15135.0)	(37.0, 24997.0)	(38.0, 60661.0)	(39.0, 1206447.0)	(40.0, 19042.0)										
012024-BEL-CBC-T2-591-PAST_S16_R1_16S	(16.0, 3.0)	(17.0, 48.0)	(18.0, 189.0)	(19.0, 405.0)	(20.0, 659.0)	(21.0, 735.0)	(22.0, 659.0)	(23.0, 678.0)	(24.0, 822.0)	(25.0, 969.0)	(26.0, 1082.0)	(27.0, 1326.0)	(28.0, 1529.0)	(29.0, 1877.0)	(30.0, 2336.0)	(31.0, 2741.0)	(32.0, 3484.0)	(33.0, 4492.0)	(34.0, 6274.0)	(35.0, 9333.0)	(36.0, 14929.0)	(37.0, 27457.0)	(38.0, 55509.0)	(39.0, 769470.0)	(40.0, 68636.0)											
012024-BEL-CBC-T2-595-PAST_S86_R1_16S	(16.0, 12.0)	(17.0, 72.0)	(18.0, 268.0)	(19.0, 621.0)	(20.0, 1443.0)	(21.0, 1719.0)	(22.0, 1217.0)	(23.0, 1137.0)	(24.0, 1138.0)	(25.0, 1275.0)	(26.0, 1369.0)	(27.0, 1644.0)	(28.0, 2010.0)	(29.0, 2326.0)	(30.0, 2644.0)	(31.0, 3176.0)	(32.0, 3970.0)	(33.0, 4812.0)	(34.0, 6606.0)	(35.0, 9889.0)	(36.0, 17378.0)	(37.0, 32822.0)	(38.0, 66090.0)	(39.0, 946470.0)	(40.0, 77299.0)											
012024-BEL-CBC-T2-599-MCAV_S81_R1_16S	(16.0, 8.0)	(17.0, 24.0)	(18.0, 83.0)	(19.0, 210.0)	(20.0, 477.0)	(21.0, 1029.0)	(22.0, 928.0)	(23.0, 836.0)	(24.0, 798.0)	(25.0, 919.0)	(26.0, 1178.0)	(27.0, 1204.0)	(28.0, 1433.0)	(29.0, 2504.0)	(30.0, 3586.0)	(31.0, 3762.0)	(32.0, 4774.0)	(33.0, 4824.0)	(34.0, 6064.0)	(35.0, 8151.0)	(36.0, 11992.0)	(37.0, 18709.0)	(38.0, 42453.0)	(39.0, 1051854.0)	(40.0, 30373.0)											
012024-BEL-CBC-T4-665-MCAV_S24_R1_16S	(16.0, 9.0)	(17.0, 30.0)	(18.0, 128.0)	(19.0, 245.0)	(20.0, 355.0)	(21.0, 546.0)	(22.0, 513.0)	(23.0, 453.0)	(24.0, 535.0)	(25.0, 729.0)	(26.0, 907.0)	(27.0, 1021.0)	(28.0, 1246.0)	(29.0, 2156.0)	(30.0, 2923.0)	(31.0, 2983.0)	(32.0, 4132.0)	(33.0, 4234.0)	(34.0, 5404.0)	(35.0, 7178.0)	(36.0, 10545.0)	(37.0, 17364.0)	(38.0, 42483.0)	(39.0, 842936.0)	(40.0, 19844.0)											
012024-BEL-CBC-T4-669-MCAV_S23_R1_16S	(15.0, 1.0)	(16.0, 13.0)	(17.0, 59.0)	(18.0, 234.0)	(19.0, 429.0)	(20.0, 535.0)	(21.0, 714.0)	(22.0, 635.0)	(23.0, 595.0)	(24.0, 682.0)	(25.0, 948.0)	(26.0, 1170.0)	(27.0, 1334.0)	(28.0, 1636.0)	(29.0, 2848.0)	(30.0, 3656.0)	(31.0, 4028.0)	(32.0, 5378.0)	(33.0, 5754.0)	(34.0, 7091.0)	(35.0, 9407.0)	(36.0, 13926.0)	(37.0, 22886.0)	(38.0, 55124.0)	(39.0, 1099747.0)	(40.0, 26735.0)										
022024-BEL-CBC-T2-805-SSID_S12_R1_16S	(16.0, 1.0)	(17.0, 14.0)	(18.0, 73.0)	(19.0, 161.0)	(20.0, 241.0)	(21.0, 318.0)	(22.0, 299.0)	(23.0, 333.0)	(24.0, 431.0)	(25.0, 506.0)	(26.0, 570.0)	(27.0, 613.0)	(28.0, 763.0)	(29.0, 918.0)	(30.0, 1186.0)	(31.0, 1601.0)	(32.0, 1891.0)	(33.0, 2413.0)	(34.0, 3299.0)	(35.0, 4730.0)	(36.0, 7748.0)	(37.0, 16951.0)	(38.0, 64412.0)	(39.0, 356430.0)	(40.0, 18280.0)											
022024-BEL-CBC-T2-806-SSID_S55_R1_16S	(17.0, 14.0)	(18.0, 61.0)	(19.0, 212.0)	(20.0, 346.0)	(21.0, 600.0)	(22.0, 431.0)	(23.0, 356.0)	(24.0, 427.0)	(25.0, 480.0)	(26.0, 498.0)	(27.0, 588.0)	(28.0, 655.0)	(29.0, 816.0)	(30.0, 968.0)	(31.0, 1206.0)	(32.0, 1491.0)	(33.0, 2001.0)	(34.0, 2945.0)	(35.0, 5809.0)	(36.0, 10550.0)	(37.0, 16528.0)	(38.0, 19436.0)	(39.0, 361032.0)	(40.0, 27845.0)												
022024-BEL-CBC-T2-809-MCAV_S69_R1_16S	(16.0, 4.0)	(17.0, 18.0)	(18.0, 54.0)	(19.0, 170.0)	(20.0, 342.0)	(21.0, 644.0)	(22.0, 601.0)	(23.0, 458.0)	(24.0, 505.0)	(25.0, 536.0)	(26.0, 682.0)	(27.0, 699.0)	(28.0, 844.0)	(29.0, 1637.0)	(30.0, 2534.0)	(31.0, 2443.0)	(32.0, 2889.0)	(33.0, 3109.0)	(34.0, 3630.0)	(35.0, 4924.0)	(36.0, 6982.0)	(37.0, 11412.0)	(38.0, 26256.0)	(39.0, 538980.0)	(40.0, 74345.0)											
022024-BEL-CBC-T2-810-SSID_S57_R1_16S	(16.0, 1.0)	(17.0, 17.0)	(18.0, 68.0)	(19.0, 197.0)	(20.0, 319.0)	(21.0, 558.0)	(22.0, 404.0)	(23.0, 356.0)	(24.0, 372.0)	(25.0, 417.0)	(26.0, 470.0)	(27.0, 547.0)	(28.0, 642.0)	(29.0, 740.0)	(30.0, 858.0)	(31.0, 1114.0)	(32.0, 1383.0)	(33.0, 1640.0)	(34.0, 2245.0)	(35.0, 3416.0)	(36.0, 5288.0)	(37.0, 10234.0)	(38.0, 28273.0)	(39.0, 331383.0)	(40.0, 37707.0)											
022024-BEL-CBC-T2-811-PAST_S76_R1_16S	(16.0, 7.0)	(17.0, 27.0)	(18.0, 139.0)	(19.0, 488.0)	(20.0, 1048.0)	(21.0, 1471.0)	(22.0, 1073.0)	(23.0, 1031.0)	(24.0, 1101.0)	(25.0, 1214.0)	(26.0, 1409.0)	(27.0, 1491.0)	(28.0, 1899.0)	(29.0, 2211.0)	(30.0, 2662.0)	(31.0, 3219.0)	(32.0, 4068.0)	(33.0, 5144.0)	(34.0, 7078.0)	(35.0, 11256.0)	(36.0, 21142.0)	(37.0, 44994.0)	(38.0, 99350.0)	(39.0, 835484.0)	(40.0, 67847.0)											
022024-BEL-CBC-T2-812-PAST_S1_R1_16S	(15.0, 1.0)	(16.0, 5.0)	(17.0, 27.0)	(18.0, 71.0)	(19.0, 183.0)	(20.0, 347.0)	(21.0, 409.0)	(22.0, 379.0)	(23.0, 377.0)	(24.0, 401.0)	(25.0, 504.0)	(26.0, 659.0)	(27.0, 740.0)	(28.0, 913.0)	(29.0, 1082.0)	(30.0, 1320.0)	(31.0, 1630.0)	(32.0, 2141.0)	(33.0, 2633.0)	(34.0, 3797.0)	(35.0, 6194.0)	(36.0, 12011.0)	(37.0, 26007.0)	(38.0, 53605.0)	(39.0, 349907.0)	(40.0, 2291.0)										
022024-BEL-CBC-T2-813-MCAV_S79_R1_16S	(16.0, 5.0)	(17.0, 25.0)	(18.0, 118.0)	(19.0, 371.0)	(20.0, 577.0)	(21.0, 1082.0)	(22.0, 891.0)	(23.0, 681.0)	(24.0, 666.0)	(25.0, 830.0)	(26.0, 1021.0)	(27.0, 987.0)	(28.0, 1210.0)	(29.0, 2025.0)	(30.0, 2882.0)	(31.0, 3051.0)	(32.0, 3730.0)	(33.0, 3865.0)	(34.0, 4852.0)	(35.0, 6236.0)	(36.0, 9253.0)	(37.0, 15449.0)	(38.0, 35791.0)	(39.0, 763342.0)	(40.0, 125847.0)											
022024-BEL-CBC-T2-815-OFAV_S66_R1_16S	(16.0, 2.0)	(17.0, 19.0)	(18.0, 80.0)	(19.0, 226.0)	(20.0, 504.0)	(21.0, 1052.0)	(22.0, 895.0)	(23.0, 643.0)	(24.0, 662.0)	(25.0, 739.0)	(26.0, 913.0)	(27.0, 1072.0)	(28.0, 1196.0)	(29.0, 2339.0)	(30.0, 4067.0)	(31.0, 3861.0)	(32.0, 4220.0)	(33.0, 4455.0)	(34.0, 5388.0)	(35.0, 7194.0)	(36.0, 11544.0)	(37.0, 18061.0)	(38.0, 39691.0)	(39.0, 791859.0)	(40.0, 77305.0)											
022024-BEL-CBC-T3-844-OFAV_S48_R1_16S	(16.0, 4.0)	(17.0, 35.0)	(18.0, 129.0)	(19.0, 396.0)	(20.0, 685.0)	(21.0, 1252.0)	(22.0, 1272.0)	(23.0, 1011.0)	(24.0, 1052.0)	(25.0, 1153.0)	(26.0, 1415.0)	(27.0, 1577.0)	(28.0, 1921.0)	(29.0, 3418.0)	(30.0, 5584.0)	(31.0, 5675.0)	(32.0, 6546.0)	(33.0, 6804.0)	(34.0, 8274.0)	(35.0, 11104.0)	(36.0, 16297.0)	(37.0, 28038.0)	(38.0, 66740.0)	(39.0, 1245850.0)	(40.0, 131651.0)											
022024-BEL-CBC-T3-847-PAST_S17_R1_16S	(16.0, 2.0)	(17.0, 23.0)	(18.0, 168.0)	(19.0, 318.0)	(20.0, 518.0)	(21.0, 549.0)	(22.0, 426.0)	(23.0, 435.0)	(24.0, 514.0)	(25.0, 576.0)	(26.0, 709.0)	(27.0, 748.0)	(28.0, 852.0)	(29.0, 1070.0)	(30.0, 1412.0)	(31.0, 1637.0)	(32.0, 2059.0)	(33.0, 2525.0)	(34.0, 3231.0)	(35.0, 4349.0)	(36.0, 6663.0)	(37.0, 11110.0)	(38.0, 24643.0)	(39.0, 482337.0)	(40.0, 39486.0)											
022024-BEL-CBC-T3-848-MCAV_S7_R1_16S	(15.0, 1.0)	(16.0, 4.0)	(17.0, 26.0)	(18.0, 104.0)	(19.0, 207.0)	(20.0, 343.0)	(21.0, 508.0)	(22.0, 467.0)	(23.0, 436.0)	(24.0, 567.0)	(25.0, 674.0)	(26.0, 934.0)	(27.0, 959.0)	(28.0, 1358.0)	(29.0, 2762.0)	(30.0, 2772.0)	(31.0, 3442.0)	(32.0, 3887.0)	(33.0, 4418.0)	(34.0, 5548.0)	(35.0, 7439.0)	(36.0, 11195.0)	(37.0, 19641.0)	(38.0, 51275.0)	(39.0, 815729.0)	(40.0, 4164.0)										
022024-BEL-CBC-T3-854-PAST_S62_R1_16S	(16.0, 1.0)	(17.0, 11.0)	(18.0, 104.0)	(19.0, 294.0)	(20.0, 523.0)	(21.0, 749.0)	(22.0, 516.0)	(23.0, 453.0)	(24.0, 511.0)	(25.0, 584.0)	(26.0, 660.0)	(27.0, 726.0)	(28.0, 797.0)	(29.0, 1041.0)	(30.0, 1176.0)	(31.0, 1408.0)	(32.0, 1729.0)	(33.0, 2206.0)	(34.0, 2983.0)	(35.0, 4125.0)	(36.0, 6359.0)	(37.0, 11428.0)	(38.0, 26726.0)	(39.0, 403929.0)	(40.0, 48292.0)											
022024-BEL-CBC-T4-870-MCAV_S5_R1_16S	(17.0, 14.0)	(18.0, 70.0)	(19.0, 168.0)	(20.0, 231.0)	(21.0, 372.0)	(22.0, 363.0)	(23.0, 299.0)	(24.0, 403.0)	(25.0, 507.0)	(26.0, 681.0)	(27.0, 797.0)	(28.0, 1004.0)	(29.0, 2059.0)	(30.0, 2388.0)	(31.0, 2697.0)	(32.0, 3151.0)	(33.0, 3327.0)	(34.0, 4446.0)	(35.0, 5873.0)	(36.0, 8562.0)	(37.0, 14849.0)	(38.0, 36741.0)	(39.0, 689770.0)	(40.0, 5739.0)												
022024-BEL-CBC-T4-873-MCAV_S51_R1_16S	(16.0, 2.0)	(17.0, 11.0)	(18.0, 46.0)	(19.0, 108.0)	(20.0, 231.0)	(21.0, 462.0)	(22.0, 447.0)	(23.0, 368.0)	(24.0, 397.0)	(25.0, 431.0)	(26.0, 531.0)	(27.0, 603.0)	(28.0, 675.0)	(29.0, 1236.0)	(30.0, 1647.0)	(31.0, 1845.0)	(32.0, 2281.0)	(33.0, 2302.0)	(34.0, 3019.0)	(35.0, 4124.0)	(36.0, 6046.0)	(37.0, 9459.0)	(38.0, 21102.0)	(39.0, 502870.0)	(40.0, 5056.0)											
042024-BEL-CBC-T1-928-OANN_S21_R1_16S	(16.0, 3.0)	(17.0, 34.0)	(18.0, 95.0)	(19.0, 188.0)	(20.0, 307.0)	(21.0, 503.0)	(22.0, 440.0)	(23.0, 425.0)	(24.0, 420.0)	(25.0, 564.0)	(26.0, 790.0)	(27.0, 819.0)	(28.0, 1073.0)	(29.0, 2197.0)	(30.0, 3259.0)	(31.0, 3148.0)	(32.0, 3954.0)	(33.0, 4178.0)	(34.0, 5209.0)	(35.0, 6838.0)	(36.0, 10164.0)	(37.0, 17369.0)	(38.0, 43789.0)	(39.0, 686968.0)	(40.0, 9339.0)											
042024-BEL-CBC-T2-1027-PAST_S73_R1_16S	(16.0, 10.0)	(17.0, 43.0)	(18.0, 158.0)	(19.0, 555.0)	(20.0, 1041.0)	(21.0, 1529.0)	(22.0, 1203.0)	(23.0, 1047.0)	(24.0, 1132.0)	(25.0, 1281.0)	(26.0, 1499.0)	(27.0, 1694.0)	(28.0, 2059.0)	(29.0, 2485.0)	(30.0, 3016.0)	(31.0, 3534.0)	(32.0, 4647.0)	(33.0, 6085.0)	(34.0, 8857.0)	(35.0, 14580.0)	(36.0, 28982.0)	(37.0, 60975.0)	(38.0, 121189.0)	(39.0, 806413.0)	(40.0, 58281.0)											
042024-BEL-CBC-T2-1034-SSID_S44_R1_16S	(16.0, 2.0)	(17.0, 17.0)	(18.0, 91.0)	(19.0, 211.0)	(20.0, 401.0)	(21.0, 579.0)	(22.0, 383.0)	(23.0, 371.0)	(24.0, 403.0)	(25.0, 451.0)	(26.0, 523.0)	(27.0, 540.0)	(28.0, 640.0)	(29.0, 769.0)	(30.0, 927.0)	(31.0, 1198.0)	(32.0, 1417.0)	(33.0, 1708.0)	(34.0, 2354.0)	(35.0, 3454.0)	(36.0, 6144.0)	(37.0, 14792.0)	(38.0, 29546.0)	(39.0, 331458.0)	(40.0, 33175.0)											
042024-BEL-CBC-T3-944-SSID_S70_R1_16S	(16.0, 6.0)	(17.0, 25.0)	(18.0, 160.0)	(19.0, 540.0)	(20.0, 815.0)	(21.0, 1280.0)	(22.0, 1011.0)	(23.0, 830.0)	(24.0, 939.0)	(25.0, 978.0)	(26.0, 1187.0)	(27.0, 1340.0)	(28.0, 1467.0)	(29.0, 1873.0)	(30.0, 2287.0)	(31.0, 2675.0)	(32.0, 3401.0)	(33.0, 4236.0)	(34.0, 6005.0)	(35.0, 11593.0)	(36.0, 19055.0)	(37.0, 24887.0)	(38.0, 45449.0)	(39.0, 750520.0)	(40.0, 83179.0)											
042024-BEL-CBC-T3-946-OFAV_S13_R1_16S	(16.0, 4.0)	(17.0, 11.0)	(18.0, 55.0)	(19.0, 138.0)	(20.0, 189.0)	(21.0, 324.0)	(22.0, 323.0)	(23.0, 314.0)	(24.0, 343.0)	(25.0, 407.0)	(26.0, 537.0)	(27.0, 662.0)	(28.0, 829.0)	(29.0, 1559.0)	(30.0, 2041.0)	(31.0, 2224.0)	(32.0, 2574.0)	(33.0, 2785.0)	(34.0, 3626.0)	(35.0, 4883.0)	(36.0, 7449.0)	(37.0, 12670.0)	(38.0, 29628.0)	(39.0, 555861.0)	(40.0, 12548.0)											
042024-BEL-CBC-T3-955-OFAV_S30_R1_16S	(16.0, 6.0)	(17.0, 33.0)	(18.0, 104.0)	(19.0, 191.0)	(20.0, 342.0)	(21.0, 548.0)	(22.0, 489.0)	(23.0, 441.0)	(24.0, 489.0)	(25.0, 560.0)	(26.0, 729.0)	(27.0, 879.0)	(28.0, 1077.0)	(29.0, 2126.0)	(30.0, 2952.0)	(31.0, 3004.0)	(32.0, 3932.0)	(33.0, 3831.0)	(34.0, 4574.0)	(35.0, 5928.0)	(36.0, 8261.0)	(37.0, 12998.0)	(38.0, 29458.0)	(39.0, 669752.0)	(40.0, 26110.0)											
042024-BEL-CBC-T4-1041-MCAV_S39_R1_16S	(16.0, 7.0)	(17.0, 37.0)	(18.0, 153.0)	(19.0, 281.0)	(20.0, 392.0)	(21.0, 536.0)	(22.0, 519.0)	(23.0, 430.0)	(24.0, 512.0)	(25.0, 592.0)	(26.0, 792.0)	(27.0, 827.0)	(28.0, 1029.0)	(29.0, 1985.0)	(30.0, 2413.0)	(31.0, 2471.0)	(32.0, 3314.0)	(33.0, 3326.0)	(34.0, 4044.0)	(35.0, 5299.0)	(36.0, 7852.0)	(37.0, 12642.0)	(38.0, 28375.0)	(39.0, 638677.0)	(40.0, 118299.0)											
042024-BEL-CBC-T4-1042-OFAV_S34_R1_16S	(16.0, 6.0)	(17.0, 32.0)	(18.0, 149.0)	(19.0, 277.0)	(20.0, 371.0)	(21.0, 543.0)	(22.0, 517.0)	(23.0, 452.0)	(24.0, 534.0)	(25.0, 612.0)	(26.0, 829.0)	(27.0, 911.0)	(28.0, 1104.0)	(29.0, 2382.0)	(30.0, 3290.0)	(31.0, 3246.0)	(32.0, 4020.0)	(33.0, 3937.0)	(34.0, 4933.0)	(35.0, 6457.0)	(36.0, 9606.0)	(37.0, 15609.0)	(38.0, 36081.0)	(39.0, 699505.0)	(40.0, 31465.0)											
042024-BEL-CBC-T4-1044-PSTR_S6_R1_16S	(16.0, 4.0)	(17.0, 23.0)	(18.0, 87.0)	(19.0, 209.0)	(20.0, 324.0)	(21.0, 512.0)	(22.0, 430.0)	(23.0, 421.0)	(24.0, 513.0)	(25.0, 665.0)	(26.0, 805.0)	(27.0, 890.0)	(28.0, 1246.0)	(29.0, 2064.0)	(30.0, 2190.0)	(31.0, 2890.0)	(32.0, 3236.0)	(33.0, 3673.0)	(34.0, 4721.0)	(35.0, 6298.0)	(36.0, 9359.0)	(37.0, 20006.0)	(38.0, 59354.0)	(39.0, 581605.0)	(40.0, 7209.0)											
042024-BEL-CBC-T4-1045-MCAV_S54_R1_16S	(16.0, 2.0)	(17.0, 28.0)	(18.0, 81.0)	(19.0, 196.0)	(20.0, 363.0)	(21.0, 755.0)	(22.0, 673.0)	(23.0, 604.0)	(24.0, 646.0)	(25.0, 688.0)	(26.0, 767.0)	(27.0, 938.0)	(28.0, 1165.0)	(29.0, 2005.0)	(30.0, 2569.0)	(31.0, 2975.0)	(32.0, 3506.0)	(33.0, 3572.0)	(34.0, 4412.0)	(35.0, 5835.0)	(36.0, 8664.0)	(37.0, 13187.0)	(38.0, 29026.0)	(39.0, 741128.0)	(40.0, 4432.0)											
052022-BEL-CBC-T1-1-PAST_S74_R1_16S	(16.0, 3.0)	(17.0, 29.0)	(18.0, 144.0)	(19.0, 600.0)	(20.0, 1283.0)	(21.0, 1962.0)	(22.0, 1454.0)	(23.0, 1303.0)	(24.0, 1321.0)	(25.0, 1478.0)	(26.0, 1678.0)	(27.0, 1909.0)	(28.0, 2245.0)	(29.0, 2709.0)	(30.0, 3191.0)	(31.0, 3806.0)	(32.0, 4802.0)	(33.0, 5925.0)	(34.0, 8569.0)	(35.0, 13354.0)	(36.0, 24920.0)	(37.0, 53420.0)	(38.0, 121055.0)	(39.0, 936202.0)	(40.0, 80353.0)											
052022-BEL-CBC-T2-12-MCAV_S18_R1_16S	(16.0, 9.0)	(17.0, 63.0)	(18.0, 238.0)	(19.0, 388.0)	(20.0, 454.0)	(21.0, 601.0)	(22.0, 573.0)	(23.0, 581.0)	(24.0, 677.0)	(25.0, 839.0)	(26.0, 1042.0)	(27.0, 1188.0)	(28.0, 1490.0)	(29.0, 2277.0)	(30.0, 3073.0)	(31.0, 3418.0)	(32.0, 4452.0)	(33.0, 4722.0)	(34.0, 6186.0)	(35.0, 8263.0)	(36.0, 12863.0)	(37.0, 23515.0)	(38.0, 53656.0)	(39.0, 952584.0)	(40.0, 52332.0)											
052022-BEL-CBC-T2-3-SSID_S25_R1_16S	(15.0, 1.0)	(16.0, 11.0)	(17.0, 32.0)	(18.0, 191.0)	(19.0, 378.0)	(20.0, 414.0)	(21.0, 397.0)	(22.0, 386.0)	(23.0, 407.0)	(24.0, 520.0)	(25.0, 643.0)	(26.0, 723.0)	(27.0, 799.0)	(28.0, 1047.0)	(29.0, 1263.0)	(30.0, 1784.0)	(31.0, 4372.0)	(32.0, 7832.0)	(33.0, 4756.0)	(34.0, 5677.0)	(35.0, 7713.0)	(36.0, 10956.0)	(37.0, 16438.0)	(38.0, 34001.0)	(39.0, 462004.0)	(40.0, 39944.0)										
052022-BEL-CBC-T2-5-PAST_S40_R1_16S	(16.0, 8.0)	(17.0, 126.0)	(18.0, 645.0)	(19.0, 1215.0)	(20.0, 1305.0)	(21.0, 1124.0)	(22.0, 1017.0)	(23.0, 1127.0)	(24.0, 1325.0)	(25.0, 1466.0)	(26.0, 1716.0)	(27.0, 1960.0)	(28.0, 2352.0)	(29.0, 2796.0)	(30.0, 3433.0)	(31.0, 4037.0)	(32.0, 5401.0)	(33.0, 8282.0)	(34.0, 9975.0)	(35.0, 15064.0)	(36.0, 24021.0)	(37.0, 39913.0)	(38.0, 77785.0)	(39.0, 1160575.0)	(40.0, 211761.0)											
052022-BEL-CBC-T3-1-MCAV_S83_R1_16S	(16.0, 15.0)	(17.0, 81.0)	(18.0, 258.0)	(19.0, 588.0)	(20.0, 938.0)	(21.0, 1667.0)	(22.0, 1475.0)	(23.0, 1255.0)	(24.0, 1326.0)	(25.0, 1668.0)	(26.0, 2117.0)	(27.0, 2271.0)	(28.0, 2731.0)	(29.0, 5229.0)	(30.0, 6948.0)	(31.0, 6813.0)	(32.0, 9726.0)	(33.0, 9733.0)	(34.0, 12024.0)	(35.0, 16981.0)	(36.0, 25634.0)	(37.0, 35735.0)	(38.0, 82812.0)	(39.0, 2138035.0)	(40.0, 159272.0)											
052022-BEL-CBC-T3-15-PSTR_S94_R1_16S	(16.0, 3.0)	(17.0, 40.0)	(18.0, 186.0)	(19.0, 438.0)	(20.0, 608.0)	(21.0, 887.0)	(22.0, 654.0)	(23.0, 484.0)	(24.0, 565.0)	(25.0, 732.0)	(26.0, 863.0)	(27.0, 1064.0)	(28.0, 1163.0)	(29.0, 2147.0)	(30.0, 2768.0)	(31.0, 3266.0)	(32.0, 4026.0)	(33.0, 3941.0)	(34.0, 4907.0)	(35.0, 7154.0)	(36.0, 12569.0)	(37.0, 19367.0)	(38.0, 34572.0)	(39.0, 715251.0)	(40.0, 108713.0)											
062019-BEL-CBC-T1-5-SSID_S91_R1_16S	(16.0, 6.0)	(17.0, 60.0)	(18.0, 318.0)	(19.0, 626.0)	(20.0, 1053.0)	(21.0, 1894.0)	(22.0, 1204.0)	(23.0, 965.0)	(24.0, 1054.0)	(25.0, 1139.0)	(26.0, 1233.0)	(27.0, 1379.0)	(28.0, 1625.0)	(29.0, 2032.0)	(30.0, 2423.0)	(31.0, 2743.0)	(32.0, 3567.0)	(33.0, 4349.0)	(34.0, 6148.0)	(35.0, 11479.0)	(36.0, 18272.0)	(37.0, 24696.0)	(38.0, 46680.0)	(39.0, 980498.0)	(40.0, 110503.0)											
062019-BEL-CBC-T2-17-SSID_S4_R1_16S	(16.0, 2.0)	(17.0, 31.0)	(18.0, 150.0)	(19.0, 320.0)	(20.0, 435.0)	(21.0, 519.0)	(22.0, 468.0)	(23.0, 565.0)	(24.0, 699.0)	(25.0, 797.0)	(26.0, 908.0)	(27.0, 994.0)	(28.0, 1202.0)	(29.0, 1438.0)	(30.0, 1847.0)	(31.0, 2276.0)	(32.0, 2790.0)	(33.0, 3730.0)	(34.0, 5305.0)	(35.0, 8284.0)	(36.0, 14084.0)	(37.0, 39548.0)	(38.0, 127470.0)	(39.0, 487301.0)	(40.0, 41367.0)											
062019-BEL-CBC-T2-21-PAST_S29_R1_16S	(16.0, 8.0)	(17.0, 58.0)	(18.0, 217.0)	(19.0, 500.0)	(20.0, 869.0)	(21.0, 941.0)	(22.0, 814.0)	(23.0, 890.0)	(24.0, 994.0)	(25.0, 1294.0)	(26.0, 1508.0)	(27.0, 1743.0)	(28.0, 2042.0)	(29.0, 2570.0)	(30.0, 3079.0)	(31.0, 3828.0)	(32.0, 5066.0)	(33.0, 7065.0)	(34.0, 10597.0)	(35.0, 17331.0)	(36.0, 30650.0)	(37.0, 59372.0)	(38.0, 114898.0)	(39.0, 788452.0)	(40.0, 55028.0)											
062019-BEL-CBC-T2-23-MCAV_S64_R1_16S	(16.0, 4.0)	(17.0, 19.0)	(18.0, 73.0)	(19.0, 258.0)	(20.0, 470.0)	(21.0, 884.0)	(22.0, 780.0)	(23.0, 605.0)	(24.0, 658.0)	(25.0, 674.0)	(26.0, 862.0)	(27.0, 924.0)	(28.0, 1068.0)	(29.0, 1935.0)	(30.0, 2937.0)	(31.0, 2961.0)	(32.0, 3477.0)	(33.0, 3734.0)	(34.0, 4572.0)	(35.0, 6079.0)	(36.0, 8611.0)	(37.0, 14140.0)	(38.0, 35680.0)	(39.0, 712968.0)	(40.0, 80297.0)											
062019-BEL-CBC-T3-5-SSID_S37_R1_16S	(16.0, 7.0)	(17.0, 57.0)	(18.0, 256.0)	(19.0, 554.0)	(20.0, 787.0)	(21.0, 1045.0)	(22.0, 938.0)	(23.0, 813.0)	(24.0, 934.0)	(25.0, 1021.0)	(26.0, 1141.0)	(27.0, 1349.0)	(28.0, 1492.0)	(29.0, 1826.0)	(30.0, 2289.0)	(31.0, 2992.0)	(32.0, 3748.0)	(33.0, 4509.0)	(34.0, 5850.0)	(35.0, 8944.0)	(36.0, 15940.0)	(37.0, 31205.0)	(38.0, 51606.0)	(39.0, 823291.0)	(40.0, 101413.0)											
062024-BEL-CBC-T1-1350-PSTR_S41_R1_16S	(15.0, 1.0)	(16.0, 9.0)	(17.0, 29.0)	(18.0, 64.0)	(19.0, 193.0)	(20.0, 283.0)	(21.0, 459.0)	(22.0, 450.0)	(23.0, 407.0)	(24.0, 412.0)	(25.0, 531.0)	(26.0, 690.0)	(27.0, 811.0)	(28.0, 1008.0)	(29.0, 1860.0)	(30.0, 2399.0)	(31.0, 2443.0)	(32.0, 3204.0)	(33.0, 3220.0)	(34.0, 4107.0)	(35.0, 5563.0)	(36.0, 8289.0)	(37.0, 17327.0)	(38.0, 36765.0)	(39.0, 612912.0)	(40.0, 125049.0)										
062024-BEL-CBC-T3-1424-PAST_S67_R1_16S	(16.0, 2.0)	(17.0, 26.0)	(18.0, 106.0)	(19.0, 337.0)	(20.0, 644.0)	(21.0, 896.0)	(22.0, 655.0)	(23.0, 618.0)	(24.0, 672.0)	(25.0, 762.0)	(26.0, 987.0)	(27.0, 985.0)	(28.0, 1188.0)	(29.0, 1395.0)	(30.0, 1619.0)	(31.0, 2024.0)	(32.0, 2477.0)	(33.0, 3106.0)	(34.0, 4082.0)	(35.0, 5926.0)	(36.0, 9764.0)	(37.0, 17198.0)	(38.0, 37008.0)	(39.0, 592612.0)	(40.0, 71420.0)											
062024-BEL-CBC-T3-1427-MCAV_S84_R1_16S	(16.0, 8.0)	(17.0, 54.0)	(18.0, 175.0)	(19.0, 391.0)	(20.0, 592.0)	(21.0, 986.0)	(22.0, 890.0)	(23.0, 676.0)	(24.0, 792.0)	(25.0, 947.0)	(26.0, 1219.0)	(27.0, 1324.0)	(28.0, 1657.0)	(29.0, 3155.0)	(30.0, 4154.0)	(31.0, 4074.0)	(32.0, 5665.0)	(33.0, 5558.0)	(34.0, 6953.0)	(35.0, 9096.0)	(36.0, 13085.0)	(37.0, 20285.0)	(38.0, 47790.0)	(39.0, 1237906.0)	(40.0, 89072.0)											
062024-BEL-CBC-T3-1436-MCAV_S47_R1_16S	(16.0, 1.0)	(17.0, 16.0)	(18.0, 81.0)	(19.0, 172.0)	(20.0, 320.0)	(21.0, 624.0)	(22.0, 483.0)	(23.0, 428.0)	(24.0, 457.0)	(25.0, 469.0)	(26.0, 597.0)	(27.0, 600.0)	(28.0, 740.0)	(29.0, 1383.0)	(30.0, 1884.0)	(31.0, 1960.0)	(32.0, 2407.0)	(33.0, 2500.0)	(34.0, 3090.0)	(35.0, 4070.0)	(36.0, 5820.0)	(37.0, 9468.0)	(38.0, 21551.0)	(39.0, 464749.0)	(40.0, 78631.0)											
062024-BEL-CBC-T4-1473-PSTR_S90_R1_16S	(16.0, 9.0)	(17.0, 38.0)	(18.0, 140.0)	(19.0, 316.0)	(20.0, 572.0)	(21.0, 843.0)	(22.0, 713.0)	(23.0, 666.0)	(24.0, 697.0)	(25.0, 829.0)	(26.0, 1130.0)	(27.0, 1237.0)	(28.0, 1515.0)	(29.0, 2934.0)	(30.0, 3651.0)	(31.0, 3830.0)	(32.0, 4925.0)	(33.0, 5017.0)	(34.0, 6447.0)	(35.0, 9753.0)	(36.0, 15898.0)	(37.0, 23068.0)	(38.0, 46601.0)	(39.0, 945223.0)	(40.0, 205198.0)											
082024-BEL-CBC-T1-1481-PSTR_S15_R1_16S	(16.0, 5.0)	(17.0, 19.0)	(18.0, 56.0)	(19.0, 124.0)	(20.0, 186.0)	(21.0, 271.0)	(22.0, 297.0)	(23.0, 241.0)	(24.0, 347.0)	(25.0, 395.0)	(26.0, 512.0)	(27.0, 600.0)	(28.0, 843.0)	(29.0, 1378.0)	(30.0, 1671.0)	(31.0, 2124.0)	(32.0, 2446.0)	(33.0, 2888.0)	(34.0, 3691.0)	(35.0, 5162.0)	(36.0, 7952.0)	(37.0, 14903.0)	(38.0, 45463.0)	(39.0, 446375.0)	(40.0, 9643.0)											
082024-BEL-CBC-T2-1508-SSID_S14_R1_16S	(16.0, 2.0)	(17.0, 33.0)	(18.0, 125.0)	(19.0, 294.0)	(20.0, 350.0)	(21.0, 495.0)	(22.0, 460.0)	(23.0, 544.0)	(24.0, 626.0)	(25.0, 779.0)	(26.0, 899.0)	(27.0, 1036.0)	(28.0, 1229.0)	(29.0, 1503.0)	(30.0, 1912.0)	(31.0, 2424.0)	(32.0, 2920.0)	(33.0, 3800.0)	(34.0, 5066.0)	(35.0, 7391.0)	(36.0, 11836.0)	(37.0, 22980.0)	(38.0, 65669.0)	(39.0, 613768.0)	(40.0, 20240.0)											
082024-BEL-CBC-T2-1511-SSID_S80_R1_16S	(16.0, 4.0)	(17.0, 11.0)	(18.0, 110.0)	(19.0, 412.0)	(20.0, 557.0)	(21.0, 724.0)	(22.0, 582.0)	(23.0, 572.0)	(24.0, 585.0)	(25.0, 680.0)	(26.0, 773.0)	(27.0, 827.0)	(28.0, 983.0)	(29.0, 1177.0)	(30.0, 1406.0)	(31.0, 1710.0)	(32.0, 2080.0)	(33.0, 2446.0)	(34.0, 3500.0)	(35.0, 4786.0)	(36.0, 7267.0)	(37.0, 12420.0)	(38.0, 35716.0)	(39.0, 513120.0)	(40.0, 56444.0)											
082024-BEL-CBC-T2-1512-PAST_S63_R1_16S	(16.0, 11.0)	(17.0, 32.0)	(18.0, 210.0)	(19.0, 730.0)	(20.0, 1599.0)	(21.0, 2438.0)	(22.0, 1580.0)	(23.0, 1434.0)	(24.0, 1477.0)	(25.0, 1637.0)	(26.0, 1903.0)	(27.0, 2010.0)	(28.0, 2403.0)	(29.0, 2755.0)	(30.0, 3466.0)	(31.0, 4053.0)	(32.0, 4932.0)	(33.0, 6236.0)	(34.0, 8454.0)	(35.0, 12347.0)	(36.0, 20532.0)	(37.0, 39960.0)	(38.0, 92363.0)	(39.0, 1171068.0)	(40.0, 117973.0)											
082024-BEL-CBC-T3-1553-MCAV_S42_R1_16S	(16.0, 11.0)	(17.0, 29.0)	(18.0, 108.0)	(19.0, 283.0)	(20.0, 553.0)	(21.0, 879.0)	(22.0, 835.0)	(23.0, 723.0)	(24.0, 809.0)	(25.0, 944.0)	(26.0, 1317.0)	(27.0, 1397.0)	(28.0, 1709.0)	(29.0, 3460.0)	(30.0, 4244.0)	(31.0, 4177.0)	(32.0, 5787.0)	(33.0, 5723.0)	(34.0, 7320.0)	(35.0, 9279.0)	(36.0, 13614.0)	(37.0, 21540.0)	(38.0, 49574.0)	(39.0, 1139584.0)	(40.0, 238599.0)											
082024-BEL-CBC-T3-1556-OFAV_S77_R1_16S	(16.0, 1.0)	(17.0, 22.0)	(18.0, 85.0)	(19.0, 280.0)	(20.0, 540.0)	(21.0, 987.0)	(22.0, 855.0)	(23.0, 707.0)	(24.0, 719.0)	(25.0, 745.0)	(26.0, 936.0)	(27.0, 1061.0)	(28.0, 1286.0)	(29.0, 2197.0)	(30.0, 4150.0)	(31.0, 3929.0)	(32.0, 4580.0)	(33.0, 5004.0)	(34.0, 5766.0)	(35.0, 7378.0)	(36.0, 10926.0)	(37.0, 18618.0)	(38.0, 42509.0)	(39.0, 845458.0)	(40.0, 88441.0)											
082024-BEL-CBC-T3-1557-PAST_S27_R1_16S	(15.0, 1.0)	(16.0, 9.0)	(17.0, 55.0)	(18.0, 188.0)	(19.0, 462.0)	(20.0, 724.0)	(21.0, 952.0)	(22.0, 795.0)	(23.0, 787.0)	(24.0, 892.0)	(25.0, 1070.0)	(26.0, 1198.0)	(27.0, 1423.0)	(28.0, 1664.0)	(29.0, 2102.0)	(30.0, 2659.0)	(31.0, 3084.0)	(32.0, 4044.0)	(33.0, 4850.0)	(34.0, 6383.0)	(35.0, 9253.0)	(36.0, 14080.0)	(37.0, 24042.0)	(38.0, 53101.0)	(39.0, 860729.0)	(40.0, 65053.0)										
092023-BEL-CBC-T1-173-SSID_S75_R1_16S	(16.0, 8.0)	(17.0, 43.0)	(18.0, 253.0)	(19.0, 875.0)	(20.0, 1045.0)	(21.0, 1116.0)	(22.0, 1038.0)	(23.0, 1061.0)	(24.0, 1224.0)	(25.0, 1447.0)	(26.0, 1625.0)	(27.0, 1855.0)	(28.0, 2011.0)	(29.0, 2452.0)	(30.0, 3000.0)	(31.0, 3791.0)	(32.0, 5114.0)	(33.0, 6119.0)	(34.0, 7789.0)	(35.0, 10837.0)	(36.0, 16584.0)	(37.0, 28198.0)	(38.0, 70437.0)	(39.0, 1096299.0)	(40.0, 190483.0)											
092023-BEL-CBC-T1-174-MCAV_S95_R1_16S	(16.0, 10.0)	(17.0, 55.0)	(18.0, 282.0)	(19.0, 544.0)	(20.0, 601.0)	(21.0, 921.0)	(22.0, 787.0)	(23.0, 641.0)	(24.0, 682.0)	(25.0, 888.0)	(26.0, 1094.0)	(27.0, 1180.0)	(28.0, 1417.0)	(29.0, 2625.0)	(30.0, 3467.0)	(31.0, 3384.0)	(32.0, 4829.0)	(33.0, 4775.0)	(34.0, 5982.0)	(35.0, 8280.0)	(36.0, 12171.0)	(37.0, 18179.0)	(38.0, 42217.0)	(39.0, 951383.0)	(40.0, 197842.0)											
092023-BEL-CBC-T2-175-PAST_S56_R1_16S	(16.0, 1.0)	(17.0, 12.0)	(18.0, 144.0)	(19.0, 421.0)	(20.0, 491.0)	(21.0, 624.0)	(22.0, 531.0)	(23.0, 577.0)	(24.0, 663.0)	(25.0, 735.0)	(26.0, 881.0)	(27.0, 982.0)	(28.0, 1151.0)	(29.0, 1423.0)	(30.0, 1711.0)	(31.0, 2011.0)	(32.0, 2529.0)	(33.0, 3174.0)	(34.0, 4598.0)	(35.0, 7461.0)	(36.0, 14042.0)	(37.0, 28958.0)	(38.0, 62340.0)	(39.0, 512699.0)	(40.0, 83772.0)											
092023-BEL-CBC-T2-179-SSID_S33_R1_16S	(16.0, 4.0)	(17.0, 31.0)	(18.0, 148.0)	(19.0, 278.0)	(20.0, 297.0)	(21.0, 320.0)	(22.0, 277.0)	(23.0, 277.0)	(24.0, 297.0)	(25.0, 413.0)	(26.0, 457.0)	(27.0, 476.0)	(28.0, 576.0)	(29.0, 710.0)	(30.0, 846.0)	(31.0, 1110.0)	(32.0, 1524.0)	(33.0, 1689.0)	(34.0, 2337.0)	(35.0, 3554.0)	(36.0, 5770.0)	(37.0, 11889.0)	(38.0, 19122.0)	(39.0, 277168.0)	(40.0, 39259.0)											
092023-BEL-CBC-T2-183-MCAV_S11_R1_16S	(15.0, 1.0)	(16.0, 3.0)	(17.0, 29.0)	(18.0, 129.0)	(19.0, 270.0)	(20.0, 351.0)	(21.0, 350.0)	(22.0, 331.0)	(23.0, 364.0)	(24.0, 421.0)	(25.0, 537.0)	(26.0, 600.0)	(27.0, 720.0)	(28.0, 895.0)	(29.0, 1109.0)	(30.0, 1361.0)	(31.0, 1670.0)	(32.0, 2114.0)	(33.0, 2748.0)	(34.0, 3807.0)	(35.0, 5698.0)	(36.0, 8811.0)	(37.0, 14659.0)	(38.0, 36396.0)	(39.0, 437102.0)	(40.0, 15221.0)										
092023-BEL-CBC-T3-174-OFAV_S3_R1_16S	(16.0, 1.0)	(17.0, 32.0)	(18.0, 118.0)	(19.0, 281.0)	(20.0, 351.0)	(21.0, 484.0)	(22.0, 393.0)	(23.0, 483.0)	(24.0, 564.0)	(25.0, 650.0)	(26.0, 924.0)	(27.0, 1055.0)	(28.0, 1341.0)	(29.0, 2259.0)	(30.0, 2780.0)	(31.0, 3261.0)	(32.0, 3933.0)	(33.0, 4637.0)	(34.0, 6105.0)	(35.0, 9039.0)	(36.0, 14326.0)	(37.0, 28694.0)	(38.0, 93717.0)	(39.0, 644157.0)	(40.0, 4535.0)											
092023-BEL-CBC-T3-175-MCAV_S78_R1_16S	(15.0, 1.0)	(16.0, 1.0)	(17.0, 35.0)	(18.0, 195.0)	(19.0, 547.0)	(20.0, 709.0)	(21.0, 805.0)	(22.0, 802.0)	(23.0, 705.0)	(24.0, 792.0)	(25.0, 843.0)	(26.0, 1041.0)	(27.0, 1151.0)	(28.0, 1323.0)	(29.0, 1898.0)	(30.0, 2368.0)	(31.0, 2790.0)	(32.0, 3741.0)	(33.0, 4218.0)	(34.0, 5289.0)	(35.0, 7175.0)	(36.0, 9903.0)	(37.0, 16653.0)	(38.0, 38229.0)	(39.0, 727525.0)	(40.0, 109492.0)										
092023-BEL-CBC-T3-177-SSID_S89_R1_16S	(16.0, 6.0)	(17.0, 35.0)	(18.0, 173.0)	(19.0, 359.0)	(20.0, 565.0)	(21.0, 911.0)	(22.0, 665.0)	(23.0, 585.0)	(24.0, 623.0)	(25.0, 709.0)	(26.0, 793.0)	(27.0, 973.0)	(28.0, 1000.0)	(29.0, 1288.0)	(30.0, 1553.0)	(31.0, 1914.0)	(32.0, 2648.0)	(33.0, 3297.0)	(34.0, 4629.0)	(35.0, 9813.0)	(36.0, 17896.0)	(37.0, 22186.0)	(38.0, 30290.0)	(39.0, 614469.0)	(40.0, 66093.0)											
092023-BEL-CBC-T3-182-MCAV_S87_R1_16S	(15.0, 1.0)	(16.0, 10.0)	(17.0, 112.0)	(18.0, 572.0)	(19.0, 928.0)	(20.0, 938.0)	(21.0, 1087.0)	(22.0, 977.0)	(23.0, 843.0)	(24.0, 1045.0)	(25.0, 1237.0)	(26.0, 1431.0)	(27.0, 1636.0)	(28.0, 1919.0)	(29.0, 2968.0)	(30.0, 3655.0)	(31.0, 4058.0)	(32.0, 5269.0)	(33.0, 5932.0)	(34.0, 7673.0)	(35.0, 10609.0)	(36.0, 15015.0)	(37.0, 23548.0)	(38.0, 55107.0)	(39.0, 1229813.0)	(40.0, 159832.0)										
092023-BEL-CBC-T4-95-OFAV_S58_R1_16S	(16.0, 3.0)	(17.0, 27.0)	(18.0, 108.0)	(19.0, 333.0)	(20.0, 557.0)	(21.0, 1077.0)	(22.0, 799.0)	(23.0, 684.0)	(24.0, 685.0)	(25.0, 731.0)	(26.0, 974.0)	(27.0, 1073.0)	(28.0, 1302.0)	(29.0, 2137.0)	(30.0, 3608.0)	(31.0, 3548.0)	(32.0, 3992.0)	(33.0, 4263.0)	(34.0, 5146.0)	(35.0, 6751.0)	(36.0, 9863.0)	(37.0, 16228.0)	(38.0, 41340.0)	(39.0, 830734.0)	(40.0, 75973.0)											
092023-BEL-CBC-T4-96-MCAV_S36_R1_16S	(16.0, 2.0)	(17.0, 36.0)	(18.0, 262.0)	(19.0, 407.0)	(20.0, 420.0)	(21.0, 421.0)	(22.0, 413.0)	(23.0, 382.0)	(24.0, 431.0)	(25.0, 503.0)	(26.0, 596.0)	(27.0, 677.0)	(28.0, 811.0)	(29.0, 1194.0)	(30.0, 1475.0)	(31.0, 2131.0)	(32.0, 3049.0)	(33.0, 3213.0)	(34.0, 4261.0)	(35.0, 6244.0)	(36.0, 9022.0)	(37.0, 15509.0)	(38.0, 40860.0)	(39.0, 416700.0)	(40.0, 16062.0)											
112023-BEL-CBC-T1-274-PAST_S2_R1_16S	(16.0, 1.0)	(17.0, 30.0)	(18.0, 127.0)	(19.0, 237.0)	(20.0, 389.0)	(21.0, 415.0)	(22.0, 375.0)	(23.0, 420.0)	(24.0, 524.0)	(25.0, 580.0)	(26.0, 674.0)	(27.0, 806.0)	(28.0, 910.0)	(29.0, 1137.0)	(30.0, 1415.0)	(31.0, 1745.0)	(32.0, 2155.0)	(33.0, 2743.0)	(34.0, 3845.0)	(35.0, 5334.0)	(36.0, 8291.0)	(37.0, 20409.0)	(38.0, 63983.0)	(39.0, 462173.0)	(40.0, 37582.0)											
112023-BEL-CBC-T1-275-SSID_S85_R1_16S	(16.0, 4.0)	(17.0, 34.0)	(18.0, 214.0)	(19.0, 531.0)	(20.0, 629.0)	(21.0, 934.0)	(22.0, 696.0)	(23.0, 703.0)	(24.0, 758.0)	(25.0, 876.0)	(26.0, 972.0)	(27.0, 1082.0)	(28.0, 1295.0)	(29.0, 1587.0)	(30.0, 1934.0)	(31.0, 2363.0)	(32.0, 3112.0)	(33.0, 3915.0)	(34.0, 5410.0)	(35.0, 10477.0)	(36.0, 15642.0)	(37.0, 17338.0)	(38.0, 35200.0)	(39.0, 689214.0)	(40.0, 98962.0)											
112023-BEL-CBC-T2-305-PAST_S68_R1_16S	(16.0, 3.0)	(17.0, 14.0)	(18.0, 73.0)	(19.0, 275.0)	(20.0, 520.0)	(21.0, 802.0)	(22.0, 511.0)	(23.0, 522.0)	(24.0, 506.0)	(25.0, 563.0)	(26.0, 645.0)	(27.0, 710.0)	(28.0, 816.0)	(29.0, 1008.0)	(30.0, 1114.0)	(31.0, 1435.0)	(32.0, 1713.0)	(33.0, 2095.0)	(34.0, 2848.0)	(35.0, 4145.0)	(36.0, 7011.0)	(37.0, 11830.0)	(38.0, 23466.0)	(39.0, 446510.0)	(40.0, 48920.0)											
112023-BEL-CBC-T2-306-MCAV_S53_R1_16S	(16.0, 2.0)	(17.0, 6.0)	(18.0, 51.0)	(19.0, 121.0)	(20.0, 261.0)	(21.0, 505.0)	(22.0, 473.0)	(23.0, 357.0)	(24.0, 362.0)	(25.0, 455.0)	(26.0, 570.0)	(27.0, 559.0)	(28.0, 731.0)	(29.0, 1295.0)	(30.0, 1796.0)	(31.0, 1882.0)	(32.0, 2372.0)	(33.0, 2432.0)	(34.0, 2934.0)	(35.0, 3947.0)	(36.0, 5710.0)	(37.0, 9049.0)	(38.0, 20499.0)	(39.0, 518569.0)	(40.0, 7847.0)											
112023-BEL-CBC-T2-313-SSID_S32_R1_16S	(15.0, 1.0)	(16.0, 7.0)	(17.0, 28.0)	(18.0, 122.0)	(19.0, 273.0)	(20.0, 488.0)	(21.0, 812.0)	(22.0, 666.0)	(23.0, 616.0)	(24.0, 612.0)	(25.0, 733.0)	(26.0, 743.0)	(27.0, 968.0)	(28.0, 1110.0)	(29.0, 1328.0)	(30.0, 1688.0)	(31.0, 1868.0)	(32.0, 2429.0)	(33.0, 3052.0)	(34.0, 4211.0)	(35.0, 7367.0)	(36.0, 18175.0)	(37.0, 30400.0)	(38.0, 34755.0)	(39.0, 556841.0)	(40.0, 55183.0)										
112023-BEL-CBC-T2-314-SSID_S93_R1_16S	(16.0, 7.0)	(17.0, 70.0)	(18.0, 334.0)	(19.0, 697.0)	(20.0, 950.0)	(21.0, 1379.0)	(22.0, 1092.0)	(23.0, 1032.0)	(24.0, 1129.0)	(25.0, 1278.0)	(26.0, 1441.0)	(27.0, 1607.0)	(28.0, 2017.0)	(29.0, 2284.0)	(30.0, 2746.0)	(31.0, 3311.0)	(32.0, 4132.0)	(33.0, 5460.0)	(34.0, 7634.0)	(35.0, 15830.0)	(36.0, 24981.0)	(37.0, 32388.0)	(38.0, 69505.0)	(39.0, 1041296.0)	(40.0, 110902.0)											
112023-BEL-CBC-T3-353-MCAV_S35_R1_16S	(16.0, 21.0)	(17.0, 107.0)	(18.0, 306.0)	(19.0, 686.0)	(20.0, 1093.0)	(21.0, 1674.0)	(22.0, 1553.0)	(23.0, 1244.0)	(24.0, 1400.0)	(25.0, 1707.0)	(26.0, 2268.0)	(27.0, 2542.0)	(28.0, 2963.0)	(29.0, 5787.0)	(30.0, 7413.0)	(31.0, 7653.0)	(32.0, 10150.0)	(33.0, 10394.0)	(34.0, 12801.0)	(35.0, 16983.0)	(36.0, 24243.0)	(37.0, 38736.0)	(38.0, 89502.0)	(39.0, 2062209.0)	(40.0, 362575.0)											
112023-BEL-CBC-T3-354-PSTR_S26_R1_16S	(16.0, 5.0)	(17.0, 41.0)	(18.0, 178.0)	(19.0, 303.0)	(20.0, 500.0)	(21.0, 901.0)	(22.0, 742.0)	(23.0, 649.0)	(24.0, 823.0)	(25.0, 975.0)	(26.0, 1373.0)	(27.0, 1522.0)	(28.0, 1856.0)	(29.0, 3388.0)	(30.0, 4563.0)	(31.0, 4895.0)	(32.0, 6141.0)	(33.0, 6546.0)	(34.0, 8023.0)	(35.0, 10609.0)	(36.0, 15569.0)	(37.0, 25015.0)	(38.0, 57498.0)	(39.0, 1243350.0)	(40.0, 100651.0)											
112023-BEL-CBC-T3-357-OFAV_S10_R1_16S	(15.0, 1.0)	(16.0, 0.0)	(17.0, 11.0)	(18.0, 47.0)	(19.0, 130.0)	(20.0, 182.0)	(21.0, 333.0)	(22.0, 332.0)	(23.0, 282.0)	(24.0, 360.0)	(25.0, 482.0)	(26.0, 644.0)	(27.0, 684.0)	(28.0, 913.0)	(29.0, 1571.0)	(30.0, 2189.0)	(31.0, 2390.0)	(32.0, 2910.0)	(33.0, 3062.0)	(34.0, 3886.0)	(35.0, 5084.0)	(36.0, 7558.0)	(37.0, 12789.0)	(38.0, 30918.0)	(39.0, 579599.0)	(40.0, 7542.0)										
112023-BEL-CBC-T3-359-PAST_S38_R1_16S	(15.0, 1.0)	(16.0, 7.0)	(17.0, 57.0)	(18.0, 283.0)	(19.0, 463.0)	(20.0, 611.0)	(21.0, 636.0)	(22.0, 525.0)	(23.0, 482.0)	(24.0, 556.0)	(25.0, 681.0)	(26.0, 736.0)	(27.0, 841.0)	(28.0, 925.0)	(29.0, 1156.0)	(30.0, 1387.0)	(31.0, 1651.0)	(32.0, 1987.0)	(33.0, 2595.0)	(34.0, 3367.0)	(35.0, 4499.0)	(36.0, 7025.0)	(37.0, 13377.0)	(38.0, 25938.0)	(39.0, 498914.0)	(40.0, 65991.0)										
112023-BEL-CBC-T4-397-PSTR_S20_R1_16S	(16.0, 14.0)	(17.0, 52.0)	(18.0, 207.0)	(19.0, 395.0)	(20.0, 588.0)	(21.0, 878.0)	(22.0, 803.0)	(23.0, 725.0)	(24.0, 944.0)	(25.0, 1075.0)	(26.0, 1560.0)	(27.0, 1769.0)	(28.0, 2148.0)	(29.0, 3978.0)	(30.0, 5045.0)	(31.0, 5700.0)	(32.0, 7078.0)	(33.0, 7376.0)	(34.0, 9293.0)	(35.0, 12400.0)	(36.0, 17955.0)	(37.0, 29458.0)	(38.0, 72977.0)	(39.0, 1487726.0)	(40.0, 20913.0)											
112023-BEL-CBC-T4-398-PSTR_S59_R1_16S	(15.0, 1.0)	(16.0, 14.0)	(17.0, 42.0)	(18.0, 127.0)	(19.0, 421.0)	(20.0, 868.0)	(21.0, 1484.0)	(22.0, 1349.0)	(23.0, 1142.0)	(24.0, 1087.0)	(25.0, 1286.0)	(26.0, 1553.0)	(27.0, 1696.0)	(28.0, 2061.0)	(29.0, 3588.0)	(30.0, 5251.0)	(31.0, 5589.0)	(32.0, 6511.0)	(33.0, 6940.0)	(34.0, 8647.0)	(35.0, 11208.0)	(36.0, 16199.0)	(37.0, 26869.0)	(38.0, 72356.0)	(39.0, 1304110.0)	(40.0, 162840.0)										
122022-BEL-CBC-T1-150-PAST_S31_R1_16S	(16.0, 4.0)	(17.0, 53.0)	(18.0, 281.0)	(19.0, 469.0)	(20.0, 590.0)	(21.0, 609.0)	(22.0, 489.0)	(23.0, 502.0)	(24.0, 583.0)	(25.0, 665.0)	(26.0, 761.0)	(27.0, 942.0)	(28.0, 1101.0)	(29.0, 1349.0)	(30.0, 1791.0)	(31.0, 4539.0)	(32.0, 12222.0)	(33.0, 5972.0)	(34.0, 5601.0)	(35.0, 8488.0)	(36.0, 12719.0)	(37.0, 18355.0)	(38.0, 28176.0)	(39.0, 459797.0)	(40.0, 65010.0)											
122022-BEL-CBC-T1-156-SSID_S22_R1_16S	(16.0, 13.0)	(17.0, 98.0)	(18.0, 457.0)	(19.0, 637.0)	(20.0, 711.0)	(21.0, 705.0)	(22.0, 632.0)	(23.0, 785.0)	(24.0, 892.0)	(25.0, 1073.0)	(26.0, 1276.0)	(27.0, 1355.0)	(28.0, 1641.0)	(29.0, 2038.0)	(30.0, 2600.0)	(31.0, 3895.0)	(32.0, 4795.0)	(33.0, 5788.0)	(34.0, 7582.0)	(35.0, 10074.0)	(36.0, 14416.0)	(37.0, 23228.0)	(38.0, 53550.0)	(39.0, 857168.0)	(40.0, 77141.0)											
122022-BEL-CBC-T1-158-PAST_S60_R1_16S	(16.0, 2.0)	(17.0, 17.0)	(18.0, 134.0)	(19.0, 372.0)	(20.0, 664.0)	(21.0, 793.0)	(22.0, 656.0)	(23.0, 582.0)	(24.0, 623.0)	(25.0, 688.0)	(26.0, 856.0)	(27.0, 941.0)	(28.0, 1027.0)	(29.0, 1205.0)	(30.0, 1466.0)	(31.0, 1852.0)	(32.0, 2237.0)	(33.0, 3000.0)	(34.0, 4054.0)	(35.0, 5948.0)	(36.0, 10312.0)	(37.0, 20708.0)	(38.0, 50372.0)	(39.0, 493200.0)	(40.0, 54809.0)											
122022-BEL-CBC-T2-87-OFAV_S88_R1_16S	(16.0, 6.0)	(17.0, 50.0)	(18.0, 229.0)	(19.0, 418.0)	(20.0, 557.0)	(21.0, 677.0)	(22.0, 606.0)	(23.0, 571.0)	(24.0, 693.0)	(25.0, 751.0)	(26.0, 967.0)	(27.0, 1143.0)	(28.0, 1433.0)	(29.0, 2409.0)	(30.0, 3379.0)	(31.0, 3778.0)	(32.0, 4552.0)	(33.0, 4820.0)	(34.0, 5898.0)	(35.0, 8018.0)	(36.0, 11758.0)	(37.0, 19059.0)	(38.0, 43080.0)	(39.0, 851437.0)	(40.0, 63825.0)											
122022-BEL-CBC-T2-92-MCAV_S28_R1_16S	(15.0, 1.0)	(16.0, 1.0)	(17.0, 22.0)	(18.0, 61.0)	(19.0, 160.0)	(20.0, 254.0)	(21.0, 388.0)	(22.0, 320.0)	(23.0, 279.0)	(24.0, 353.0)	(25.0, 497.0)	(26.0, 572.0)	(27.0, 665.0)	(28.0, 882.0)	(29.0, 1412.0)	(30.0, 1860.0)	(31.0, 2000.0)	(32.0, 2711.0)	(33.0, 2884.0)	(34.0, 3632.0)	(35.0, 4779.0)	(36.0, 7250.0)	(37.0, 11573.0)	(38.0, 27515.0)	(39.0, 536896.0)	(40.0, 33623.0)										
122022-BEL-CBC-T3-116-PAST_S50_R1_16S	(16.0, 1.0)	(17.0, 17.0)	(18.0, 64.0)	(19.0, 286.0)	(20.0, 540.0)	(21.0, 813.0)	(22.0, 646.0)	(23.0, 616.0)	(24.0, 621.0)	(25.0, 663.0)	(26.0, 812.0)	(27.0, 933.0)	(28.0, 1044.0)	(29.0, 1365.0)	(30.0, 1568.0)	(31.0, 1779.0)	(32.0, 2267.0)	(33.0, 2800.0)	(34.0, 3783.0)	(35.0, 6149.0)	(36.0, 11209.0)	(37.0, 21869.0)	(38.0, 45432.0)	(39.0, 530622.0)	(40.0, 13119.0)											
122022-BEL-CBC-T3-151-PSTR_S43_R1_16S	(16.0, 4.0)	(17.0, 35.0)	(18.0, 165.0)	(19.0, 267.0)	(20.0, 325.0)	(21.0, 396.0)	(22.0, 366.0)	(23.0, 357.0)	(24.0, 427.0)	(25.0, 445.0)	(26.0, 513.0)	(27.0, 650.0)	(28.0, 790.0)	(29.0, 1178.0)	(30.0, 1554.0)	(31.0, 1628.0)	(32.0, 2105.0)	(33.0, 2286.0)	(34.0, 2999.0)	(35.0, 4049.0)	(36.0, 6180.0)	(37.0, 11382.0)	(38.0, 25474.0)	(39.0, 449053.0)	(40.0, 98497.0)											
122022-BEL-CBC-T4-1-OFAV_S92_R1_16S	(16.0, 8.0)	(17.0, 34.0)	(18.0, 184.0)	(19.0, 330.0)	(20.0, 421.0)	(21.0, 630.0)	(22.0, 580.0)	(23.0, 420.0)	(24.0, 475.0)	(25.0, 573.0)	(26.0, 690.0)	(27.0, 834.0)	(28.0, 1041.0)	(29.0, 2090.0)	(30.0, 2961.0)	(31.0, 2625.0)	(32.0, 3430.0)	(33.0, 3530.0)	(34.0, 4352.0)	(35.0, 5810.0)	(36.0, 8661.0)	(37.0, 13556.0)	(38.0, 33501.0)	(39.0, 656865.0)	(40.0, 41360.0)											
122022-BEL-CBC-T4-11-MCAV_S9_R1_16S	(16.0, 3.0)	(17.0, 24.0)	(18.0, 83.0)	(19.0, 130.0)	(20.0, 245.0)	(21.0, 311.0)	(22.0, 331.0)	(23.0, 334.0)	(24.0, 422.0)	(25.0, 454.0)	(26.0, 612.0)	(27.0, 631.0)	(28.0, 791.0)	(29.0, 1260.0)	(30.0, 1424.0)	(31.0, 1706.0)	(32.0, 2174.0)	(33.0, 2546.0)	(34.0, 3710.0)	(35.0, 5675.0)	(36.0, 8948.0)	(37.0, 25065.0)	(38.0, 124221.0)	(39.0, 284271.0)	(40.0, 4203.0)											
122023-BEL-CBC-T1-506-PAST_S52_R1_16S	(16.0, 2.0)	(17.0, 17.0)	(18.0, 66.0)	(19.0, 247.0)	(20.0, 458.0)	(21.0, 710.0)	(22.0, 559.0)	(23.0, 490.0)	(24.0, 545.0)	(25.0, 586.0)	(26.0, 684.0)	(27.0, 778.0)	(28.0, 937.0)	(29.0, 1023.0)	(30.0, 1314.0)	(31.0, 1597.0)	(32.0, 2003.0)	(33.0, 2421.0)	(34.0, 3347.0)	(35.0, 5780.0)	(36.0, 10857.0)	(37.0, 16716.0)	(38.0, 30416.0)	(39.0, 517587.0)	(40.0, 20804.0)											
122023-BEL-CBC-T1-510-PSTR_S65_R1_16S	(16.0, 2.0)	(17.0, 11.0)	(18.0, 43.0)	(19.0, 138.0)	(20.0, 321.0)	(21.0, 647.0)	(22.0, 480.0)	(23.0, 415.0)	(24.0, 442.0)	(25.0, 477.0)	(26.0, 596.0)	(27.0, 611.0)	(28.0, 814.0)	(29.0, 1414.0)	(30.0, 1898.0)	(31.0, 2020.0)	(32.0, 2423.0)	(33.0, 2566.0)	(34.0, 3121.0)	(35.0, 4274.0)	(36.0, 6552.0)	(37.0, 10536.0)	(38.0, 22387.0)	(39.0, 473912.0)	(40.0, 85862.0)											
122023-BEL-CBC-T2-512-OFAV_S45_R1_16S	(16.0, 1.0)	(17.0, 20.0)	(18.0, 57.0)	(19.0, 196.0)	(20.0, 309.0)	(21.0, 515.0)	(22.0, 562.0)	(23.0, 460.0)	(24.0, 479.0)	(25.0, 530.0)	(26.0, 672.0)	(27.0, 797.0)	(28.0, 874.0)	(29.0, 1573.0)	(30.0, 2588.0)	(31.0, 2568.0)	(32.0, 2902.0)	(33.0, 2946.0)	(34.0, 3783.0)	(35.0, 4892.0)	(36.0, 7239.0)	(37.0, 12742.0)	(38.0, 32554.0)	(39.0, 528413.0)	(40.0, 54576.0)											
122023-BEL-CBC-T3-523-MCAV_S49_R1_16S	(16.0, 3.0)	(17.0, 15.0)	(18.0, 40.0)	(19.0, 87.0)	(20.0, 241.0)	(21.0, 507.0)	(22.0, 456.0)	(23.0, 345.0)	(24.0, 392.0)	(25.0, 404.0)	(26.0, 499.0)	(27.0, 534.0)	(28.0, 666.0)	(29.0, 1151.0)	(30.0, 1484.0)	(31.0, 1729.0)	(32.0, 2162.0)	(33.0, 2108.0)	(34.0, 2781.0)	(35.0, 3727.0)	(36.0, 5353.0)	(37.0, 8450.0)	(38.0, 19502.0)	(39.0, 487144.0)	(40.0, 3397.0)											
122023-BEL-CBC-T3-528-PAST_S82_R1_16S	(15.0, 1.0)	(16.0, 2.0)	(17.0, 38.0)	(18.0, 124.0)	(19.0, 418.0)	(20.0, 840.0)	(21.0, 1273.0)	(22.0, 989.0)	(23.0, 934.0)	(24.0, 929.0)	(25.0, 1045.0)	(26.0, 1148.0)	(27.0, 1290.0)	(28.0, 1548.0)	(29.0, 1881.0)	(30.0, 2214.0)	(31.0, 2421.0)	(32.0, 2958.0)	(33.0, 3678.0)	(34.0, 4820.0)	(35.0, 6705.0)	(36.0, 10656.0)	(37.0, 16215.0)	(38.0, 34444.0)	(39.0, 903836.0)	(40.0, 74929.0)										
122023-BEL-CBC-T3-529-MCAV_S71_R1_16S	(16.0, 2.0)	(17.0, 19.0)	(18.0, 92.0)	(19.0, 250.0)	(20.0, 516.0)	(21.0, 1116.0)	(22.0, 786.0)	(23.0, 578.0)	(24.0, 684.0)	(25.0, 695.0)	(26.0, 900.0)	(27.0, 1001.0)	(28.0, 1167.0)	(29.0, 2120.0)	(30.0, 3000.0)	(31.0, 2938.0)	(32.0, 3686.0)	(33.0, 3761.0)	(34.0, 4473.0)	(35.0, 6190.0)	(36.0, 8733.0)	(37.0, 13768.0)	(38.0, 31448.0)	(39.0, 708350.0)	(40.0, 129707.0)											
122023-BEL-CBC-T3-533-OFAV_S61_R1_16S	(16.0, 3.0)	(17.0, 15.0)	(18.0, 54.0)	(19.0, 179.0)	(20.0, 320.0)	(21.0, 625.0)	(22.0, 523.0)	(23.0, 405.0)	(24.0, 418.0)	(25.0, 474.0)	(26.0, 593.0)	(27.0, 621.0)	(28.0, 790.0)	(29.0, 1404.0)	(30.0, 2375.0)	(31.0, 2235.0)	(32.0, 2525.0)	(33.0, 2764.0)	(34.0, 3448.0)	(35.0, 4563.0)	(36.0, 6452.0)	(37.0, 10667.0)	(38.0, 26614.0)	(39.0, 513545.0)	(40.0, 38740.0)											
122023-BEL-CBC-T4-535-MCAV_S72_R1_16S	(15.0, 1.0)	(16.0, 3.0)	(17.0, 25.0)	(18.0, 108.0)	(19.0, 282.0)	(20.0, 544.0)	(21.0, 1022.0)	(22.0, 860.0)	(23.0, 692.0)	(24.0, 741.0)	(25.0, 843.0)	(26.0, 1068.0)	(27.0, 1159.0)	(28.0, 1333.0)	(29.0, 2285.0)	(30.0, 3413.0)	(31.0, 3544.0)	(32.0, 4338.0)	(33.0, 4537.0)	(34.0, 5788.0)	(35.0, 7489.0)	(36.0, 10662.0)	(37.0, 17152.0)	(38.0, 38351.0)	(39.0, 849089.0)	(40.0, 153162.0)										
122023-BEL-CBC-T4-537-PSTR_S46_R1_16S	(15.0, 1.0)	(16.0, 5.0)	(17.0, 18.0)	(18.0, 71.0)	(19.0, 199.0)	(20.0, 384.0)	(21.0, 768.0)	(22.0, 650.0)	(23.0, 515.0)	(24.0, 606.0)	(25.0, 665.0)	(26.0, 781.0)	(27.0, 850.0)	(28.0, 994.0)	(29.0, 1810.0)	(30.0, 2570.0)	(31.0, 2589.0)	(32.0, 3044.0)	(33.0, 3292.0)	(34.0, 4079.0)	(35.0, 5598.0)	(36.0, 8038.0)	(37.0, 15011.0)	(38.0, 45611.0)	(39.0, 559812.0)	(40.0, 66809.0)										
122023-BEL-CBC-T4-540-MCAV_S8_R1_16S	(16.0, 2.0)	(17.0, 31.0)	(18.0, 116.0)	(19.0, 238.0)	(20.0, 347.0)	(21.0, 537.0)	(22.0, 481.0)	(23.0, 519.0)	(24.0, 609.0)	(25.0, 744.0)	(26.0, 944.0)	(27.0, 1126.0)	(28.0, 1415.0)	(29.0, 2594.0)	(30.0, 2942.0)	(31.0, 3394.0)	(32.0, 3939.0)	(33.0, 4355.0)	(34.0, 5864.0)	(35.0, 7874.0)	(36.0, 11877.0)	(37.0, 20015.0)	(38.0, 47521.0)	(39.0, 932874.0)	(40.0, 18286.0)											
Negative_S96_R1_16S	(17.0, 7.0)	(18.0, 29.0)	(19.0, 51.0)	(20.0, 29.0)	(21.0, 61.0)	(22.0, 42.0)	(23.0, 37.0)	(24.0, 40.0)	(25.0, 57.0)	(26.0, 62.0)	(27.0, 63.0)	(28.0, 94.0)	(29.0, 114.0)	(30.0, 157.0)	(31.0, 140.0)	(32.0, 175.0)	(33.0, 248.0)	(34.0, 326.0)	(35.0, 614.0)	(36.0, 1936.0)	(37.0, 2634.0)	(38.0, 1777.0)	(39.0, 20436.0)	(40.0, 2285.0)												
Undetermined_S0_R1_16S	(5.0, 12.0)	(6.0, 57.0)	(7.0, 179.0)	(8.0, 512.0)	(9.0, 1316.0)	(10.0, 1431.0)	(11.0, 1514.0)	(12.0, 1674.0)	(13.0, 1747.0)	(14.0, 2176.0)	(15.0, 2539.0)	(16.0, 3720.0)	(17.0, 9222.0)	(18.0, 31362.0)	(19.0, 58596.0)	(20.0, 64762.0)	(21.0, 93574.0)	(22.0, 28374.0)	(23.0, 13124.0)	(24.0, 14388.0)	(25.0, 15293.0)	(26.0, 14125.0)	(27.0, 13830.0)	(28.0, 16300.0)	(29.0, 33690.0)	(30.0, 58072.0)	(31.0, 29010.0)	(32.0, 28130.0)	(33.0, 30345.0)	(34.0, 37079.0)	(35.0, 51410.0)	(36.0, 73134.0)	(37.0, 125792.0)	(38.0, 369043.0)	(39.0, 2935561.0)	(40.0, 146235.0)
