Sample	0	1	2	3	4	5	6	7	8	9	10	11	12	13	14	15
012024-BEL-CBC-T1-559-MCAV_S19_R1_16S	(1.0, 0.8008071950697223)	(2.0, 0.3143124686957847)	(3.0, 0.25217586980350026)	(4.0, 0.21312272704176075)	(5.0, 0.18365139625873794)	(6.0, 0.14372717968075144)	(7.0, 0.14634040112949237)	(8.0, 0.11498174374460116)	(9.0, 0.11171521693367499)	('>10', 1.8961825190002977)	('>50', 0.7468732079470968)	('>100', 2.2743011447361736)	('>500', 0.3588824122937551)	('>1k', 0.8956816515559556)	('>5k', 7.067602587089235)	('>10k+', 84.47964227901946)
012024-BEL-CBC-T2-591-PAST_S16_R1_16S	(1.0, 2.859860481611083)	(2.0, 1.6465055829904822)	(3.0, 1.1995178559348614)	(4.0, 0.9323091871813637)	(5.0, 0.8015235096480061)	(6.0, 0.7047667074603184)	(7.0, 0.6227694174707527)	(8.0, 0.576440948626648)	(9.0, 0.5248851525457083)	('>10', 10.18867576426599)	('>50', 6.323221017545371)	('>100', 18.232507415629915)	('>500', 7.3705314039371)	('>1k', 13.085742516209839)	('>5k', 19.32409633861601)	('>10k+', 15.606646700326554)
012024-BEL-CBC-T2-595-PAST_S86_R1_16S	(1.0, 1.6578140435419362)	(2.0, 0.7938305905220367)	(3.0, 0.47650047540565277)	(4.0, 0.29341245251207043)	(5.0, 0.19117286659081512)	(6.0, 0.14906430566772808)	(7.0, 0.11672493087879723)	(8.0, 0.10510296806402522)	(9.0, 0.07731131785478779)	('>10', 2.07266758575619)	('>50', 1.167501960153511)	('>100', 6.013102499816828)	('>500', 1.4671464796821982)	('>1k', 45.35993134620227)	('>5k', 36.21344661097669)	('>10k+', 3.845269566374461)
012024-BEL-CBC-T2-599-MCAV_S81_R1_16S	(1.0, 0.6616740654312858)	(2.0, 0.2946152183365841)	(3.0, 0.20005458310277396)	(4.0, 0.15790708019626548)	(5.0, 0.1372923609528841)	(6.0, 0.12719365233568108)	(7.0, 0.1226867906387475)	(8.0, 0.09748174929663747)	(9.0, 0.0976486701002276)	('>10', 2.0229966791106127)	('>50', 0.6957259093636728)	('>100', 2.3476576420934205)	('>500', 1.2361320109867273)	('>1k', 0.22492578283770373)	('>5k', 0.0)	('>10k+', 91.57600780521678)
012024-BEL-CBC-T4-665-MCAV_S24_R1_16S	(1.0, 1.1830954516415022)	(2.0, 0.5860259944534982)	(3.0, 0.44896320462710765)	(4.0, 0.3063270784674151)	(5.0, 0.25028408533810026)	(6.0, 0.1808238010360213)	(7.0, 0.14666131351152184)	(8.0, 0.1469709433078164)	(9.0, 0.12632895688817927)	('>10', 2.4009726504000932)	('>50', 1.6805673243547574)	('>100', 3.3701139128020565)	('>500', 1.7750044122245974)	('>1k', 4.329243811790496)	('>5k', 14.25225952343846)	('>10k+', 68.81635753571838)
012024-BEL-CBC-T4-669-MCAV_S23_R1_16S	(1.0, 1.173784041119974)	(2.0, 0.6446132754935542)	(3.0, 0.4978013772504771)	(4.0, 0.41025154772769473)	(5.0, 0.32752169979416307)	(6.0, 0.26644226096644585)	(7.0, 0.21460770485909456)	(8.0, 0.19279926357002602)	(9.0, 0.18276421993338945)	('>10', 2.618119179971001)	('>50', 1.0197816785388345)	('>100', 3.2891238300679935)	('>500', 2.120238786628897)	('>1k', 2.313196082382177)	('>5k', 11.796233302912137)	('>10k+', 72.93272174878413)
022024-BEL-CBC-T2-805-SSID_S12_R1_16S	(1.0, 1.20244040464123)	(2.0, 0.49898591851824314)	(3.0, 0.3296281150476474)	(4.0, 0.25197136613917903)	(5.0, 0.22305661920517494)	(6.0, 0.1858805160043124)	(7.0, 0.19372880445782784)	(8.0, 0.21479526293831658)	(9.0, 0.1319751663630618)	('>10', 5.010512575849577)	('>50', 3.5294579311085506)	('>100', 9.378911235857592)	('>500', 2.6415686663279514)	('>1k', 13.310903751068812)	('>5k', 9.016031161835839)	('>10k+', 53.88015250463669)
022024-BEL-CBC-T2-806-SSID_S55_R1_16S	(1.0, 2.0716238922017594)	(2.0, 1.21415785369925)	(3.0, 0.9343392745362897)	(4.0, 0.7766393217584204)	(5.0, 0.6918591243040226)	(6.0, 0.6272856060356472)	(7.0, 0.48583885173349145)	(8.0, 0.48320319792661903)	(9.0, 0.38546436925509836)	('>10', 7.0088623859256085)	('>50', 3.376052888786391)	('>100', 12.19099704587136)	('>500', 6.185879484729681)	('>1k', 13.361007698305494)	('>5k', 3.609747526329083)	('>10k+', 46.59704147860179)
022024-BEL-CBC-T2-809-MCAV_S69_R1_16S	(1.0, 0.7248451141963318)	(2.0, 0.2918074830071068)	(3.0, 0.20812095259515875)	(4.0, 0.18577533452704695)	(5.0, 0.1628455172937558)	(6.0, 0.15247598211182156)	(7.0, 0.12165947614860859)	(8.0, 0.1074926463930083)	(9.0, 0.11698588282717344)	('>10', 1.6218829323292896)	('>50', 0.5416986759125921)	('>100', 3.5587952644815672)	('>500', 0.9030258595760466)	('>1k', 0.20198686136077512)	('>5k', 1.434793149680589)	('>10k+', 89.66580886755912)
022024-BEL-CBC-T2-810-SSID_S57_R1_16S	(1.0, 2.432059797176711)	(2.0, 1.3012977984318173)	(3.0, 1.0302135313508254)	(4.0, 0.8081203968748323)	(5.0, 0.6217208018681952)	(6.0, 0.5850940979682677)	(7.0, 0.46541575974748567)	(8.0, 0.40872602059027313)	(9.0, 0.39472855413170216)	('>10', 6.166583848323453)	('>50', 3.0857414807919765)	('>100', 8.833801082004157)	('>500', 6.488058994655301)	('>1k', 17.883163147470306)	('>5k', 7.870075516331545)	('>10k+', 41.62519917228315)
022024-BEL-CBC-T2-811-PAST_S76_R1_16S	(1.0, 0.793210923908518)	(2.0, 0.4267347627664518)	(3.0, 0.3274378991684671)	(4.0, 0.25750926934878626)	(5.0, 0.2448845103160398)	(6.0, 0.1896399973855109)	(7.0, 0.16671844907073716)	(8.0, 0.14469227373700924)	(9.0, 0.14827376566119266)	('>10', 2.506507123139751)	('>50', 1.0883258584612299)	('>100', 2.21864470973351)	('>500', 0.650398933431705)	('>1k', 3.725646974131779)	('>5k', 2.8080687431559928)	('>10k+', 84.30330580658332)
022024-BEL-CBC-T2-812-PAST_S1_R1_16S	(1.0, 0.7493039428270828)	(2.0, 0.30665007249259035)	(3.0, 0.22389304456048958)	(4.0, 0.20443338166172692)	(5.0, 0.14968971460586697)	(6.0, 0.12189019617906312)	(7.0, 0.11077038880834156)	(8.0, 0.09409067775225925)	(9.0, 0.08468160997703332)	('>10', 1.5484331763729755)	('>50', 0.7478070456810241)	('>100', 2.0370631733364126)	('>500', 1.7265639367539571)	('>1k', 3.7604194733488154)	('>5k', 1.2411415765320744)	('>10k+', 86.89316858911029)
022024-BEL-CBC-T2-813-MCAV_S79_R1_16S	(1.0, 0.7646323519705276)	(2.0, 0.30768074720726407)	(3.0, 0.21720432946413792)	(4.0, 0.1645025777147749)	(5.0, 0.12033058925432606)	(6.0, 0.10357569707967307)	(7.0, 0.11799505882998049)	(8.0, 0.1177919692278635)	(9.0, 0.10144325625744449)	('>10', 1.2764181493053828)	('>50', 0.4067884730403631)	('>100', 2.435450508587136)	('>500', 3.1218933637426165)	('>1k', 13.63838068536648)	('>5k', 2.0158673906134017)	('>10k+', 75.09004485233862)
022024-BEL-CBC-T2-815-OFAV_S66_R1_16S	(1.0, 0.5995989721744768)	(2.0, 0.251128082479624)	(3.0, 0.16257884818509857)	(4.0, 0.1468322176061645)	(5.0, 0.11963349206073291)	(6.0, 0.12024699714822384)	(7.0, 0.09949007502144712)	(8.0, 0.11533895644829635)	(9.0, 0.11963349206073291)	('>10', 2.093688361910741)	('>50', 0.9958210078457076)	('>100', 2.178965569071982)	('>500', 0.7740389187177334)	('>1k', 0.506243948027939)	('>5k', 0.0)	('>10k+', 91.7167610612411)
022024-BEL-CBC-T3-844-OFAV_S48_R1_16S	(1.0, 0.7783534026796599)	(2.0, 0.3987381475214858)	(3.0, 0.28645575925312183)	(4.0, 0.23955298947013437)	(5.0, 0.18638359617619676)	(6.0, 0.15970199298008958)	(7.0, 0.14878385511049608)	(8.0, 0.14988212933406464)	(9.0, 0.13431247710582775)	('>10', 3.0432532691424354)	('>50', 1.1022150899002057)	('>100', 2.4154280394577627)	('>500', 1.3203194298277066)	('>1k', 6.342921267305086)	('>5k', 0.7504443165277995)	('>10k+', 82.54325423820794)
022024-BEL-CBC-T3-847-PAST_S17_R1_16S	(1.0, 2.86274643563681)	(2.0, 1.575823726038611)	(3.0, 1.1639607067330648)	(4.0, 0.8772767583054779)	(5.0, 0.6659731223139368)	(6.0, 0.5914455283443618)	(7.0, 0.4954294290197148)	(8.0, 0.41749096118425544)	(9.0, 0.3637696977965755)	('>10', 6.147929599563408)	('>50', 4.102257998499216)	('>100', 13.491882120199195)	('>500', 3.510300839074971)	('>1k', 27.66031107169657)	('>5k', 24.003683743775156)	('>10k+', 12.069718261818679)
022024-BEL-CBC-T3-848-MCAV_S7_R1_16S	(1.0, 0.3609696866412458)	(2.0, 0.1186545384828409)	(3.0, 0.08691391687791578)	(4.0, 0.06646358349487677)	(5.0, 0.05272351575314743)	(6.0, 0.05112583345759751)	(7.0, 0.05368212513047739)	(8.0, 0.03578808342031826)	(9.0, 0.04409603135717785)	('>10', 0.9341115821315212)	('>50', 0.622350510193213)	('>100', 1.184628166073749)	('>500', 0.6776303176192403)	('>1k', 1.4351447500159769)	('>5k', 0.0)	('>10k+', 94.2757173593507)
022024-BEL-CBC-T3-854-PAST_S62_R1_16S	(1.0, 1.9241066164602547)	(2.0, 1.0952368986200325)	(3.0, 0.7979417432939453)	(4.0, 0.608507899197999)	(5.0, 0.5180435736501389)	(6.0, 0.4581206229667273)	(7.0, 0.4045765670334853)	(8.0, 0.39742447291965877)	(9.0, 0.3305427279633349)	('>10', 6.220775480301779)	('>50', 2.922113695100429)	('>100', 12.82989034100025)	('>500', 7.056603992414915)	('>1k', 17.396985682280782)	('>5k', 3.5099385113206054)	('>10k+', 43.52919117547566)
022024-BEL-CBC-T4-870-MCAV_S5_R1_16S	(1.0, 0.4080248715441849)	(2.0, 0.14939242407053566)	(3.0, 0.09827778068121416)	(4.0, 0.06577345633139624)	(5.0, 0.05608589299576424)	(6.0, 0.04665326553738571)	(7.0, 0.035691022815486334)	(8.0, 0.05098717545069477)	(9.0, 0.02638586329573454)	('>10', 0.9349773298271153)	('>50', 0.5798516528130262)	('>100', 1.208396058181466)	('>500', 0.7442852936415169)	('>1k', 2.97000297000297)	('>5k', 0.8610459254236078)	('>10k+', 91.7641690173879)
022024-BEL-CBC-T4-873-MCAV_S51_R1_16S	(1.0, 0.8234580284062062)	(2.0, 0.38422144741101616)	(3.0, 0.27861361863367884)	(4.0, 0.21086186248339372)	(5.0, 0.2060856290211021)	(6.0, 0.16876024900097117)	(7.0, 0.14983221268744504)	(8.0, 0.1330269468016041)	(9.0, 0.11462960309499928)	('>10', 1.9393276832260449)	('>50', 0.6704416600772335)	('>100', 1.7054691411093952)	('>500', 1.0214063707878485)	('>1k', 2.1312615093959124)	('>5k', 1.6239193771791565)	('>10k+', 88.438684660684)
042024-BEL-CBC-T1-928-OANN_S21_R1_16S	(1.0, 1.4004959648311313)	(2.0, 0.7408303234244265)	(3.0, 0.6025636070532234)	(4.0, 0.4782607069431336)	(5.0, 0.3540824837639467)	(6.0, 0.31418586587505126)	(7.0, 0.2836400178038657)	(8.0, 0.1925011813139203)	(9.0, 0.21880801373441072)	('>10', 2.8708110109678295)	('>50', 1.257366848154719)	('>100', 4.171191400284014)	('>500', 1.6851333980822194)	('>1k', 5.33841682739601)	('>5k', 20.701980991755114)	('>10k+', 59.389731358616984)
042024-BEL-CBC-T2-1027-PAST_S73_R1_16S	(1.0, 0.827257914236131)	(2.0, 0.4004256841194212)	(3.0, 0.2834950255896211)	(4.0, 0.2179643997368177)	(5.0, 0.2031272769022207)	(6.0, 0.15102071456643368)	(7.0, 0.13291589205993137)	(8.0, 0.12364269028830827)	(9.0, 0.1136629588578948)	('>10', 1.6273144366088343)	('>50', 0.6418821950110174)	('>100', 1.6552223581310526)	('>500', 0.45111918713762755)	('>1k', 4.809877284629889)	('>5k', 6.496716844991808)	('>10k+', 81.86435513713299)
042024-BEL-CBC-T2-1034-SSID_S44_R1_16S	(1.0, 5.926488921432775)	(2.0, 3.081422023663319)	(3.0, 1.7956037946583743)	(4.0, 0.925955963795956)	(5.0, 0.6615626317911547)	(6.0, 0.49634576437711153)	(7.0, 0.30656650152703946)	(8.0, 0.27435732260620915)	(9.0, 0.2648567734281225)	('>10', 10.210773159326527)	('>50', 7.511458589191619)	('>100', 7.519337093388081)	('>500', 16.17989869170486)	('>1k', 44.84537276910885)	('>5k', 0.0)	('>10k+', 0.0)
042024-BEL-CBC-T3-944-SSID_S70_R1_16S	(1.0, 1.6563498588644125)	(2.0, 0.9646508680408145)	(3.0, 0.7561056932625619)	(4.0, 0.6357832041402534)	(5.0, 0.5544982179431689)	(6.0, 0.4926802093321377)	(7.0, 0.44577307716999853)	(8.0, 0.3893395517210672)	(9.0, 0.34295015832451453)	('>10', 6.713415025607359)	('>50', 3.487591872743953)	('>100', 9.539958042450438)	('>500', 4.77106627263295)	('>1k', 17.52742462241312)	('>5k', 8.628323624005683)	('>10k+', 43.09408970134757)
042024-BEL-CBC-T3-946-OFAV_S13_R1_16S	(1.0, 0.6229127205662446)	(2.0, 0.22866613498155716)	(3.0, 0.15607865616588576)	(4.0, 0.1140215332469345)	(5.0, 0.10358513607815771)	(6.0, 0.0841142458379025)	(7.0, 0.055608862526168874)	(8.0, 0.06106071179344033)	(9.0, 0.06588949257302364)	('>10', 1.5905380819459674)	('>50', 0.6624775695344433)	('>100', 1.8394539427773902)	('>500', 0.7922315820955039)	('>1k', 2.912066344332569)	('>5k', 2.2762249526467953)	('>10k+', 88.43507003289801)
042024-BEL-CBC-T3-955-OFAV_S30_R1_16S	(1.0, 1.4570873148145769)	(2.0, 0.6676818855336447)	(3.0, 0.35014778881735564)	(4.0, 0.2177670149740503)	(5.0, 0.12775836078961086)	(6.0, 0.063172978400491)	(7.0, 0.051231744678446975)	(8.0, 0.03287049282627174)	(9.0, 0.019645255478201472)	('>10', 0.5116754449714567)	('>50', 0.42051118752359357)	('>100', 0.3299889318887437)	('>500', 0.23792587190266226)	('>1k', 82.64669099425537)	('>5k', 12.865844733145526)	('>10k+', 0.0)
042024-BEL-CBC-T4-1041-MCAV_S39_R1_16S	(1.0, 1.8703791548674897)	(2.0, 0.7793446126276348)	(3.0, 0.45711328647203414)	(4.0, 0.26018083286615784)	(5.0, 0.18447443950915426)	(6.0, 0.13440280592809808)	(7.0, 0.10816910316673135)	(8.0, 0.09103933378373846)	(9.0, 0.0840915951528742)	('>10', 2.1055241709431196)	('>50', 2.318628085155318)	('>100', 2.2371718391382887)	('>500', 0.73334579134743)	('>1k', 73.08505948701732)	('>5k', 15.551075462024619)	('>10k+', 0.0)
042024-BEL-CBC-T4-1042-OFAV_S34_R1_16S	(1.0, 2.1289976150969685)	(2.0, 0.9147772074865638)	(3.0, 0.565991186017599)	(4.0, 0.3395947116105594)	(5.0, 0.29206596457959433)	(6.0, 0.2800930741061451)	(7.0, 0.20148318715925637)	(8.0, 0.19059874127430257)	(9.0, 0.1491169086238674)	('>10', 2.2662625715349973)	('>50', 0.413125190477803)	('>100', 7.852160199693301)	('>500', 2.0876367207341437)	('>1k', 70.68927567640785)	('>5k', 11.628821045197057)	('>10k+', 0.0)
042024-BEL-CBC-T4-1044-PSTR_S6_R1_16S	(1.0, 0.5268549272364526)	(2.0, 0.19443119703584136)	(3.0, 0.13206647345830735)	(4.0, 0.11400610101956446)	(5.0, 0.08818541229854925)	(6.0, 0.09820327513566443)	(7.0, 0.08889089559693764)	(8.0, 0.08352922252918585)	(9.0, 0.08254154591144208)	('>10', 2.12689104798133)	('>50', 1.1162156747101168)	('>100', 2.475681990704552)	('>500', 1.7392985238467464)	('>1k', 1.6688912906675846)	('>5k', 0.9713094052211407)	('>10k+', 88.49300301664658)
042024-BEL-CBC-T4-1045-MCAV_S54_R1_16S	(1.0, 0.6203688163850778)	(2.0, 0.3071658756098945)	(3.0, 0.23182330234709023)	(4.0, 0.18787346794378768)	(5.0, 0.14005991183470032)	(6.0, 0.1311250553900729)	(7.0, 0.0997323165305711)	(8.0, 0.11204792946776027)	(9.0, 0.1108405164347025)	('>10', 1.7296191698552434)	('>50', 0.5234135498305396)	('>100', 1.1886981310453661)	('>500', 0.5168935194520277)	('>1k', 0.1640874311925498)	('>5k', 0.0)	('>10k+', 93.93625100668062)
052022-BEL-CBC-T1-1-PAST_S74_R1_16S	(1.0, 0.5913410770855333)	(2.0, 0.2446387143120714)	(3.0, 0.17523543335832584)	(4.0, 0.14414527582700998)	(5.0, 0.134645505470219)	(6.0, 0.11541043326018773)	(7.0, 0.11101384532646628)	(8.0, 0.10551811040931448)	(9.0, 0.07631220484959352)	('>10', 1.3264348775039942)	('>50', 0.42262201512897307)	('>100', 1.9772084021935834)	('>500', 0.9844431446595195)	('>1k', 1.8417777917351996)	('>5k', 1.93167231288004)	('>10k+', 89.81758085599996)
052022-BEL-CBC-T2-12-MCAV_S18_R1_16S	(1.0, 1.5796787977637732)	(2.0, 0.8126930894666944)	(3.0, 0.6726646962881027)	(4.0, 0.5699772079571355)	(5.0, 0.5367755071846014)	(6.0, 0.47556812777634916)	(7.0, 0.3933124553054028)	(8.0, 0.3762272299741784)	(9.0, 0.34795734682302876)	('>10', 5.570928344212688)	('>50', 3.2553519028009203)	('>100', 13.499705852306153)	('>500', 6.065519197100092)	('>1k', 12.038038404768363)	('>5k', 12.38361791095251)	('>10k+', 41.42198392932001)
052022-BEL-CBC-T2-3-SSID_S25_R1_16S	(1.0, 3.6020235975768595)	(2.0, 1.6389879357346826)	(3.0, 1.0602483204438775)	(4.0, 0.7844842032955638)	(5.0, 0.664521834644402)	(6.0, 0.5833854608263964)	(7.0, 0.5075586247633522)	(8.0, 0.5163525466700072)	(9.0, 0.45545878554279234)	('>10', 14.873674482195625)	('>50', 14.632422360454564)	('>100', 38.498960492061414)	('>500', 11.221376199001474)	('>1k', 10.96054515678899)	('>5k', 0.0)	('>10k+', 0.0)
052022-BEL-CBC-T2-5-PAST_S40_R1_16S	(1.0, 4.121541482398226)	(2.0, 1.8790121992792583)	(3.0, 1.222710052574255)	(4.0, 0.9113239485856575)	(5.0, 0.7573146724065168)	(6.0, 0.654148594837928)	(7.0, 0.5876004519692817)	(8.0, 0.5789153708680481)	(9.0, 0.5728615971253824)	('>10', 21.248466122257494)	('>50', 16.877829090753885)	('>100', 37.110799630139546)	('>500', 8.158619959948073)	('>1k', 5.318856826856448)	('>5k', 0.0)	('>10k+', 0.0)
052022-BEL-CBC-T3-1-MCAV_S83_R1_16S	(1.0, 1.0319435226734543)	(2.0, 0.592872541115386)	(3.0, 0.4269537629111737)	(4.0, 0.3258185458387254)	(5.0, 0.2518480738374202)	(6.0, 0.19363790582782778)	(7.0, 0.1516236281011764)	(8.0, 0.12164737151392371)	(9.0, 0.10121441457994435)	('>10', 1.0281420423136445)	('>50', 1.0954995224390298)	('>100', 0.9924239664329284)	('>500', 0.023798851002561246)	('>1k', 7.885022642567393)	('>5k', 32.043945112959406)	('>10k+', 53.73360809588601)
052022-BEL-CBC-T3-15-PSTR_S94_R1_16S	(1.0, 3.536715430584821)	(2.0, 2.172138933987357)	(3.0, 1.3692182804241944)	(4.0, 0.9279249715016064)	(5.0, 0.6255613319976511)	(6.0, 0.4948357456216104)	(7.0, 0.42542488514283744)	(8.0, 0.3903416352896473)	(9.0, 0.2953469895333172)	('>10', 5.508178175411931)	('>50', 2.373354865453038)	('>100', 2.4159945075822997)	('>500', 1.8215223323776297)	('>1k', 56.87167518739853)	('>5k', 20.77176672769353)	('>10k+', 0.0)
062019-BEL-CBC-T1-5-SSID_S91_R1_16S	(1.0, 2.586002972398458)	(2.0, 1.2759126421555274)	(3.0, 0.7742592251208454)	(4.0, 0.5236772255874239)	(5.0, 0.3548280266830676)	(6.0, 0.28190474947509925)	(7.0, 0.2632252970359216)	(8.0, 0.23426806727213106)	(9.0, 0.20555554649225985)	('>10', 3.8151761986253883)	('>50', 3.055273233894478)	('>100', 12.090010489858443)	('>500', 6.513663733965444)	('>1k', 45.43674843753314)	('>5k', 21.703321353469075)	('>10k+', 0.8861728004332982)
062019-BEL-CBC-T2-17-SSID_S4_R1_16S	(1.0, 0.6892650801987799)	(2.0, 0.2922440844140977)	(3.0, 0.19352753424104077)	(4.0, 0.15676134297604138)	(5.0, 0.14881553607261658)	(6.0, 0.13979233162296473)	(7.0, 0.13292392226576705)	(8.0, 0.13575209082461315)	(9.0, 0.13575209082461315)	('>10', 2.8586050395270224)	('>50', 1.6323919572273173)	('>100', 3.674329656714207)	('>500', 1.580272850928582)	('>1k', 7.131025009090541)	('>5k', 4.108655542537002)	('>10k+', 76.9898859305348)
062019-BEL-CBC-T2-21-PAST_S29_R1_16S	(1.0, 1.2567871733461644)	(2.0, 0.6110933904239809)	(3.0, 0.46278024966345715)	(4.0, 0.3953815684430003)	(5.0, 0.3297849909984916)	(6.0, 0.2924814428363672)	(7.0, 0.25040231966798043)	(8.0, 0.22274002670717796)	(9.0, 0.197870994599095)	('>10', 3.413184551645591)	('>50', 1.775252429686416)	('>100', 8.901491601295353)	('>500', 4.12528585871146)	('>1k', 18.947499310695306)	('>5k', 20.319801336079742)	('>10k+', 38.49816275520042)
062019-BEL-CBC-T2-23-MCAV_S64_R1_16S	(1.0, 0.8261837747408638)	(2.0, 0.3902019962245809)	(3.0, 0.3543694258876191)	(4.0, 0.33232730848791076)	(5.0, 0.2995467236370624)	(6.0, 0.2773915697378683)	(7.0, 0.25636678083353115)	(8.0, 0.20436999107011655)	(9.0, 0.21363898402794262)	('>10', 3.47666361468118)	('>50', 1.1989781500446495)	('>100', 4.298665038941074)	('>500', 1.6811918568505768)	('>1k', 0.3668034408310443)	('>5k', 0.8307052347202911)	('>10k+', 84.9925961092837)
062019-BEL-CBC-T3-5-SSID_S37_R1_16S	(1.0, 5.9826615418102795)	(2.0, 3.613317302195608)	(3.0, 2.610375932039618)	(4.0, 1.993982062280159)	(5.0, 1.5469685812406462)	(6.0, 1.2619341899977403)	(7.0, 1.0739098247828354)	(8.0, 0.9080255624066719)	(9.0, 0.7914088131200295)	('>10', 11.081516035975273)	('>50', 5.291626524062572)	('>100', 10.315770455707966)	('>500', 2.692280696516457)	('>1k', 45.87878408161167)	('>5k', 4.957438396252469)	('>10k+', 0.0)
062024-BEL-CBC-T1-1350-PSTR_S41_R1_16S	(1.0, 2.4547215700948115)	(2.0, 1.2777539726126603)	(3.0, 0.7864958327549684)	(4.0, 0.4581857245454052)	(5.0, 0.3029626366198543)	(6.0, 0.22812724430738032)	(7.0, 0.1698280596510498)	(8.0, 0.1139429199080249)	(9.0, 0.09994145941085233)	('>10', 2.424183901941496)	('>50', 1.585544699059126)	('>100', 2.765529852682909)	('>500', 1.9536865483382317)	('>1k', 66.16112542773858)	('>5k', 19.217970150334647)	('>10k+', 0.0)
062024-BEL-CBC-T3-1424-PAST_S67_R1_16S	(1.0, 1.9275382050973617)	(2.0, 1.0598684219222771)	(3.0, 0.7360123937719182)	(4.0, 0.6069987270475302)	(5.0, 0.49635893294065236)	(6.0, 0.45445592848201405)	(7.0, 0.41916223072032194)	(8.0, 0.37435113131502734)	(9.0, 0.366419963278692)	('>10', 6.838517453196194)	('>50', 2.8882670265654475)	('>100', 11.566551091923559)	('>500', 8.135131241003082)	('>1k', 17.6122161137541)	('>5k', 3.625469095542816)	('>10k+', 42.89268204343901)
062024-BEL-CBC-T3-1427-MCAV_S84_R1_16S	(1.0, 1.3697181744780653)	(2.0, 0.7671794928129274)	(3.0, 0.5033971757029161)	(4.0, 0.3312040337685307)	(5.0, 0.22416690925668586)	(6.0, 0.17837232166887287)	(7.0, 0.13745242031604443)	(8.0, 0.10326095911854687)	(9.0, 0.09021602412351769)	('>10', 1.3860586719981545)	('>50', 1.1153419420749962)	('>100', 0.8229980830811313)	('>500', 0.06652916847464888)	('>1k', 31.226828075995673)	('>5k', 48.071340689761236)	('>10k+', 13.605935857368054)
062024-BEL-CBC-T3-1436-MCAV_S47_R1_16S	(1.0, 0.9302889123835478)	(2.0, 0.4325304024391661)	(3.0, 0.3191695947392618)	(4.0, 0.21842287398693117)	(5.0, 0.20746853532193307)	(6.0, 0.16929432482269738)	(7.0, 0.15103709371436727)	(8.0, 0.13145206397997677)	(9.0, 0.1239831967083872)	('>10', 2.491780096630545)	('>50', 0.5253103314351346)	('>100', 1.7966775158879404)	('>500', 0.6419906357001898)	('>1k', 5.318165447028304)	('>5k', 7.848119754158084)	('>10k+', 78.69430922106353)
062024-BEL-CBC-T4-1473-PSTR_S90_R1_16S	(1.0, 2.0981853658536584)	(2.0, 1.2350439024390245)	(3.0, 0.7490341463414634)	(4.0, 0.5095024390243902)	(5.0, 0.35004878048780486)	(6.0, 0.2964292682926829)	(7.0, 0.23765853658536587)	(8.0, 0.2154146341463415)	(9.0, 0.18193170731707317)	('>10', 2.330536585365854)	('>50', 1.2145170731707315)	('>100', 3.710439024390244)	('>500', 0.2877658536585366)	('>1k', 37.95824390243902)	('>5k', 39.43157073170732)	('>10k+', 9.193678048780487)
082024-BEL-CBC-T1-1481-PSTR_S15_R1_16S	(1.0, 2.314862160148432)	(2.0, 1.388625107744452)	(3.0, 1.051878040584961)	(4.0, 0.7954827681923768)	(5.0, 0.6601630410962906)	(6.0, 0.5303218454615846)	(7.0, 0.4052287104267411)	(8.0, 0.3666963724817017)	(9.0, 0.30570205554500435)	('>10', 4.176101915294598)	('>50', 2.196708498298003)	('>100', 6.7997706321494835)	('>500', 2.9622419611681687)	('>1k', 15.930839018831538)	('>5k', 36.67402007333928)	('>10k+', 23.441357799237387)
082024-BEL-CBC-T2-1508-SSID_S14_R1_16S	(1.0, 1.3357585848292168)	(2.0, 0.5856095075425931)	(3.0, 0.4290294253119532)	(4.0, 0.3977134088658252)	(5.0, 0.34578101492599633)	(6.0, 0.32412077021742447)	(7.0, 0.333385091749404)	(8.0, 0.3131601644612797)	(9.0, 0.3041568097330179)	('>10', 5.922119676766517)	('>50', 2.986765068549455)	('>100', 8.80893445949208)	('>500', 4.486932739720844)	('>1k', 14.134614506361718)	('>5k', 7.508536876566617)	('>10k+', 51.78338189490606)
082024-BEL-CBC-T2-1511-SSID_S80_R1_16S	(1.0, 1.9385352262009703)	(2.0, 1.1872545816561153)	(3.0, 0.9237284478773047)	(4.0, 0.7212294187630608)	(5.0, 0.6071888696424058)	(6.0, 0.47249773459990263)	(7.0, 0.4843641160624573)	(8.0, 0.4068473644304445)	(9.0, 0.3564537704271281)	('>10', 6.042762123743242)	('>50', 2.679182360084575)	('>100', 7.055103160464299)	('>500', 5.185454590286211)	('>1k', 15.546038477897708)	('>5k', 19.5571836299415)	('>10k+', 36.83617612792268)
082024-BEL-CBC-T2-1512-PAST_S63_R1_16S	(1.0, 0.858682354790181)	(2.0, 0.4621727580459016)	(3.0, 0.33564131131863745)	(4.0, 0.2573250053442887)	(5.0, 0.21343857197941135)	(6.0, 0.1818057102975953)	(7.0, 0.16968532961108895)	(8.0, 0.1395841643896556)	(9.0, 0.16002898236085036)	('>10', 2.8438275629444)	('>50', 1.1898617677242254)	('>100', 2.966762852764679)	('>500', 1.9652331541692443)	('>1k', 8.234067193525851)	('>5k', 7.13337679799521)	('>10k+', 72.88850648273878)
082024-BEL-CBC-T3-1553-MCAV_S42_R1_16S	(1.0, 1.1364643126800829)	(2.0, 0.6380173725849555)	(3.0, 0.44211628709591677)	(4.0, 0.2832400439537771)	(5.0, 0.2145457382422985)	(6.0, 0.14400019041347492)	(7.0, 0.10783485333534326)	(8.0, 0.08039680052469492)	(9.0, 0.06307446356953861)	('>10', 0.9611913536414594)	('>50', 0.24509123317849016)	('>100', 0.24257883316209342)	('>500', 0.30254585460608874)	('>1k', 29.419741381476207)	('>5k', 51.79253129590915)	('>10k+', 13.926629985626427)
082024-BEL-CBC-T3-1556-OFAV_S77_R1_16S	(1.0, 0.6823086766362993)	(2.0, 0.3067285471456674)	(3.0, 0.2266086059703203)	(4.0, 0.18793330659485477)	(5.0, 0.1523138333428828)	(6.0, 0.1541282301037071)	(7.0, 0.12901315915124428)	(8.0, 0.1023701751370347)	(9.0, 0.11258809373746635)	('>10', 1.8029374128612083)	('>50', 0.6797303233446017)	('>100', 2.2269332874959415)	('>500', 0.1068584197559159)	('>1k', 0.13980404514983097)	('>5k', 0.0)	('>10k+', 92.98974388357303)
082024-BEL-CBC-T3-1557-PAST_S27_R1_16S	(1.0, 2.1620422801057004)	(2.0, 1.3335220838052095)	(3.0, 0.9997168742921857)	(4.0, 0.7818044545111362)	(5.0, 0.6148546621366553)	(6.0, 0.5096262740656852)	(7.0, 0.4313892034730087)	(8.0, 0.4137410343525859)	(9.0, 0.35334088335220837)	('>10', 5.409871649679125)	('>50', 1.9834843337108343)	('>100', 7.717818044545112)	('>500', 4.631181577953945)	('>1k', 11.109569648924122)	('>5k', 15.180728576821442)	('>10k+', 46.367308418271044)
092023-BEL-CBC-T1-173-SSID_S75_R1_16S	(1.0, 1.8805200233174584)	(2.0, 0.9449345021392669)	(3.0, 0.6772511796214212)	(4.0, 0.5425158657706309)	(5.0, 0.445107733257075)	(6.0, 0.40461839659477117)	(7.0, 0.3743716934854101)	(8.0, 0.3651601975384683)	(9.0, 0.3285204412719014)	('>10', 7.827778022195581)	('>50', 5.137265038110845)	('>100', 16.439083139937747)	('>500', 8.362594727174738)	('>1k', 32.3768959183449)	('>5k', 14.96084426797479)	('>10k+', 8.932538853264994)
092023-BEL-CBC-T1-174-MCAV_S95_R1_16S	(1.0, 1.6481891039331262)	(2.0, 0.85632745784806)	(3.0, 0.5434111985420443)	(4.0, 0.3989761405307237)	(5.0, 0.29622633748762095)	(6.0, 0.21973745408294024)	(7.0, 0.19434662515542986)	(8.0, 0.16832300298362013)	(9.0, 0.15661632796408265)	('>10', 2.5997519450482347)	('>50', 0.8859896411745909)	('>100', 4.787159992279923)	('>500', 3.0061634061994753)	('>1k', 43.21732651182216)	('>5k', 37.23260530470577)	('>10k+', 3.7888495502422015)
092023-BEL-CBC-T2-175-PAST_S56_R1_16S	(1.0, 1.3110525445704582)	(2.0, 0.696240492614741)	(3.0, 0.4988175114867385)	(4.0, 0.34265525028998634)	(5.0, 0.2985254074496093)	(6.0, 0.2401865749640335)	(7.0, 0.2371808271544722)	(8.0, 0.18799586299801485)	(9.0, 0.16231038171630932)	('>10', 3.3381561923186744)	('>50', 2.0833931067272737)	('>100', 6.038137474707315)	('>500', 2.244337239439237)	('>1k', 21.03914166772551)	('>5k', 19.985490435573844)	('>10k+', 41.29637903026378)
092023-BEL-CBC-T2-179-SSID_S33_R1_16S	(1.0, 11.084269403978537)	(2.0, 6.530397555506752)	(3.0, 4.644428718999862)	(4.0, 3.5528659622752006)	(5.0, 3.0407044999173056)	(6.0, 2.5345078613666496)	(7.0, 2.285069774882127)	(8.0, 2.238435697843716)	(9.0, 2.0936531563407432)	('>10', 34.77194038429733)	('>50', 10.783045801712989)	('>100', 16.440681182878787)	('>500', 0.0)	('>1k', 0.0)	('>5k', 0.0)	('>10k+', 0.0)
092023-BEL-CBC-T2-183-MCAV_S11_R1_16S	(1.0, 2.386610341293679)	(2.0, 1.0991287985559002)	(3.0, 0.7661047196456205)	(4.0, 0.5644982144757205)	(5.0, 0.4974827187757258)	(6.0, 0.40881319103896424)	(7.0, 0.3515046752175204)	(8.0, 0.3389976049893877)	(9.0, 0.2923294324963552)	('>10', 4.969413679748066)	('>50', 2.41125113637)	('>100', 15.051605665142795)	('>500', 14.599111064650353)	('>1k', 31.758624744958436)	('>5k', 10.958620264813879)	('>10k+', 13.545903747827598)
092023-BEL-CBC-T3-174-OFAV_S3_R1_16S	(1.0, 0.8586128233752367)	(2.0, 0.3397563461631801)	(3.0, 0.24389651992428288)	(4.0, 0.1849245255545309)	(5.0, 0.16684463427656168)	(6.0, 0.15143425714701741)	(7.0, 0.12570984808037666)	(8.0, 0.10580983351939038)	(9.0, 0.11685191476969374)	('>10', 1.8718147842547204)	('>50', 0.9964568266757269)	('>100', 3.2813182546231134)	('>500', 2.9087996893656265)	('>1k', 10.320463039363199)	('>5k', 5.645537057710042)	('>10k+', 72.6817696451973)
092023-BEL-CBC-T3-175-MCAV_S78_R1_16S	(1.0, 2.214166873616412)	(2.0, 1.226563607469802)	(3.0, 0.9061734263736756)	(4.0, 0.7324422237167606)	(5.0, 0.6602851536561891)	(6.0, 0.5825857384801824)	(7.0, 0.5394193967157341)	(8.0, 0.45958831034148306)	(9.0, 0.4489299543502613)	('>10', 9.15179737186258)	('>50', 5.257660426909791)	('>100', 15.287919499568869)	('>500', 10.25280554575579)	('>1k', 16.581843916903193)	('>5k', 3.3585545563938943)	('>10k+', 32.33926399788538)
092023-BEL-CBC-T3-177-SSID_S89_R1_16S	(1.0, 5.449581542695153)	(2.0, 3.4313881907864086)	(3.0, 2.3744277084213494)	(4.0, 1.6863376274613164)	(5.0, 1.2151024987459684)	(6.0, 0.8760991125412108)	(7.0, 0.7076185139755933)	(8.0, 0.5840660750274739)	(9.0, 0.5479448557895422)	('>10', 12.129071454919314)	('>50', 6.2806248588017715)	('>100', 8.262058807387108)	('>500', 6.0918500063180225)	('>1k', 47.507954964625455)	('>5k', 2.855873782504311)	('>10k+', 0.0)
092023-BEL-CBC-T3-182-MCAV_S87_R1_16S	(1.0, 4.148251823794742)	(2.0, 2.591634494593006)	(3.0, 2.0589672228767792)	(4.0, 1.6099830784186415)	(5.0, 1.3198468686946132)	(6.0, 1.1608014201483303)	(7.0, 0.9677628700390052)	(8.0, 0.8908312861888048)	(9.0, 0.7763202303071439)	('>10', 11.57847230829189)	('>50', 6.510334047036956)	('>100', 16.78058477556589)	('>500', 1.1248968632869922)	('>1k', 37.19010150238541)	('>5k', 11.291211208371793)	('>10k+', 0.0)
092023-BEL-CBC-T4-95-OFAV_S58_R1_16S	(1.0, 0.7570636878221548)	(2.0, 0.33401321822723967)	(3.0, 0.2270894602030168)	(4.0, 0.16206558517534705)	(5.0, 0.14427789899756505)	(6.0, 0.13518641495114317)	(7.0, 0.12520554659583213)	(8.0, 0.11146950004743382)	(9.0, 0.10227919552224646)	('>10', 1.643977484742118)	('>50', 0.6833436106631249)	('>100', 3.6553695095341996)	('>500', 1.4379367865161432)	('>1k', 11.871304114094173)	('>5k', 7.1987754166271385)	('>10k+', 71.41064257028113)
092023-BEL-CBC-T4-96-MCAV_S36_R1_16S	(1.0, 5.042079222062882)	(2.0, 2.3036445805504293)	(3.0, 1.6471744359441685)	(4.0, 1.4161624587444606)	(5.0, 1.3312231827089536)	(6.0, 1.2763745022196575)	(7.0, 1.1998148857033486)	(8.0, 1.1899116517261146)	(9.0, 1.1209699074999857)	('>10', 28.454657471894812)	('>50', 14.48824086188607)	('>100', 13.702838228768513)	('>500', 16.840639825093653)	('>1k', 9.98626878519695)	('>5k', 0.0)	('>10k+', 0.0)
112023-BEL-CBC-T1-274-PAST_S2_R1_16S	(1.0, 1.0825896478987507)	(2.0, 0.49423981827032293)	(3.0, 0.36508194061333765)	(4.0, 0.2570176861917897)	(5.0, 0.2717832224565958)	(6.0, 0.23657309751744282)	(7.0, 0.21807561252636704)	(8.0, 0.17264319325004057)	(9.0, 0.20006490345610903)	('>10', 4.304072691870842)	('>50', 2.696738601330521)	('>100', 8.794742820055168)	('>500', 4.581697225377251)	('>1k', 16.755638487749472)	('>5k', 11.139217913353885)	('>10k+', 48.4298231380821)
112023-BEL-CBC-T1-275-SSID_S85_R1_16S	(1.0, 5.977299017096216)	(2.0, 3.8627022358655836)	(3.0, 2.6714935528403077)	(4.0, 1.9425382768642843)	(5.0, 1.5538963755842494)	(6.0, 1.2598978388646376)	(7.0, 1.0697161370292725)	(8.0, 0.9415112956743731)	(9.0, 0.8074891316750981)	('>10', 11.366265345985264)	('>50', 4.175607071179417)	('>100', 17.61093746154414)	('>500', 9.998411423431728)	('>1k', 36.182180645767566)	('>5k', 0.5800541905978641)	('>10k+', 0.0)
112023-BEL-CBC-T2-305-PAST_S68_R1_16S	(1.0, 1.3418032272804652)	(2.0, 0.6802196916074581)	(3.0, 0.4843608604886615)	(4.0, 0.3906424993952209)	(5.0, 0.3574916450887457)	(6.0, 0.28921880459811306)	(7.0, 0.27721281952495724)	(8.0, 0.24083647669136554)	(9.0, 0.22739694116171347)	('>10', 3.181586044386306)	('>50', 1.3125946367293546)	('>100', 5.257187911585776)	('>500', 4.908297569236007)	('>1k', 13.588983164741828)	('>5k', 4.015016441031798)	('>10k+', 63.44715126645223)
112023-BEL-CBC-T2-306-MCAV_S53_R1_16S	(1.0, 0.7917156412742263)	(2.0, 0.3936271523803804)	(3.0, 0.3016549842566298)	(4.0, 0.2367940149454773)	(5.0, 0.20333399109448597)	(6.0, 0.16781488885266438)	(7.0, 0.14413548735811663)	(8.0, 0.12079926559537395)	(9.0, 0.11119023310483282)	('>10', 1.687243151419477)	('>50', 0.7211922063882906)	('>100', 2.7308527158386027)	('>500', 0.906166081831207)	('>1k', 3.472120936537488)	('>5k', 1.5520303370882915)	('>10k+', 86.45932891203445)
112023-BEL-CBC-T2-313-SSID_S32_R1_16S	(1.0, 5.432616125309879)	(2.0, 3.0993435255274155)	(3.0, 1.8509929935567222)	(4.0, 1.2196401261049366)	(5.0, 0.8495795581910236)	(6.0, 0.6393586537028141)	(7.0, 0.5246550610372186)	(8.0, 0.3920074647055251)	(9.0, 0.38759047918771633)	('>10', 8.161208928936224)	('>50', 4.262391024685428)	('>100', 6.437756392206229)	('>500', 5.541798486078213)	('>1k', 58.01448219126652)	('>5k', 3.186578989504138)	('>10k+', 0.0)
112023-BEL-CBC-T2-314-SSID_S93_R1_16S	(1.0, 3.147051897934911)	(2.0, 1.570601318933155)	(3.0, 0.9136094284073064)	(4.0, 0.6173219087785395)	(5.0, 0.46156661182360437)	(6.0, 0.3518554902804795)	(7.0, 0.29711241527946713)	(8.0, 0.25136820192245685)	(9.0, 0.23082080116865214)	('>10', 4.972395991907024)	('>50', 2.3357295302144276)	('>100', 11.127767337431816)	('>500', 8.901898909787912)	('>1k', 51.58522446910466)	('>5k', 13.23567568702559)	('>10k+', 0.0)
112023-BEL-CBC-T3-353-MCAV_S35_R1_16S	(1.0, 1.3703624517537443)	(2.0, 0.8518347643107115)	(3.0, 0.6249789010543847)	(4.0, 0.4469600639157393)	(5.0, 0.350336270306563)	(6.0, 0.26624056173832805)	(7.0, 0.21609071233791322)	(8.0, 0.17194234080142234)	(9.0, 0.1431352470545872)	('>10', 1.8280876665878971)	('>50', 0.32636786808751655)	('>100', 0.2467732679172246)	('>500', 0.0)	('>1k', 5.103994358610808)	('>5k', 34.21993916001816)	('>10k+', 53.832956365505005)
112023-BEL-CBC-T3-354-PSTR_S26_R1_16S	(1.0, 0.7926524413882345)	(2.0, 0.42296185589887414)	(3.0, 0.3743693670811622)	(4.0, 0.31414676402097164)	(5.0, 0.28406888235938926)	(6.0, 0.24583655278066674)	(7.0, 0.20305912108419402)	(8.0, 0.17913049522897956)	(9.0, 0.16061588807284996)	('>10', 2.037208344807488)	('>50', 0.7748730713393881)	('>100', 2.2093875073857907)	('>500', 0.4869943239695318)	('>1k', 0.7216018009298745)	('>5k', 7.58577543452513)	('>10k+', 83.20731814912747)
112023-BEL-CBC-T3-357-OFAV_S10_R1_16S	(1.0, 0.6636551644150691)	(2.0, 0.2732343323306708)	(3.0, 0.19882542374668435)	(4.0, 0.169905362110803)	(5.0, 0.12878464947228419)	(6.0, 0.12562151773085967)	(7.0, 0.10016583847844325)	(8.0, 0.0976052080210996)	(9.0, 0.0976052080210996)	('>10', 1.9621960569303463)	('>50', 1.0162690409233934)	('>100', 1.956321669410558)	('>500', 0.8068998447052941)	('>1k', 1.756893744379793)	('>5k', 2.011149286261916)	('>10k+', 88.63486765306169)
112023-BEL-CBC-T3-359-PAST_S38_R1_16S	(1.0, 7.0062439832926575)	(2.0, 4.242694476524797)	(3.0, 2.99437048894659)	(4.0, 2.1925629952212966)	(5.0, 1.7788183541282292)	(6.0, 1.402887389296524)	(7.0, 1.1216481721026452)	(8.0, 1.0260110825582842)	(9.0, 0.9032741916932806)	('>10', 18.274877066162905)	('>50', 14.245357189561533)	('>100', 24.265508727869154)	('>500', 12.415805486449312)	('>1k', 8.129940396192794)	('>5k', 0.0)	('>10k+', 0.0)
112023-BEL-CBC-T4-397-PSTR_S20_R1_16S	(1.0, 0.7341562111744311)	(2.0, 0.33340094390668085)	(3.0, 0.2742663316493767)	(4.0, 0.23843075662145036)	(5.0, 0.2205721037197445)	(6.0, 0.17101729864812365)	(7.0, 0.16102354917663922)	(8.0, 0.14996537668452334)	(9.0, 0.12347307039325109)	('>10', 2.287267667500268)	('>50', 1.031248503155127)	('>100', 2.4042950651574726)	('>500', 0.3623769039127599)	('>1k', 0.8528393779748406)	('>5k', 2.9431887866582853)	('>10k+', 87.71247805366703)
112023-BEL-CBC-T4-398-PSTR_S59_R1_16S	(1.0, 0.673060948529094)	(2.0, 0.26374739158454735)	(3.0, 0.17818467064133703)	(4.0, 0.14069773173591912)	(5.0, 0.12688355132759144)	(6.0, 0.12012859967418008)	(7.0, 0.1107568649478256)	(8.0, 0.10807922645458146)	(9.0, 0.10899205775909651)	('>10', 1.9846169668563125)	('>50', 0.7955629095950132)	('>100', 2.634370289410122)	('>500', 2.3262592964261435)	('>1k', 3.8542780447640297)	('>5k', 0.0)	('>10k+', 86.5743814502942)
122022-BEL-CBC-T1-150-PAST_S31_R1_16S	(1.0, 5.401478129139807)	(2.0, 2.8938244373031115)	(3.0, 2.0622183346327176)	(4.0, 1.5770091337225147)	(5.0, 1.3191922265112475)	(6.0, 1.3158645344083364)	(7.0, 1.2489937692926911)	(8.0, 1.1814891580622056)	(9.0, 1.206526079598395)	('>10', 30.599555040027383)	('>50', 17.984115816362102)	('>100', 27.750892138406634)	('>500', 4.939087388363853)	('>1k', 0.5197538141689961)	('>5k', 0.0)	('>10k+', 0.0)
122022-BEL-CBC-T1-156-SSID_S22_R1_16S	(1.0, 4.434665050580393)	(2.0, 2.7709663885133557)	(3.0, 2.107314344319612)	(4.0, 1.7065871054962471)	(5.0, 1.4833807281711808)	(6.0, 1.253088434105636)	(7.0, 1.1219057386602025)	(8.0, 1.0360356160551956)	(9.0, 0.9733811943499139)	('>10', 18.63530837723183)	('>50', 9.838515686914363)	('>100', 21.949559461097383)	('>500', 8.941214861778006)	('>1k', 23.74807701272668)	('>5k', 0.0)	('>10k+', 0.0)
122022-BEL-CBC-T1-158-PAST_S60_R1_16S	(1.0, 1.6482411754133168)	(2.0, 0.8983759775055673)	(3.0, 0.6488778677812337)	(4.0, 0.5331156190690888)	(5.0, 0.4287772764798528)	(6.0, 0.3692206458924203)	(7.0, 0.282551278106617)	(8.0, 0.32047864643467505)	(9.0, 0.23441855364209357)	('>10', 4.32722332060964)	('>50', 1.9339911472343485)	('>100', 6.854039036248816)	('>500', 5.543945482073607)	('>1k', 17.85876396382125)	('>5k', 11.854511224368562)	('>10k+', 46.26346878531891)
122022-BEL-CBC-T2-87-OFAV_S88_R1_16S	(1.0, 3.2527467833657244)	(2.0, 2.001914351227146)	(3.0, 1.45032491549479)	(4.0, 1.0674546700656433)	(5.0, 0.816899877100981)	(6.0, 0.6447830045994909)	(7.0, 0.5680924635525777)	(8.0, 0.49703236729138717)	(9.0, 0.43684485406469575)	('>10', 8.576235251632344)	('>50', 5.909151802616021)	('>100', 14.067277990591332)	('>500', 3.790551337036483)	('>1k', 48.61869657144744)	('>5k', 8.301993759913952)	('>10k+', 0.0)
122022-BEL-CBC-T2-92-MCAV_S28_R1_16S	(1.0, 1.0738537910363883)	(2.0, 0.48705099985950456)	(3.0, 0.3812110710438814)	(4.0, 0.3072167845267644)	(5.0, 0.2739661874209713)	(6.0, 0.2444621364679436)	(7.0, 0.2196412682058727)	(8.0, 0.19856694609656722)	(9.0, 0.20231349224933262)	('>10', 2.441499242885465)	('>50', 0.720585710048549)	('>100', 0.3982266348210244)	('>500', 0.0)	('>1k', 12.330976131378884)	('>5k', 21.65971994567508)	('>10k+', 59.06070965828377)
122022-BEL-CBC-T3-116-PAST_S50_R1_16S	(1.0, 1.1233894899679207)	(2.0, 0.5614636265866277)	(3.0, 0.4002970641800382)	(4.0, 0.3309615449802625)	(5.0, 0.2719493141946756)	(6.0, 0.20985550477798767)	(7.0, 0.21247484661442365)	(8.0, 0.16640524607946158)	(9.0, 0.15531156300749746)	('>10', 2.2665010831748886)	('>50', 1.361595518152039)	('>100', 6.171477524506254)	('>500', 2.9301190413825196)	('>1k', 7.118292558912079)	('>5k', 5.556702587601577)	('>10k+', 71.16320348588174)
122022-BEL-CBC-T3-151-PSTR_S43_R1_16S	(1.0, 3.3449785232153815)	(2.0, 1.4632031090202495)	(3.0, 0.7893638780936798)	(4.0, 0.4679893638780937)	(5.0, 0.3411740642258131)	(6.0, 0.2238494579668644)	(7.0, 0.22221313151973818)	(8.0, 0.2225403968091634)	(9.0, 0.22237676416445082)	('>10', 6.487216199631826)	('>50', 3.3975046021681323)	('>100', 21.686070771118835)	('>500', 23.087093475148293)	('>1k', 38.044426263039476)	('>5k', 0.0)	('>10k+', 0.0)
122022-BEL-CBC-T4-1-OFAV_S92_R1_16S	(1.0, 1.776903565909644)	(2.0, 0.7429668480344883)	(3.0, 0.43989446609449384)	(4.0, 0.2782303834203228)	(5.0, 0.2178452177878901)	(6.0, 0.1620462672667814)	(7.0, 0.17300222558827763)	(8.0, 0.1386056122533476)	(9.0, 0.12726746933924107)	('>10', 2.898997529813583)	('>50', 0.4814251918248168)	('>100', 7.549674442424529)	('>500', 6.8813609848132575)	('>1k', 67.44831908846427)	('>5k', 10.68346070696506)	('>10k+', 0.0)
122022-BEL-CBC-T4-11-MCAV_S9_R1_16S	(1.0, 0.8920851665552182)	(2.0, 0.31986438772163706)	(3.0, 0.1865520663409814)	(4.0, 0.14651577813081643)	(5.0, 0.12245141340874921)	(6.0, 0.11883111075144705)	(7.0, 0.11329417727557317)	(8.0, 0.09199827929144289)	(9.0, 0.07474860192429734)	('>10', 2.1370433627074754)	('>50', 1.4300195496343493)	('>100', 4.228726462708753)	('>500', 1.3689003224198955)	('>1k', 4.183153241022715)	('>5k', 3.496360531034512)	('>10k+', 81.08945554907214)
122023-BEL-CBC-T1-506-PAST_S52_R1_16S	(1.0, 1.666602144709845)	(2.0, 0.9152439575187435)	(3.0, 0.6552204715264605)	(4.0, 0.44971803904868823)	(5.0, 0.36616210496431933)	(6.0, 0.29809144051720804)	(7.0, 0.24502213103118992)	(8.0, 0.24905475333255908)	(9.0, 0.22937555650187758)	('>10', 3.775502303433859)	('>50', 1.1557495515724001)	('>100', 4.542023150478108)	('>500', 4.1116616984759915)	('>1k', 10.261572012956009)	('>5k', 4.306518008078148)	('>10k+', 66.77248267585459)
122023-BEL-CBC-T1-510-PSTR_S65_R1_16S	(1.0, 1.042989764648001)	(2.0, 0.5125715075840647)	(3.0, 0.38491097526858553)	(4.0, 0.3247786842282969)	(5.0, 0.2813676719799602)	(6.0, 0.2295960203356475)	(7.0, 0.22509413758396818)	(8.0, 0.18650657114100216)	(9.0, 0.15772667783562339)	('>10', 2.8509780340278024)	('>50', 0.974175271158045)	('>100', 2.039513668037597)	('>500', 1.0880085921647946)	('>1k', 0.17171467067119858)	('>5k', 1.1365646132721934)	('>10k+', 88.39350314006322)
122023-BEL-CBC-T2-512-OFAV_S45_R1_16S	(1.0, 0.9327321486814607)	(2.0, 0.406494243848226)	(3.0, 0.27451951534772473)	(4.0, 0.22408523695050794)	(5.0, 0.1879960377381283)	(6.0, 0.2029451202570638)	(7.0, 0.15537985769681448)	(8.0, 0.1425447868472234)	(9.0, 0.14405479518246941)	('>10', 1.9628598349862894)	('>50', 0.568518138220123)	('>100', 8.19058721204141)	('>500', 4.678005822592141)	('>1k', 2.9005750111740616)	('>5k', 1.1824875273311508)	('>10k+', 77.8462147111052)
122023-BEL-CBC-T3-523-MCAV_S49_R1_16S	(1.0, 0.8450284161516411)	(2.0, 0.41607063627510005)	(3.0, 0.29714071103894313)	(4.0, 0.24816956535346674)	(5.0, 0.22276348225348275)	(6.0, 0.18778409247814248)	(7.0, 0.17397643861945553)	(8.0, 0.10898841445790229)	(9.0, 0.12592580319122496)	('>10', 1.8130370026713207)	('>50', 0.6942488360147797)	('>100', 1.1088466558782863)	('>500', 0.10696329189196156)	('>1k', 0.0)	('>5k', 1.6073950112026096)	('>10k+', 92.04366164252168)
122023-BEL-CBC-T3-528-PAST_S82_R1_16S	(1.0, 0.7868238392465239)	(2.0, 0.36174739802257155)	(3.0, 0.27368190035486584)	(4.0, 0.19789163573059954)	(5.0, 0.19575276936696995)	(6.0, 0.15734616901136017)	(7.0, 0.13800337754897074)	(8.0, 0.10787326007871027)	(9.0, 0.11800962675852013)	('>10', 2.230372646317058)	('>50', 1.2692776955295832)	('>100', 3.3119880669855744)	('>500', 2.0338759234323036)	('>1k', 8.94325122566342)	('>5k', 8.182372765349621)	('>10k+', 71.69173170060334)
122023-BEL-CBC-T3-529-MCAV_S71_R1_16S	(1.0, 0.8473185165986306)	(2.0, 0.4403982807404048)	(3.0, 0.3349964362081254)	(4.0, 0.2807836022376293)	(5.0, 0.2197671655975291)	(6.0, 0.19568457202099399)	(7.0, 0.18294131622713233)	(8.0, 0.1650143631611914)	(9.0, 0.14870731549277522)	('>10', 2.1868722866584593)	('>50', 0.837599084213482)	('>100', 3.2703730102162036)	('>500', 1.5126676602086437)	('>1k', 0.7240977126935787)	('>5k', 0.0)	('>10k+', 88.65277867772522)
122023-BEL-CBC-T3-533-OFAV_S61_R1_16S	(1.0, 1.0211944186526358)	(2.0, 0.48391880738677395)	(3.0, 0.35350897554936556)	(4.0, 0.2817755080986279)	(5.0, 0.21842437841741463)	(6.0, 0.2040776849272671)	(7.0, 0.15571804394924174)	(8.0, 0.13024863303414835)	(9.0, 0.1160631383472609)	('>10', 2.3201343753223975)	('>50', 0.8458101207056639)	('>100', 2.6630042298565977)	('>500', 2.277739090064995)	('>1k', 12.29044155576189)	('>5k', 2.905608428763025)	('>10k+', 73.7323326111627)
122023-BEL-CBC-T4-535-MCAV_S72_R1_16S	(1.0, 1.0248166200717912)	(2.0, 0.5986516805278527)	(3.0, 0.4541308860423765)	(4.0, 0.35291220226415915)	(5.0, 0.30446796591041336)	(6.0, 0.2700969155365267)	(7.0, 0.2481752219909769)	(8.0, 0.25187394394722196)	(9.0, 0.19973098563723116)	('>10', 3.8436036016530584)	('>50', 1.3190003346892307)	('>100', 3.1320957950944117)	('>500', 1.9540077456650529)	('>1k', 1.468663254821194)	('>5k', 0.0)	('>10k+', 84.5777728461485)
122023-BEL-CBC-T4-537-PSTR_S46_R1_16S	(1.0, 0.8181905983967328)	(2.0, 0.3791547663396664)	(3.0, 0.31582433047725483)	(4.0, 0.2803648053865364)	(5.0, 0.2531837686438456)	(6.0, 0.21606854588352167)	(7.0, 0.21731031913572582)	(8.0, 0.2317976737447742)	(9.0, 0.18999130758723456)	('>10', 2.6684327441809126)	('>50', 0.7948728562164548)	('>100', 3.372380203374864)	('>500', 1.7881534831739723)	('>1k', 0.9374008306083309)	('>5k', 0.8151551526691228)	('>10k+', 86.72171861418106)
122023-BEL-CBC-T4-540-MCAV_S8_R1_16S	(1.0, 0.47331010139953067)	(2.0, 0.18284854451061347)	(3.0, 0.13783823237673165)	(4.0, 0.13138145163403342)	(5.0, 0.11790643095361973)	(6.0, 0.11622205336856802)	(7.0, 0.09236003758033545)	(8.0, 0.09582236928294174)	(9.0, 0.10527359906573189)	('>10', 1.7957336587301291)	('>50', 0.9042300335752599)	('>100', 1.84233477191656)	('>500', 0.9159271001381191)	('>1k', 2.2575338466318065)	('>5k', 1.4412657536092468)	('>10k+', 89.39001201522677)
Negative_S96_R1_16S	(1.0, 16.21251671229388)	(2.0, 5.978226268542688)	(3.0, 3.858152416120201)	(4.0, 3.272426306742217)	(5.0, 2.7376329025275354)	(6.0, 2.8458649009995547)	(7.0, 2.451136435983956)	(8.0, 2.5975679633284523)	(9.0, 2.9795632520532247)	('>10', 38.18361240211371)	('>50', 14.353472973833323)	('>100', 4.529827465461259)	('>500', 0.0)	('>1k', 0.0)	('>5k', 0.0)	('>10k+', 0.0)
Undetermined_S0_R1_16S	(1.0, 5.684057849234983)	(2.0, 1.405513285841472)	(3.0, 0.8884238524893093)	(4.0, 0.6212907947301836)	(5.0, 0.4971991040941199)	(6.0, 0.42694021320609526)	(7.0, 0.3824924871614099)	(8.0, 0.34221089781050235)	(9.0, 0.29224377245258254)	('>10', 6.850881390462832)	('>50', 7.045391477329123)	('>100', 19.768776968119464)	('>500', 3.6328026802423823)	('>1k', 33.52408405928129)	('>5k', 5.129380729111036)	('>10k+', 13.508310438433208)
