Sample	0	1	2	3	4	5	6	7	8	9	10	11	12	13	14	15	16	17	18	19	20	21	22	23	24	25	26	27	28	29	30	31	32	33	34	35	36	37	38	39	40	41	42	43	44	45	46	47	48	49	50	51	52	53	54	55	56	57
012024-BEL-CBC-T1-559-MCAV_S19_R1_16S	(1, 0.0)	(2, 0.0068234115606013316)	(3, 0.0025406319640536874)	(4, 0.00029035793874899286)	(5, 0.0)	(6, 0.0)	(7, 0.0)	(8, 0.0)	(9, 0.0)	(10, 0.0)	(15, 0.0)	(20, 0.0)	(25, 0.0)	(30, 0.0)	(35, 0.0)	(40, 0.0)	(45, 0.0)	(50, 0.0)	(55, 0.0)	(60, 0.0)	(65, 0.0)	(70, 0.0)	(75, 0.0)	(80, 1.451789693744964e-05)	(85, 0.0)	(90, 0.0)	(95, 1.451789693744964e-05)	(100, 0.0)	(105, 0.0)	(110, 0.0)	(115, 2.903579387489928e-05)	(120, 2.903579387489928e-05)	(125, 0.0)	(130, 0.0)	(135, 0.0)	(140, 0.0)	(145, 0.0)	(150, 0.00023228635099919423)	(155, 0.0)	(160, 0.0)	(165, 1.8750589789563084)	(170, 0.0)	(175, 0.0)	(180, 0.0003193937326238921)	(185, 0.0)	(190, 0.0)	(195, 0.0)	(200, 0.0)	(205, 0.0)	(210, 1.451789693744964e-05)	(215, 0.0)	(220, 0.0)	(225, 0.0)	(230, 0.00010162527856214749)	(235, 0.00013066107243704677)	(240, 0.0003048758356864425)	(245, 0.0)	(250, 0.0)
012024-BEL-CBC-T2-591-PAST_S16_R1_16S	(1, 0.0)	(2, 0.005944803524243524)	(3, 0.0027674085371478473)	(4, 0.0002049932249739146)	(5, 0.0)	(6, 0.0)	(7, 0.0)	(8, 0.0)	(9, 0.0)	(10, 0.0)	(15, 0.0)	(20, 0.0)	(25, 0.0)	(30, 0.0)	(35, 0.0)	(40, 0.0)	(45, 0.0)	(50, 0.0)	(55, 0.0)	(60, 0.0)	(65, 0.0)	(70, 0.0)	(75, 0.0)	(80, 2.0499322497391464e-05)	(85, 0.0)	(90, 0.0)	(95, 0.0)	(100, 0.0)	(105, 0.0)	(110, 0.0)	(115, 6.149796749217439e-05)	(120, 6.149796749217439e-05)	(125, 0.0)	(130, 0.0)	(135, 0.0)	(140, 0.0)	(145, 0.0)	(150, 0.00014349525748174021)	(155, 0.0)	(160, 0.0)	(165, 1.8703991833069917)	(170, 0.0)	(175, 0.0)	(180, 0.00022549254747130607)	(185, 0.0)	(190, 0.0)	(195, 0.0)	(200, 0.0)	(205, 0.0)	(210, 2.0499322497391464e-05)	(215, 0.0)	(220, 0.0)	(225, 0.0)	(230, 2.0499322497391464e-05)	(235, 6.149796749217439e-05)	(240, 0.0001639945799791317)	(245, 0.0)	(250, 0.0)
012024-BEL-CBC-T2-595-PAST_S86_R1_16S	(1, 0.00016843424369234811)	(2, 0.0064005012603092284)	(3, 0.002610730777231396)	(4, 0.00016843424369234811)	(5, 0.0)	(6, 0.0)	(7, 0.0)	(8, 0.0)	(9, 0.0)	(10, 0.0)	(15, 0.0)	(20, 0.0)	(25, 0.0)	(30, 0.0)	(35, 0.0)	(40, 0.0)	(45, 0.0)	(50, 1.6843424369234812e-05)	(55, 0.0)	(60, 0.0)	(65, 1.6843424369234812e-05)	(70, 0.0)	(75, 0.0)	(80, 1.6843424369234812e-05)	(85, 0.0)	(90, 0.0)	(95, 0.0)	(100, 0.0)	(105, 0.0)	(110, 0.0)	(115, 0.00010106054621540887)	(120, 8.421712184617406e-05)	(125, 1.6843424369234812e-05)	(130, 1.6843424369234812e-05)	(135, 1.6843424369234812e-05)	(140, 0.0)	(145, 0.0)	(150, 0.00018527766806158294)	(155, 0.0)	(160, 0.0)	(165, 1.8825053246275285)	(170, 0.0)	(175, 0.0)	(180, 0.000353711911753931)	(185, 0.0)	(190, 0.0)	(195, 0.0)	(200, 0.0)	(205, 0.0)	(210, 6.737369747693925e-05)	(215, 0.0)	(220, 0.0)	(225, 0.0)	(230, 0.00010106054621540887)	(235, 0.00010106054621540887)	(240, 0.00032002506301546143)	(245, 0.0)	(250, 0.0)
012024-BEL-CBC-T2-599-MCAV_S81_R1_16S	(1, 0.0)	(2, 0.005341465714884244)	(3, 0.0020030496430815917)	(4, 0.00016692080359013262)	(5, 0.0)	(6, 0.0)	(7, 0.0)	(8, 0.0)	(9, 0.0)	(10, 0.0)	(15, 0.0)	(20, 0.0)	(25, 0.0)	(30, 0.0)	(35, 0.0)	(40, 0.0)	(45, 0.0)	(50, 0.0)	(55, 0.0)	(60, 0.0)	(65, 0.0)	(70, 0.0)	(75, 0.0)	(80, 0.0)	(85, 0.0)	(90, 0.0)	(95, 0.0)	(100, 0.0)	(105, 0.0)	(110, 0.0)	(115, 0.0)	(120, 0.0)	(125, 0.0)	(130, 0.0)	(135, 0.0)	(140, 0.0)	(145, 0.0)	(150, 3.3384160718026524e-05)	(155, 0.0)	(160, 0.0)	(165, 1.8682110179414826)	(170, 0.0)	(175, 0.0)	(180, 0.00016692080359013262)	(185, 0.0)	(190, 0.0)	(195, 0.0)	(200, 0.0)	(205, 0.0)	(210, 0.0)	(215, 0.0)	(220, 0.0)	(225, 0.0)	(230, 0.0)	(235, 0.0)	(240, 5.0076241077039794e-05)	(245, 0.0)	(250, 0.0)
012024-BEL-CBC-T4-665-MCAV_S24_R1_16S	(1, 0.0)	(2, 0.0055733363333020265)	(3, 0.002889878098749199)	(4, 0.00010320993209818568)	(5, 0.0)	(6, 0.0)	(7, 0.0)	(8, 0.0)	(9, 0.0)	(10, 0.0)	(15, 0.0)	(20, 0.0)	(25, 0.0)	(30, 0.0)	(35, 0.0)	(40, 0.0)	(45, 0.0)	(50, 0.0)	(55, 0.0)	(60, 0.0)	(65, 0.0)	(70, 0.0)	(75, 0.0)	(80, 0.0)	(85, 0.0)	(90, 0.0)	(95, 0.0)	(100, 0.0)	(105, 0.0)	(110, 0.0)	(115, 0.0)	(120, 2.0641986419637136e-05)	(125, 0.0)	(130, 0.0)	(135, 0.0)	(140, 0.0)	(145, 0.0)	(150, 0.00016513589135709708)	(155, 0.0)	(160, 0.0)	(165, 1.873755675256141)	(170, 0.0)	(175, 0.0)	(180, 0.00030962979629455705)	(185, 0.0)	(190, 0.0)	(195, 0.0)	(200, 0.0)	(205, 0.0)	(210, 0.0)	(215, 0.0)	(220, 0.0)	(225, 0.0)	(230, 2.0641986419637136e-05)	(235, 2.0641986419637136e-05)	(240, 0.00020641986419637137)	(245, 0.0)	(250, 0.0)
012024-BEL-CBC-T4-669-MCAV_S23_R1_16S	(1, 0.0)	(2, 0.008533737895722463)	(3, 0.0033186758483365135)	(4, 0.0)	(5, 0.0)	(6, 0.0)	(7, 0.0)	(8, 0.0)	(9, 0.0)	(10, 0.0)	(15, 0.0)	(20, 0.0)	(25, 0.0)	(30, 0.0)	(35, 0.0)	(40, 0.0)	(45, 0.0)	(50, 0.0)	(55, 0.0)	(60, 0.0)	(65, 0.0)	(70, 0.0)	(75, 0.0)	(80, 0.0)	(85, 0.0)	(90, 0.0)	(95, 0.0)	(100, 0.0)	(105, 0.0)	(110, 0.0)	(115, 1.580321832541197e-05)	(120, 1.580321832541197e-05)	(125, 0.0)	(130, 0.0)	(135, 0.0)	(140, 0.0)	(145, 0.0)	(150, 0.00023704827488117957)	(155, 0.0)	(160, 0.0)	(165, 1.859928174372711)	(170, 0.0)	(175, 0.0)	(180, 0.0004108836764607112)	(185, 0.0)	(190, 0.0)	(195, 0.0)	(200, 0.0)	(205, 0.0)	(210, 1.580321832541197e-05)	(215, 0.0)	(220, 0.0)	(225, 0.0)	(230, 3.160643665082394e-05)	(235, 0.00011062252827788378)	(240, 0.0002528514932065915)	(245, 0.0)	(250, 0.0)
022024-BEL-CBC-T2-805-SSID_S12_R1_16S	(1, 0.0)	(2, 0.007435220640172497)	(3, 0.0014457373467002077)	(4, 0.0)	(5, 0.0)	(6, 0.0)	(7, 0.0)	(8, 0.0)	(9, 0.0)	(10, 0.0)	(15, 0.0)	(20, 0.0)	(25, 0.0)	(30, 0.0)	(35, 0.0)	(40, 0.0)	(45, 0.0)	(50, 0.0)	(55, 0.0)	(60, 0.0)	(65, 0.0)	(70, 0.0)	(75, 0.0)	(80, 0.0)	(85, 0.0)	(90, 0.0)	(95, 0.0)	(100, 0.0)	(105, 0.0)	(110, 0.0)	(115, 0.0)	(120, 0.0)	(125, 0.0)	(130, 0.0)	(135, 0.0)	(140, 0.0)	(145, 0.0)	(150, 0.00012392034400287495)	(155, 0.0)	(160, 0.0)	(165, 1.8685948672193513)	(170, 0.0)	(175, 0.0)	(180, 0.00028914746934004156)	(185, 0.0)	(190, 0.0)	(195, 0.0)	(200, 0.0)	(205, 0.0)	(210, 8.26135626685833e-05)	(215, 0.0)	(220, 0.0)	(225, 0.0)	(230, 0.0)	(235, 0.0)	(240, 8.26135626685833e-05)	(245, 0.0)	(250, 0.0)
022024-BEL-CBC-T2-806-SSID_S55_R1_16S	(1, 0.0)	(2, 0.007028410151659913)	(3, 0.002416015989633095)	(4, 0.00021963781723937227)	(5, 0.0)	(6, 0.0)	(7, 0.0)	(8, 0.0)	(9, 0.0)	(10, 0.0)	(15, 0.0)	(20, 0.0)	(25, 0.0)	(30, 0.0)	(35, 0.0)	(40, 0.0)	(45, 0.0)	(50, 4.392756344787445e-05)	(55, 0.0)	(60, 0.0)	(65, 0.0)	(70, 0.0)	(75, 0.0)	(80, 4.392756344787445e-05)	(85, 0.0)	(90, 0.0)	(95, 4.392756344787445e-05)	(100, 0.0)	(105, 0.0)	(110, 0.0)	(115, 8.78551268957489e-05)	(120, 8.78551268957489e-05)	(125, 0.0)	(130, 0.0)	(135, 0.0)	(140, 0.0)	(145, 0.0)	(150, 0.0003074929441351212)	(155, 0.0)	(160, 0.0)	(165, 1.893849042928211)	(170, 0.0)	(175, 0.0)	(180, 0.0003514205075829956)	(185, 0.0)	(190, 0.0)	(195, 0.0)	(200, 0.0)	(205, 0.0)	(210, 0.0)	(215, 0.0)	(220, 0.0)	(225, 0.0)	(230, 4.392756344787445e-05)	(235, 0.0001757102537914978)	(240, 0.0002635653806872467)	(245, 0.0)	(250, 0.0)
022024-BEL-CBC-T2-809-MCAV_S69_R1_16S	(1, 0.0)	(2, 0.006134091234383626)	(3, 0.002920995825896965)	(4, 0.00014604979129484823)	(5, 0.0)	(6, 0.0)	(7, 0.0)	(8, 0.0)	(9, 0.0)	(10, 0.0)	(15, 0.0)	(20, 0.0)	(25, 0.0)	(30, 0.0)	(35, 0.0)	(40, 0.0)	(45, 0.0)	(50, 0.0)	(55, 0.0)	(60, 0.0)	(65, 0.0)	(70, 0.0)	(75, 0.0)	(80, 0.0)	(85, 0.0)	(90, 0.0)	(95, 0.0)	(100, 0.0)	(105, 0.0)	(110, 0.0)	(115, 2.920995825896965e-05)	(120, 2.920995825896965e-05)	(125, 0.0)	(130, 0.0)	(135, 0.0)	(140, 0.0)	(145, 0.0)	(150, 0.0002336796660717572)	(155, 0.0)	(160, 0.0)	(165, 1.8789889849247405)	(170, 0.0)	(175, 0.0)	(180, 0.00037972945736660545)	(185, 0.0)	(190, 0.0)	(195, 0.0)	(200, 0.0)	(205, 0.0)	(210, 0.0)	(215, 0.0)	(220, 0.0)	(225, 0.0)	(230, 0.0)	(235, 2.920995825896965e-05)	(240, 0.00014604979129484823)	(245, 0.0)	(250, 0.0)
022024-BEL-CBC-T2-810-SSID_S57_R1_16S	(1, 0.0)	(2, 0.0051324043681427)	(3, 0.0030327843993570498)	(4, 0.0)	(5, 0.0)	(6, 0.0)	(7, 0.0)	(8, 0.0)	(9, 0.0)	(10, 0.0)	(15, 0.0)	(20, 0.0)	(25, 0.0)	(30, 0.0)	(35, 0.0)	(40, 0.0)	(45, 0.0)	(50, 0.0)	(55, 0.0)	(60, 0.0)	(65, 0.0)	(70, 0.0)	(75, 0.0)	(80, 0.0)	(85, 0.0)	(90, 0.0)	(95, 0.0)	(100, 0.0)	(105, 0.0)	(110, 0.0)	(115, 0.0)	(120, 0.0)	(125, 0.0)	(130, 0.0)	(135, 0.0)	(140, 0.0)	(145, 0.0)	(150, 4.6658221528569997e-05)	(155, 0.0)	(160, 0.0)	(165, 1.8464991169931575)	(170, 0.0)	(175, 0.0)	(180, 0.00027994932917142)	(185, 0.0)	(190, 0.0)	(195, 0.0)	(200, 0.0)	(205, 0.0)	(210, 4.6658221528569997e-05)	(215, 0.0)	(220, 0.0)	(225, 0.0)	(230, 0.0)	(235, 0.0)	(240, 0.00013997466458571)	(245, 0.0)	(250, 0.0)
022024-BEL-CBC-T2-811-PAST_S76_R1_16S	(1, 0.0002686118943137548)	(2, 0.006625760059739285)	(3, 0.002775656241242133)	(4, 0.0)	(5, 0.0)	(6, 0.0)	(7, 0.0)	(8, 0.0)	(9, 0.0)	(10, 0.0)	(15, 0.0)	(20, 0.0)	(25, 0.0)	(30, 0.0)	(35, 0.0)	(40, 0.0)	(45, 0.0)	(50, 0.0)	(55, 0.0)	(60, 0.0)	(65, 0.0)	(70, 0.0)	(75, 0.0)	(80, 0.0)	(85, 0.0)	(90, 0.0)	(95, 0.0)	(100, 0.0)	(105, 0.0)	(110, 0.0)	(115, 1.7907459620916986e-05)	(120, 3.581491924183397e-05)	(125, 0.0)	(130, 0.0)	(135, 0.0)	(140, 0.0)	(145, 0.0)	(150, 0.0001253522173464189)	(155, 0.0)	(160, 0.0)	(165, 1.8570214701487124)	(170, 0.0)	(175, 0.0)	(180, 0.00017907459620916986)	(185, 0.0)	(190, 0.0)	(195, 0.0)	(200, 0.0)	(205, 0.0)	(210, 1.7907459620916986e-05)	(215, 0.0)	(220, 0.0)	(225, 0.0)	(230, 0.0)	(235, 1.7907459620916986e-05)	(240, 7.162983848366794e-05)	(245, 0.0)	(250, 0.0)
022024-BEL-CBC-T2-812-PAST_S1_R1_16S	(1, 0.0)	(2, 0.006201431033671632)	(3, 0.0006415273483108585)	(4, 0.0006415273483108585)	(5, 0.0)	(6, 0.0)	(7, 0.0)	(8, 0.0)	(9, 0.0)	(10, 0.0)	(15, 0.0)	(20, 0.0)	(25, 0.0)	(30, 0.0)	(35, 0.0)	(40, 0.0)	(45, 0.0)	(50, 0.0)	(55, 0.0)	(60, 0.0)	(65, 0.0)	(70, 0.0)	(75, 0.0)	(80, 0.0)	(85, 0.0)	(90, 0.0)	(95, 0.0)	(100, 0.0)	(105, 0.0)	(110, 0.0)	(115, 4.276848988739056e-05)	(120, 4.276848988739056e-05)	(125, 0.0)	(130, 0.0)	(135, 0.0)	(140, 0.0)	(145, 0.0)	(150, 0.0)	(155, 0.0)	(160, 0.0)	(165, 1.864748927580116)	(170, 0.0)	(175, 0.0)	(180, 4.276848988739056e-05)	(185, 0.0)	(190, 0.0)	(195, 0.0)	(200, 0.0)	(205, 0.0)	(210, 4.276848988739056e-05)	(215, 0.0)	(220, 0.0)	(225, 0.0)	(230, 0.0)	(235, 0.0)	(240, 0.0001283054696621717)	(245, 0.0)	(250, 0.0)
022024-BEL-CBC-T2-813-MCAV_S79_R1_16S	(1, 0.00010154480105850301)	(2, 0.005889598461393175)	(3, 0.002233985623287066)	(4, 0.00010154480105850301)	(5, 0.0)	(6, 0.0)	(7, 0.0)	(8, 0.0)	(9, 0.0)	(10, 0.0)	(15, 0.0)	(20, 0.0)	(25, 0.0)	(30, 0.0)	(35, 0.0)	(40, 0.0)	(45, 0.0)	(50, 0.0)	(55, 0.0)	(60, 0.0)	(65, 0.0)	(70, 0.0)	(75, 0.0)	(80, 0.0)	(85, 0.0)	(90, 0.0)	(95, 0.0)	(100, 0.0)	(105, 0.0)	(110, 0.0)	(115, 2.0308960211700603e-05)	(120, 2.0308960211700603e-05)	(125, 0.0)	(130, 0.0)	(135, 0.0)	(140, 0.0)	(145, 0.0)	(150, 0.00018278064190530542)	(155, 0.0)	(160, 0.0)	(165, 1.8466937520499358)	(170, 0.0)	(175, 0.0)	(180, 0.0002640164827521078)	(185, 0.0)	(190, 0.0)	(195, 0.0)	(200, 0.0)	(205, 0.0)	(210, 4.061792042340121e-05)	(215, 0.0)	(220, 0.0)	(225, 0.0)	(230, 0.0)	(235, 4.061792042340121e-05)	(240, 0.0002640164827521078)	(245, 0.0)	(250, 0.0)
022024-BEL-CBC-T2-815-OFAV_S66_R1_16S	(1, 0.00010225084791515633)	(2, 0.005317044091588129)	(3, 0.0025562711978789083)	(4, 0.000306752543745469)	(5, 0.0)	(6, 0.0)	(7, 0.0)	(8, 0.0)	(9, 0.0)	(10, 0.0)	(15, 0.0)	(20, 0.0)	(25, 0.0)	(30, 0.0)	(35, 0.0)	(40, 0.0)	(45, 0.0)	(50, 8.180067833212507e-05)	(55, 0.0)	(60, 0.0)	(65, 0.0)	(70, 0.0)	(75, 4.0900339166062536e-05)	(80, 0.00010225084791515633)	(85, 0.0)	(90, 0.0)	(95, 8.180067833212507e-05)	(100, 2.0450169583031268e-05)	(105, 0.0)	(110, 0.0)	(115, 0.00010225084791515633)	(120, 0.0001227010174981876)	(125, 0.0)	(130, 0.0)	(135, 0.0)	(140, 0.0)	(145, 0.0)	(150, 0.00018405152624728142)	(155, 0.0)	(160, 0.0)	(165, 1.8597588720504463)	(170, 0.0)	(175, 0.0)	(180, 0.0002658522045794065)	(185, 0.0)	(190, 0.0)	(195, 0.0)	(200, 0.0)	(205, 0.0)	(210, 0.0)	(215, 0.0)	(220, 0.0)	(225, 0.0)	(230, 2.0450169583031268e-05)	(235, 2.0450169583031268e-05)	(240, 4.0900339166062536e-05)	(245, 0.0)	(250, 0.0)
022024-BEL-CBC-T3-844-OFAV_S48_R1_16S	(1, 0.00019381309827680774)	(2, 0.006654249707503733)	(3, 0.003230218304613462)	(4, 0.00019381309827680774)	(5, 0.0)	(6, 0.0)	(7, 0.0)	(8, 0.0)	(9, 0.0)	(10, 0.0)	(15, 0.0)	(20, 0.0)	(25, 0.0)	(30, 0.0)	(35, 0.0)	(40, 0.0)	(45, 0.0)	(50, 0.0)	(55, 0.0)	(60, 0.0)	(65, 0.0)	(70, 0.0)	(75, 0.0)	(80, 1.2920873218453849e-05)	(85, 0.0)	(90, 0.0)	(95, 0.0)	(100, 0.0)	(105, 0.0)	(110, 0.0)	(115, 2.5841746436907698e-05)	(120, 2.5841746436907698e-05)	(125, 0.0)	(130, 0.0)	(135, 0.0)	(140, 0.0)	(145, 0.0)	(150, 0.00016797135183990004)	(155, 0.0)	(160, 0.0)	(165, 1.871872744903846)	(170, 0.0)	(175, 0.0)	(180, 0.0003359427036798001)	(185, 0.0)	(190, 0.0)	(195, 0.0)	(200, 0.0)	(205, 0.0)	(210, 3.876261965536155e-05)	(215, 0.0)	(220, 0.0)	(225, 0.0)	(230, 1.2920873218453849e-05)	(235, 3.876261965536155e-05)	(240, 0.000258417464369077)	(245, 0.0)	(250, 0.0)
022024-BEL-CBC-T3-847-PAST_S17_R1_16S	(1, 0.0)	(2, 0.0064806603451804355)	(3, 0.0035814175591786616)	(4, 0.0)	(5, 0.0)	(6, 0.0)	(7, 0.0)	(8, 0.0)	(9, 0.0)	(10, 0.0)	(15, 0.0)	(20, 0.0)	(25, 0.0)	(30, 0.0)	(35, 0.0)	(40, 0.0)	(45, 0.0)	(50, 0.0)	(55, 0.0)	(60, 0.0)	(65, 0.0)	(70, 0.0)	(75, 0.0)	(80, 0.0)	(85, 0.0)	(90, 0.0)	(95, 0.0)	(100, 0.0)	(105, 0.0)	(110, 0.0)	(115, 0.0)	(120, 0.0)	(125, 0.0)	(130, 0.0)	(135, 0.0)	(140, 0.0)	(145, 0.0)	(150, 0.00013643495463537759)	(155, 0.0)	(160, 0.0)	(165, 1.8683402687768607)	(170, 0.0)	(175, 0.0)	(180, 0.00034108738658844394)	(185, 0.0)	(190, 0.0)	(195, 0.0)	(200, 0.0)	(205, 0.0)	(210, 0.0)	(215, 0.0)	(220, 0.0)	(225, 0.0)	(230, 0.0)	(235, 0.0)	(240, 3.4108738658844396e-05)	(245, 0.0)	(250, 0.0)
022024-BEL-CBC-T3-848-MCAV_S7_R1_16S	(1, 0.00010651215303666148)	(2, 0.006177704876126367)	(3, 0.0010651215303666148)	(4, 0.00010651215303666148)	(5, 0.0)	(6, 0.0)	(7, 0.0)	(8, 0.0)	(9, 0.0)	(10, 0.0)	(15, 0.0)	(20, 0.0)	(25, 0.0)	(30, 0.0)	(35, 0.0)	(40, 0.0)	(45, 0.0)	(50, 0.0)	(55, 0.0)	(60, 0.0)	(65, 0.0)	(70, 0.0)	(75, 0.0)	(80, 0.0)	(85, 0.0)	(90, 0.0)	(95, 0.0)	(100, 0.0)	(105, 0.0)	(110, 0.0)	(115, 0.0)	(120, 0.0)	(125, 0.0)	(130, 0.0)	(135, 0.0)	(140, 0.0)	(145, 0.0)	(150, 0.00012781458364399378)	(155, 0.0)	(160, 0.0)	(165, 1.8736339816373047)	(170, 0.0)	(175, 0.0)	(180, 0.0005112583345759751)	(185, 0.0)	(190, 0.0)	(195, 0.0)	(200, 0.0)	(205, 0.0)	(210, 2.1302430607332296e-05)	(215, 0.0)	(220, 0.0)	(225, 0.0)	(230, 6.390729182199689e-05)	(235, 8.520972242932918e-05)	(240, 0.00027693159789531985)	(245, 0.0)	(250, 0.0)
022024-BEL-CBC-T3-854-PAST_S62_R1_16S	(1, 0.0)	(2, 0.0052190957046842346)	(3, 0.0015463987273138474)	(4, 0.0)	(5, 0.0)	(6, 0.0)	(7, 0.0)	(8, 0.0)	(9, 0.0)	(10, 0.0)	(15, 0.0)	(20, 0.0)	(25, 0.0)	(30, 0.0)	(35, 0.0)	(40, 0.0)	(45, 0.0)	(50, 0.0)	(55, 0.0)	(60, 0.0)	(65, 0.0)	(70, 0.0)	(75, 0.0)	(80, 0.0)	(85, 0.0)	(90, 0.0)	(95, 0.0)	(100, 0.0)	(105, 0.0)	(110, 0.0)	(115, 7.731993636569236e-05)	(120, 7.731993636569236e-05)	(125, 0.0)	(130, 0.0)	(135, 0.0)	(140, 0.0)	(145, 0.0)	(150, 0.0002319598090970771)	(155, 0.0)	(160, 0.0)	(165, 1.8548279534765943)	(170, 0.0)	(175, 0.0)	(180, 0.00038659968182846186)	(185, 0.0)	(190, 0.0)	(195, 0.0)	(200, 0.0)	(205, 0.0)	(210, 0.00011597990454853855)	(215, 0.0)	(220, 0.0)	(225, 7.731993636569236e-05)	(230, 0.00019329984091423093)	(235, 0.00015463987273138473)	(240, 0.00034793971364561566)	(245, 0.0)	(250, 0.0)
022024-BEL-CBC-T4-870-MCAV_S5_R1_16S	(1, 0.0002549358772534738)	(2, 0.0058635251768298985)	(3, 0.0034416343429218964)	(4, 0.0001274679386267369)	(5, 0.0)	(6, 0.0)	(7, 0.0)	(8, 0.0)	(9, 0.0)	(10, 0.0)	(15, 0.0)	(20, 0.0)	(25, 0.0)	(30, 0.0)	(35, 0.0)	(40, 0.0)	(45, 0.0)	(50, 0.0)	(55, 0.0)	(60, 0.0)	(65, 0.0)	(70, 0.0)	(75, 0.0)	(80, 0.0)	(85, 0.0)	(90, 0.0)	(95, 0.0)	(100, 0.0)	(105, 0.0)	(110, 0.0)	(115, 5.098717545069476e-05)	(120, 7.648076317604215e-05)	(125, 0.0)	(130, 0.0)	(135, 0.0)	(140, 0.0)	(145, 0.0)	(150, 0.0001274679386267369)	(155, 0.0)	(160, 0.0)	(165, 1.8820641138237706)	(170, 0.0)	(175, 0.0)	(180, 0.0003059230527041686)	(185, 0.0)	(190, 0.0)	(195, 0.0)	(200, 0.0)	(205, 0.0)	(210, 0.0)	(215, 0.0)	(220, 0.0)	(225, 0.0)	(230, 0.0)	(235, 5.098717545069476e-05)	(240, 0.00020394870180277905)	(245, 0.0)	(250, 0.0)
022024-BEL-CBC-T4-873-MCAV_S51_R1_16S	(1, 0.0)	(2, 0.006545208818695946)	(3, 0.003361053177168189)	(4, 0.000176897535640431)	(5, 0.0)	(6, 0.0)	(7, 0.0)	(8, 0.0)	(9, 0.0)	(10, 0.0)	(15, 0.0)	(20, 0.0)	(25, 0.0)	(30, 0.0)	(35, 0.0)	(40, 0.0)	(45, 0.0)	(50, 7.07590142561724e-05)	(55, 0.0)	(60, 0.0)	(65, 0.0001415180285123448)	(70, 0.0)	(75, 7.07590142561724e-05)	(80, 7.07590142561724e-05)	(85, 0.0)	(90, 0.0001061385213842586)	(95, 0.0002122770427685172)	(100, 0.0002122770427685172)	(105, 7.07590142561724e-05)	(110, 7.07590142561724e-05)	(115, 0.0001415180285123448)	(120, 0.0001415180285123448)	(125, 7.07590142561724e-05)	(130, 0.0)	(135, 0.0)	(140, 0.0)	(145, 0.0)	(150, 0.0002830360570246896)	(155, 0.0)	(160, 0.0)	(165, 1.8607144183874373)	(170, 0.0)	(175, 0.0)	(180, 0.0003891745784089482)	(185, 0.0)	(190, 0.0)	(195, 0.0)	(200, 0.0)	(205, 0.0)	(210, 0.0)	(215, 0.0)	(220, 0.0)	(225, 0.0)	(230, 0.0)	(235, 3.53795071280862e-05)	(240, 7.07590142561724e-05)	(245, 0.0)	(250, 0.0)
042024-BEL-CBC-T1-928-OANN_S21_R1_16S	(1, 0.0)	(2, 0.006607877337848301)	(3, 0.0026182155489587605)	(4, 0.0)	(5, 0.0)	(6, 0.0)	(7, 0.0)	(8, 0.0)	(9, 0.0)	(10, 0.0)	(15, 0.0)	(20, 0.0)	(25, 0.0)	(30, 0.0)	(35, 0.0)	(40, 0.0)	(45, 0.0)	(50, 0.0)	(55, 0.0)	(60, 0.0)	(65, 0.0)	(70, 0.0)	(75, 0.0)	(80, 0.0)	(85, 0.0)	(90, 0.0)	(95, 0.0)	(100, 0.0)	(105, 0.0)	(110, 0.0)	(115, 0.0)	(120, 0.0)	(125, 0.0)	(130, 0.0)	(135, 0.0)	(140, 0.0)	(145, 0.0)	(150, 0.00019948308944447697)	(155, 0.0)	(160, 0.0)	(165, 1.8743680438064865)	(170, 0.0)	(175, 0.0)	(180, 0.00027428924798615585)	(185, 0.0)	(190, 0.0)	(195, 0.0)	(200, 0.0)	(205, 0.0)	(210, 7.480615854167888e-05)	(215, 0.0)	(220, 0.0)	(225, 0.0)	(230, 0.0)	(235, 2.493538618055962e-05)	(240, 0.00024935386180559624)	(245, 0.0)	(250, 0.0)
042024-BEL-CBC-T2-1027-PAST_S73_R1_16S	(1, 0.0)	(2, 0.005740553477671454)	(3, 0.002031272769022207)	(4, 0.0001766324146975832)	(5, 0.0)	(6, 0.0)	(7, 0.0)	(8, 0.0)	(9, 0.0)	(10, 0.0)	(15, 0.0)	(20, 0.0)	(25, 0.0)	(30, 0.0)	(35, 0.0)	(40, 0.0)	(45, 0.0)	(50, 0.0)	(55, 0.0)	(60, 0.0)	(65, 0.0)	(70, 0.0)	(75, 0.0)	(80, 0.0)	(85, 0.0)	(90, 0.0)	(95, 0.0)	(100, 0.0)	(105, 0.0)	(110, 0.0)	(115, 0.0)	(120, 0.0)	(125, 0.0)	(130, 0.0)	(135, 0.0)	(140, 0.0)	(145, 0.0)	(150, 8.83162073487916e-05)	(155, 0.0)	(160, 0.0)	(165, 1.8638605663718377)	(170, 0.0)	(175, 0.0)	(180, 0.00024728538057661653)	(185, 0.0)	(190, 0.0)	(195, 0.0)	(200, 0.0)	(205, 0.0)	(210, 0.0)	(215, 0.0)	(220, 0.0)	(225, 0.0)	(230, 0.0)	(235, 0.0)	(240, 3.5326482939516645e-05)	(245, 0.0)	(250, 0.0)
042024-BEL-CBC-T2-1034-SSID_S44_R1_16S	(1, 0.0)	(2, 0.005793017791516242)	(3, 0.001853765693285197)	(4, 0.0)	(5, 0.0)	(6, 0.0)	(7, 0.0)	(8, 0.0)	(9, 0.0)	(10, 0.0)	(15, 0.0)	(20, 0.0)	(25, 0.0)	(30, 0.0)	(35, 0.0)	(40, 0.0)	(45, 0.0)	(50, 0.0)	(55, 0.0)	(60, 0.0)	(65, 0.0)	(70, 0.0)	(75, 0.0)	(80, 0.0)	(85, 0.0)	(90, 0.0)	(95, 0.0)	(100, 0.0)	(105, 0.0)	(110, 0.0)	(115, 0.0)	(120, 0.0)	(125, 0.0)	(130, 0.0)	(135, 0.0)	(140, 0.0)	(145, 0.0)	(150, 0.00018537656932851972)	(155, 0.0)	(160, 0.0)	(165, 1.8735082979186846)	(170, 0.0)	(175, 0.0)	(180, 0.0003244089963249095)	(185, 0.0)	(190, 0.0)	(195, 0.0)	(200, 0.0)	(205, 0.0)	(210, 0.0)	(215, 0.0)	(220, 0.0)	(225, 0.0)	(230, 0.0)	(235, 0.0)	(240, 4.634414233212993e-05)	(245, 0.0)	(250, 0.0)
042024-BEL-CBC-T3-944-SSID_S70_R1_16S	(1, 0.00010354775311730512)	(2, 0.006316412940155612)	(3, 0.0021745028154634073)	(4, 0.0)	(5, 0.0)	(6, 0.0)	(7, 0.0)	(8, 0.0)	(9, 0.0)	(10, 0.0)	(15, 0.0)	(20, 0.0)	(25, 0.0)	(30, 0.0)	(35, 0.0)	(40, 0.0)	(45, 0.0)	(50, 0.0)	(55, 0.0)	(60, 0.0)	(65, 0.0)	(70, 0.0)	(75, 0.0)	(80, 2.070955062346102e-05)	(85, 0.0)	(90, 0.0)	(95, 2.070955062346102e-05)	(100, 0.0)	(105, 0.0)	(110, 0.0)	(115, 0.00012425730374076614)	(120, 0.00012425730374076614)	(125, 0.0)	(130, 0.0)	(135, 0.0)	(140, 0.0)	(145, 0.0)	(150, 0.00022780505685807123)	(155, 0.0)	(160, 0.0)	(165, 1.8693061679254621)	(170, 0.0)	(175, 0.0)	(180, 0.00028993370872845426)	(185, 0.0)	(190, 0.0)	(195, 0.0)	(200, 0.0)	(205, 0.0)	(210, 4.141910124692204e-05)	(215, 0.0)	(220, 0.0)	(225, 2.070955062346102e-05)	(230, 8.283820249384408e-05)	(235, 8.283820249384408e-05)	(240, 0.00012425730374076614)	(245, 0.0)	(250, 0.0)
042024-BEL-CBC-T3-946-OFAV_S13_R1_16S	(1, 0.0)	(2, 0.006697986242647791)	(3, 0.0020249725849865417)	(4, 0.00015576712192204165)	(5, 0.0)	(6, 0.0)	(7, 0.0)	(8, 0.0)	(9, 0.0)	(10, 0.0)	(15, 0.0)	(20, 0.0)	(25, 0.0)	(30, 0.0)	(35, 0.0)	(40, 0.0)	(45, 0.0)	(50, 0.0)	(55, 0.0)	(60, 0.0)	(65, 0.0)	(70, 0.0)	(75, 0.0)	(80, 0.0)	(85, 0.0)	(90, 0.0)	(95, 0.0)	(100, 0.0)	(105, 0.0)	(110, 0.0)	(115, 0.0)	(120, 0.0)	(125, 0.0)	(130, 0.0)	(135, 0.0)	(140, 0.0)	(145, 0.0)	(150, 9.3460273153225e-05)	(155, 0.0)	(160, 0.0)	(165, 1.8618844083341641)	(170, 0.0)	(175, 0.0)	(180, 0.0003115342438440833)	(185, 0.0)	(190, 0.0)	(195, 0.0)	(200, 0.0)	(205, 0.0)	(210, 9.3460273153225e-05)	(215, 0.0)	(220, 0.0)	(225, 0.0)	(230, 0.0)	(235, 0.0)	(240, 0.00015576712192204165)	(245, 0.0)	(250, 0.0)
042024-BEL-CBC-T3-955-OFAV_S30_R1_16S	(1, 0.0)	(2, 0.006548418492733824)	(3, 0.0025680072520524798)	(4, 0.00012840036260262398)	(5, 0.0)	(6, 0.0)	(7, 0.0)	(8, 0.0)	(9, 0.0)	(10, 0.0)	(15, 0.0)	(20, 0.0)	(25, 0.0)	(30, 0.0)	(35, 0.0)	(40, 0.0)	(45, 0.0)	(50, 0.0)	(55, 0.0)	(60, 0.0)	(65, 0.0)	(70, 0.0)	(75, 0.0)	(80, 0.0)	(85, 0.0)	(90, 0.0)	(95, 0.0)	(100, 0.0)	(105, 0.0)	(110, 0.0)	(115, 0.0)	(120, 2.56800725205248e-05)	(125, 0.0)	(130, 0.0)	(135, 0.0)	(140, 0.0)	(145, 0.0)	(150, 0.0002054405801641984)	(155, 0.0)	(160, 0.0)	(165, 1.8628581407113893)	(170, 0.0)	(175, 0.0)	(180, 0.00033384094276682236)	(185, 0.0)	(190, 0.0)	(195, 0.0)	(200, 0.0)	(205, 0.0)	(210, 5.13601450410496e-05)	(215, 0.0)	(220, 0.0)	(225, 2.56800725205248e-05)	(230, 0.0001027202900820992)	(235, 7.70402175615744e-05)	(240, 0.0001540804351231488)	(245, 0.0)	(250, 0.0)
042024-BEL-CBC-T4-1041-MCAV_S39_R1_16S	(1, 0.0002395771941677328)	(2, 0.006588372839612651)	(3, 0.002635349135845061)	(4, 0.0)	(5, 0.0)	(6, 0.0)	(7, 0.0)	(8, 0.0)	(9, 0.0)	(10, 0.0)	(15, 0.0)	(20, 0.0)	(25, 0.0)	(30, 0.0)	(35, 0.0)	(40, 0.0)	(45, 0.0)	(50, 0.0)	(55, 0.0)	(60, 0.0)	(65, 0.0)	(70, 0.0)	(75, 0.0)	(80, 2.3957719416773276e-05)	(85, 0.0)	(90, 0.0)	(95, 2.3957719416773276e-05)	(100, 0.0)	(105, 0.0)	(110, 0.0)	(115, 0.0001197885970838664)	(120, 0.0001197885970838664)	(125, 0.0)	(130, 0.0)	(135, 0.0)	(140, 0.0)	(145, 0.0)	(150, 0.00014374631650063968)	(155, 0.0)	(160, 0.0)	(165, 1.8743321785712574)	(170, 0.0)	(175, 0.0)	(180, 0.0002395771941677328)	(185, 0.0)	(190, 0.0)	(195, 0.0)	(200, 0.0)	(205, 0.0)	(210, 0.0)	(215, 0.0)	(220, 0.0)	(225, 0.0)	(230, 2.3957719416773276e-05)	(235, 7.187315825031984e-05)	(240, 0.00014374631650063968)	(245, 0.0)	(250, 0.0)
042024-BEL-CBC-T4-1042-OFAV_S34_R1_16S	(1, 0.0004837531504423923)	(2, 0.0049584697920345205)	(3, 0.0025397040398225596)	(4, 0.00012093828761059807)	(5, 0.0)	(6, 0.0)	(7, 0.0)	(8, 0.0)	(9, 0.0)	(10, 0.0)	(15, 0.0)	(20, 0.0)	(25, 0.0)	(30, 0.0)	(35, 0.0)	(40, 0.0)	(45, 0.0)	(50, 2.4187657522119614e-05)	(55, 0.0)	(60, 0.0)	(65, 0.0)	(70, 0.0)	(75, 0.0)	(80, 2.4187657522119614e-05)	(85, 0.0)	(90, 0.0)	(95, 2.4187657522119614e-05)	(100, 0.0)	(105, 0.0)	(110, 0.0)	(115, 7.256297256635884e-05)	(120, 9.675063008847846e-05)	(125, 0.0)	(130, 0.0)	(135, 0.0)	(140, 0.0)	(145, 0.0)	(150, 0.00024187657522119614)	(155, 0.0)	(160, 0.0)	(165, 1.8855246544793123)	(170, 0.0)	(175, 0.0)	(180, 0.00031443954778755497)	(185, 0.0)	(190, 0.0)	(195, 0.0)	(200, 0.0)	(205, 0.0)	(210, 2.4187657522119614e-05)	(215, 0.0)	(220, 0.0)	(225, 0.0)	(230, 2.4187657522119614e-05)	(235, 9.675063008847846e-05)	(240, 0.00033862720530967457)	(245, 0.0)	(250, 0.0)
042024-BEL-CBC-T4-1044-PSTR_S6_R1_16S	(1, 0.0)	(2, 0.0073370263032392965)	(3, 0.002116449895165182)	(4, 0.0002821933193553576)	(5, 0.0)	(6, 0.0)	(7, 0.0)	(8, 0.0)	(9, 0.0)	(10, 0.0)	(15, 0.0)	(20, 0.0)	(25, 0.0)	(30, 0.0)	(35, 0.0)	(40, 0.0)	(45, 0.0)	(50, 0.0)	(55, 0.0)	(60, 0.0)	(65, 0.0)	(70, 0.0)	(75, 0.0)	(80, 0.0)	(85, 0.0)	(90, 0.0)	(95, 0.0)	(100, 0.0)	(105, 0.0)	(110, 0.0)	(115, 0.0)	(120, 0.0)	(125, 0.0)	(130, 0.0)	(135, 0.0)	(140, 0.0)	(145, 0.0)	(150, 0.0001975353235487503)	(155, 0.0)	(160, 0.0)	(165, 1.874215149830543)	(170, 0.0)	(175, 0.0)	(180, 0.00036685131516196485)	(185, 0.0)	(190, 0.0)	(195, 0.0)	(200, 0.0)	(205, 0.0)	(210, 0.00011287732774214303)	(215, 0.0)	(220, 0.0)	(225, 2.8219331935535758e-05)	(230, 8.465799580660727e-05)	(235, 0.00016931599161321454)	(240, 0.0005079479748396437)	(245, 0.0)	(250, 0.0)
042024-BEL-CBC-T4-1045-MCAV_S54_R1_16S	(1, 0.00012074130330577615)	(2, 0.0065200303785119115)	(3, 0.0018111195495866424)	(4, 0.00012074130330577615)	(5, 0.0)	(6, 0.0)	(7, 0.0)	(8, 0.0)	(9, 0.0)	(10, 0.0)	(15, 0.0)	(20, 0.0)	(25, 0.0)	(30, 0.0)	(35, 0.0)	(40, 0.0)	(45, 0.0)	(50, 0.0)	(55, 0.0)	(60, 0.0)	(65, 0.0)	(70, 0.0)	(75, 0.0)	(80, 2.4148260661155227e-05)	(85, 0.0)	(90, 0.0)	(95, 2.4148260661155227e-05)	(100, 0.0)	(105, 0.0)	(110, 0.0)	(115, 7.244478198346569e-05)	(120, 7.244478198346569e-05)	(125, 0.0)	(130, 0.0)	(135, 0.0)	(140, 0.0)	(145, 0.0)	(150, 0.00028977912793386277)	(155, 0.0)	(160, 0.0)	(165, 1.8657912117234978)	(170, 0.0)	(175, 0.0)	(180, 0.00045881695256194937)	(185, 0.0)	(190, 0.0)	(195, 0.0)	(200, 0.0)	(205, 0.0)	(210, 2.4148260661155227e-05)	(215, 0.0)	(220, 0.0)	(225, 0.0)	(230, 9.659304264462091e-05)	(235, 0.00021733434595039704)	(240, 0.0003380756492561732)	(245, 0.0)	(250, 0.0)
052022-BEL-CBC-T1-1-PAST_S74_R1_16S	(1, 0.00015702099763290845)	(2, 0.006359350404132792)	(3, 0.002512335962126535)	(4, 0.0003140419952658169)	(5, 0.0)	(6, 0.0)	(7, 0.0)	(8, 0.0)	(9, 0.0)	(10, 0.0)	(15, 0.0)	(20, 0.0)	(25, 0.0)	(30, 0.0)	(35, 0.0)	(40, 0.0)	(45, 0.0)	(50, 1.5702099763290846e-05)	(55, 0.0)	(60, 0.0)	(65, 0.0)	(70, 0.0)	(75, 1.5702099763290846e-05)	(80, 1.5702099763290846e-05)	(85, 0.0)	(90, 0.0)	(95, 1.5702099763290846e-05)	(100, 0.0)	(105, 0.0)	(110, 0.0)	(115, 4.710629928987254e-05)	(120, 4.710629928987254e-05)	(125, 0.0)	(130, 0.0)	(135, 0.0)	(140, 0.0)	(145, 0.0)	(150, 0.00010991469834303592)	(155, 0.0)	(160, 0.0)	(165, 1.862897115916826)	(170, 0.0)	(175, 0.0)	(180, 0.00020412729692278098)	(185, 0.0)	(190, 0.0)	(195, 0.0)	(200, 0.0)	(205, 0.0)	(210, 4.710629928987254e-05)	(215, 0.0)	(220, 0.0)	(225, 0.0)	(230, 0.0)	(235, 3.140419952658169e-05)	(240, 0.0002669356959759444)	(245, 0.0)	(250, 0.0)
052022-BEL-CBC-T2-12-MCAV_S18_R1_16S	(1, 0.00017613634362087003)	(2, 0.006693181057593063)	(3, 0.0032585223569860954)	(4, 0.00017613634362087003)	(5, 0.0)	(6, 0.0)	(7, 0.0)	(8, 0.0)	(9, 0.0)	(10, 0.0)	(15, 0.0)	(20, 0.0)	(25, 0.0)	(30, 0.0)	(35, 0.0)	(40, 0.0)	(45, 0.0)	(50, 0.0)	(55, 0.0)	(60, 0.0)	(65, 0.0)	(70, 0.0)	(75, 0.0)	(80, 0.0)	(85, 0.0)	(90, 0.0)	(95, 0.0)	(100, 0.0)	(105, 0.0)	(110, 0.0)	(115, 1.7613634362087005e-05)	(120, 3.522726872417401e-05)	(125, 0.0)	(130, 0.0)	(135, 0.0)	(140, 0.0)	(145, 0.0)	(150, 0.00014090907489669604)	(155, 0.0)	(160, 0.0)	(165, 1.853200925772622)	(170, 0.0)	(175, 0.0)	(180, 0.00021136361234504406)	(185, 0.0)	(190, 0.0)	(195, 0.0)	(200, 0.0)	(205, 0.0)	(210, 3.522726872417401e-05)	(215, 0.0)	(220, 0.0)	(225, 0.0)	(230, 3.522726872417401e-05)	(235, 3.522726872417401e-05)	(240, 0.00017613634362087003)	(245, 0.0)	(250, 0.0)
052022-BEL-CBC-T2-3-SSID_S25_R1_16S	(1, 0.0003318461096850946)	(2, 0.006636922193701892)	(3, 0.0023229227677956624)	(4, 0.0)	(5, 0.0)	(6, 0.0)	(7, 0.0)	(8, 0.0)	(9, 0.0)	(10, 0.0)	(15, 0.0)	(20, 0.0)	(25, 0.0)	(30, 0.0)	(35, 0.0)	(40, 0.0)	(45, 0.0)	(50, 0.0)	(55, 0.0)	(60, 0.0)	(65, 0.0)	(70, 0.0)	(75, 0.0)	(80, 0.0)	(85, 0.0)	(90, 0.0)	(95, 0.0)	(100, 0.0)	(105, 0.0)	(110, 0.0)	(115, 0.0)	(120, 0.0)	(125, 0.0)	(130, 0.0)	(135, 0.0)	(140, 0.0)	(145, 0.0)	(150, 3.318461096850946e-05)	(155, 0.0)	(160, 0.0)	(165, 1.8312927562971946)	(170, 0.0)	(175, 0.0)	(180, 0.00013273844387403784)	(185, 0.0)	(190, 0.0)	(195, 0.0)	(200, 0.0)	(205, 0.0)	(210, 0.0)	(215, 0.0)	(220, 0.0)	(225, 0.0)	(230, 0.0)	(235, 0.0)	(240, 9.95538329055284e-05)	(245, 0.0)	(250, 0.0)
052022-BEL-CBC-T2-5-PAST_S40_R1_16S	(1, 0.00019006239748509436)	(2, 0.006335413249503145)	(3, 0.003231060757246604)	(4, 6.335413249503146e-05)	(5, 0.0)	(6, 0.0)	(7, 0.0)	(8, 0.0)	(9, 0.0)	(10, 0.0)	(15, 0.0)	(20, 0.0)	(25, 0.0)	(30, 0.0)	(35, 0.0)	(40, 0.0)	(45, 0.0)	(50, 0.0)	(55, 0.0)	(60, 0.0)	(65, 0.0)	(70, 0.0)	(75, 0.0)	(80, 1.2670826499006291e-05)	(85, 0.0)	(90, 0.0)	(95, 0.0)	(100, 0.0)	(105, 0.0)	(110, 0.0)	(115, 2.5341652998012583e-05)	(120, 2.5341652998012583e-05)	(125, 0.0)	(130, 0.0)	(135, 0.0)	(140, 0.0)	(145, 0.0)	(150, 0.00019006239748509436)	(155, 0.0)	(160, 0.0)	(165, 1.8656271520606882)	(170, 0.0)	(175, 0.0)	(180, 0.0003421123154731698)	(185, 0.0)	(190, 0.0)	(195, 0.0)	(200, 0.0)	(205, 0.0)	(210, 1.2670826499006291e-05)	(215, 0.0)	(220, 0.0)	(225, 0.0)	(230, 2.5341652998012583e-05)	(235, 3.801247949701887e-05)	(240, 0.00016472074448708177)	(245, 0.0)	(250, 0.0)
052022-BEL-CBC-T3-1-MCAV_S83_R1_16S	(1, 0.00011879626124406613)	(2, 0.006335800599683527)	(3, 0.0031679002998417634)	(4, 0.00011879626124406613)	(5, 0.0)	(6, 0.0)	(7, 0.0)	(8, 0.0)	(9, 0.0)	(10, 0.0)	(15, 0.0)	(20, 0.0)	(25, 0.0)	(30, 0.0)	(35, 0.0)	(40, 0.0)	(45, 0.0)	(50, 3.959875374802204e-05)	(55, 0.0)	(60, 0.0)	(65, 3.959875374802204e-05)	(70, 0.0)	(75, 3.1679002998417635e-05)	(80, 3.959875374802204e-05)	(85, 0.0)	(90, 2.3759252248813228e-05)	(95, 7.127775674643967e-05)	(100, 8.711725824564848e-05)	(105, 3.1679002998417635e-05)	(110, 3.1679002998417635e-05)	(115, 0.00015839501499208817)	(120, 0.00011879626124406613)	(125, 7.919750749604409e-06)	(130, 0.0)	(135, 0.0)	(140, 0.0)	(145, 0.0)	(150, 0.0003009505284849675)	(155, 0.0)	(160, 0.0)	(165, 1.8740189408758927)	(170, 0.0)	(175, 0.0)	(180, 0.0004435060419778469)	(185, 0.0)	(190, 0.0)	(195, 0.0)	(200, 0.0)	(205, 0.0)	(210, 3.959875374802204e-05)	(215, 0.0)	(220, 0.0)	(225, 0.0)	(230, 6.335800599683527e-05)	(235, 0.00010295675974485731)	(240, 0.00033262953148338516)	(245, 0.0)	(250, 0.0)
052022-BEL-CBC-T3-15-PSTR_S94_R1_16S	(1, 0.00010794846108673874)	(2, 0.004857680748903244)	(3, 0.002482814604994991)	(4, 0.00021589692217347748)	(5, 0.0)	(6, 0.0)	(7, 0.0)	(8, 0.0)	(9, 0.0)	(10, 0.0)	(15, 0.0)	(20, 0.0)	(25, 0.0)	(30, 0.0)	(35, 0.0)	(40, 0.0)	(45, 0.0)	(50, 2.158969221734775e-05)	(55, 0.0)	(60, 0.0)	(65, 0.0)	(70, 0.0)	(75, 0.0)	(80, 2.158969221734775e-05)	(85, 0.0)	(90, 0.0)	(95, 2.158969221734775e-05)	(100, 0.0)	(105, 0.0)	(110, 0.0)	(115, 4.31793844346955e-05)	(120, 4.31793844346955e-05)	(125, 0.0)	(130, 0.0)	(135, 0.0)	(140, 0.0)	(145, 0.0)	(150, 0.0)	(155, 0.0)	(160, 0.0)	(165, 1.8660834571142353)	(170, 0.0)	(175, 0.0)	(180, 8.6358768869391e-05)	(185, 0.0)	(190, 0.0)	(195, 0.0)	(200, 0.0)	(205, 0.0)	(210, 0.0)	(215, 0.0)	(220, 0.0)	(225, 0.0)	(230, 0.0)	(235, 0.0)	(240, 2.158969221734775e-05)	(245, 0.0)	(250, 0.0)
062019-BEL-CBC-T1-5-SSID_S91_R1_16S	(1, 8.156966130645233e-05)	(2, 0.007178130194967804)	(3, 0.0023655201778871172)	(4, 0.00016313932261290465)	(5, 0.0)	(6, 0.0)	(7, 0.0)	(8, 0.0)	(9, 0.0)	(10, 0.0)	(15, 0.0)	(20, 0.0)	(25, 0.0)	(30, 0.0)	(35, 0.0)	(40, 0.0)	(45, 0.0)	(50, 4.894179678387139e-05)	(55, 0.0)	(60, 0.0)	(65, 4.894179678387139e-05)	(70, 0.0)	(75, 4.894179678387139e-05)	(80, 4.894179678387139e-05)	(85, 0.0)	(90, 3.262786452258093e-05)	(95, 0.00011419752582903325)	(100, 0.00013051145809032371)	(105, 3.262786452258093e-05)	(110, 3.262786452258093e-05)	(115, 0.00013051145809032371)	(120, 0.00011419752582903325)	(125, 0.0)	(130, 0.0)	(135, 0.0)	(140, 0.0)	(145, 0.0)	(150, 0.0)	(155, 0.0)	(160, 0.0)	(165, 1.8591846622934454)	(170, 0.0)	(175, 0.0)	(180, 9.788359356774278e-05)	(185, 0.0)	(190, 0.0)	(195, 0.0)	(200, 0.0)	(205, 0.0)	(210, 0.0)	(215, 0.0)	(220, 0.0)	(225, 0.0)	(230, 0.0)	(235, 0.0)	(240, 1.6313932261290464e-05)	(245, 0.0)	(250, 0.0)
062019-BEL-CBC-T2-17-SSID_S4_R1_16S	(1, 0.00013467469327838605)	(2, 0.005252313037857056)	(3, 0.0016160963193406327)	(4, 0.0)	(5, 0.0)	(6, 0.0)	(7, 0.0)	(8, 0.0)	(9, 0.0)	(10, 0.0)	(15, 0.0)	(20, 0.0)	(25, 0.0)	(30, 0.0)	(35, 0.0)	(40, 0.0)	(45, 0.0)	(50, 0.0)	(55, 0.0)	(60, 0.0)	(65, 0.0)	(70, 0.0)	(75, 0.0)	(80, 0.0)	(85, 0.0)	(90, 0.0)	(95, 0.0)	(100, 0.0)	(105, 0.0)	(110, 0.0)	(115, 0.0)	(120, 0.0)	(125, 0.0)	(130, 0.0)	(135, 0.0)	(140, 0.0)	(145, 0.0)	(150, 8.080481596703163e-05)	(155, 0.0)	(160, 0.0)	(165, 1.8631974465678154)	(170, 0.0)	(175, 0.0)	(180, 0.00013467469327838605)	(185, 0.0)	(190, 0.0)	(195, 0.0)	(200, 0.0)	(205, 0.0)	(210, 0.0)	(215, 0.0)	(220, 0.0)	(225, 0.0)	(230, 0.0)	(235, 0.0)	(240, 0.00018854457058974048)	(245, 0.0)	(250, 0.0)
062019-BEL-CBC-T2-21-PAST_S29_R1_16S	(1, 0.00018021037759480418)	(2, 0.0046854698174649085)	(3, 0.0037844179294908875)	(4, 9.010518879740209e-05)	(5, 0.0)	(6, 0.0)	(7, 0.0)	(8, 0.0)	(9, 0.0)	(10, 0.0)	(15, 0.0)	(20, 0.0)	(25, 0.0)	(30, 0.0)	(35, 0.0)	(40, 0.0)	(45, 0.0)	(50, 0.0)	(55, 0.0)	(60, 0.0)	(65, 0.0)	(70, 0.0)	(75, 0.0)	(80, 0.0)	(85, 0.0)	(90, 0.0)	(95, 0.0)	(100, 0.0)	(105, 0.0)	(110, 0.0)	(115, 1.8021037759480417e-05)	(120, 1.8021037759480417e-05)	(125, 0.0)	(130, 0.0)	(135, 0.0)	(140, 0.0)	(145, 0.0)	(150, 3.6042075518960834e-05)	(155, 0.0)	(160, 0.0)	(165, 1.863591556783389)	(170, 0.0)	(175, 0.0)	(180, 0.00012614726431636292)	(185, 0.0)	(190, 0.0)	(195, 0.0)	(200, 0.0)	(205, 0.0)	(210, 0.0)	(215, 0.0)	(220, 0.0)	(225, 0.0)	(230, 0.0)	(235, 0.0)	(240, 1.8021037759480417e-05)	(245, 0.0)	(250, 0.0)
062019-BEL-CBC-T2-23-MCAV_S64_R1_16S	(1, 0.00011303649948568394)	(2, 0.006217007471712616)	(3, 0.0030519854861134664)	(4, 0.00011303649948568394)	(5, 0.0)	(6, 0.0)	(7, 0.0)	(8, 0.0)	(9, 0.0)	(10, 0.0)	(15, 0.0)	(20, 0.0)	(25, 0.0)	(30, 0.0)	(35, 0.0)	(40, 0.0)	(45, 0.0)	(50, 0.0)	(55, 0.0)	(60, 0.0)	(65, 0.0)	(70, 0.0)	(75, 0.0)	(80, 0.0)	(85, 0.0)	(90, 0.0)	(95, 0.0)	(100, 0.0)	(105, 0.0)	(110, 0.0)	(115, 4.521459979427357e-05)	(120, 4.521459979427357e-05)	(125, 0.0)	(130, 0.0)	(135, 0.0)	(140, 0.0)	(145, 0.0)	(150, 0.00022607299897136788)	(155, 0.0)	(160, 0.0)	(165, 1.8491414877864063)	(170, 0.0)	(175, 0.0)	(180, 0.00040693139814846214)	(185, 0.0)	(190, 0.0)	(195, 0.0)	(200, 0.0)	(205, 0.0)	(210, 2.2607299897136786e-05)	(215, 0.0)	(220, 0.0)	(225, 0.0)	(230, 2.2607299897136786e-05)	(235, 9.042919958854714e-05)	(240, 0.00024868029886850464)	(245, 0.0)	(250, 0.0)
062019-BEL-CBC-T3-5-SSID_S37_R1_16S	(1, 0.00018796868817592366)	(2, 0.0057330449893656715)	(3, 0.0024435929462870076)	(4, 0.00028195303226388545)	(5, 0.0)	(6, 0.0)	(7, 0.0)	(8, 0.0)	(9, 0.0)	(10, 0.0)	(15, 0.0)	(20, 0.0)	(25, 0.0)	(30, 0.0)	(35, 0.0)	(40, 0.0)	(45, 0.0)	(50, 0.0)	(55, 0.0)	(60, 0.0)	(65, 0.0)	(70, 0.0)	(75, 0.0)	(80, 0.0)	(85, 0.0)	(90, 0.0)	(95, 0.0)	(100, 0.0)	(105, 0.0)	(110, 0.0)	(115, 1.8796868817592364e-05)	(120, 1.8796868817592364e-05)	(125, 0.0)	(130, 0.0)	(135, 0.0)	(140, 0.0)	(145, 0.0)	(150, 7.518747527036946e-05)	(155, 0.0)	(160, 0.0)	(165, 1.8835402398668428)	(170, 0.0)	(175, 0.0)	(180, 0.00024435929462870076)	(185, 0.0)	(190, 0.0)	(195, 0.0)	(200, 0.0)	(205, 0.0)	(210, 5.6390606452777096e-05)	(215, 0.0)	(220, 0.0)	(225, 0.0)	(230, 0.0)	(235, 0.0)	(240, 0.00018796868817592366)	(245, 0.0)	(250, 0.0)
062024-BEL-CBC-T1-1350-PSTR_S41_R1_16S	(1, 0.0001207022456652806)	(2, 0.006276516774594592)	(3, 0.003500365124293138)	(4, 0.0)	(5, 0.0)	(6, 0.0)	(7, 0.0)	(8, 0.0)	(9, 0.0)	(10, 0.0)	(15, 0.0)	(20, 0.0)	(25, 0.0)	(30, 0.0)	(35, 0.0)	(40, 0.0)	(45, 0.0)	(50, 0.0)	(55, 0.0)	(60, 0.0)	(65, 0.0)	(70, 0.0)	(75, 0.0)	(80, 0.0)	(85, 0.0)	(90, 0.0)	(95, 0.0)	(100, 0.0)	(105, 0.0)	(110, 0.0)	(115, 0.0)	(120, 0.0)	(125, 0.0)	(130, 0.0)	(135, 0.0)	(140, 0.0)	(145, 0.0)	(150, 0.00019312359306444896)	(155, 0.0)	(160, 0.0)	(165, 1.8576799821360674)	(170, 0.0)	(175, 0.0)	(180, 0.00041038763526195406)	(185, 0.0)	(190, 0.0)	(195, 0.0)	(200, 0.0)	(205, 0.0)	(210, 4.828089826611224e-05)	(215, 0.0)	(220, 0.0)	(225, 0.0)	(230, 0.0)	(235, 0.0)	(240, 7.242134739916835e-05)	(245, 0.0)	(250, 0.0)
062024-BEL-CBC-T3-1424-PAST_S67_R1_16S	(1, 0.00013218613393892208)	(2, 0.006212748295129337)	(3, 0.0030402810805952077)	(4, 0.00026437226787784417)	(5, 0.0)	(6, 0.0)	(7, 0.0)	(8, 0.0)	(9, 0.0)	(10, 0.0)	(15, 0.0)	(20, 0.0)	(25, 0.0)	(30, 0.0)	(35, 0.0)	(40, 0.0)	(45, 0.0)	(50, 2.6437226787784415e-05)	(55, 0.0)	(60, 0.0)	(65, 2.6437226787784415e-05)	(70, 0.0)	(75, 2.6437226787784415e-05)	(80, 2.6437226787784415e-05)	(85, 0.0)	(90, 0.0)	(95, 2.6437226787784415e-05)	(100, 5.287445357556883e-05)	(105, 0.0)	(110, 0.0)	(115, 7.931168036335323e-05)	(120, 7.931168036335323e-05)	(125, 0.0)	(130, 0.0)	(135, 0.0)	(140, 0.0)	(145, 0.0)	(150, 0.00015862336072670647)	(155, 0.0)	(160, 0.0)	(165, 1.847935715239343)	(170, 0.0)	(175, 0.0)	(180, 0.00026437226787784417)	(185, 0.0)	(190, 0.0)	(195, 0.0)	(200, 0.0)	(205, 0.0)	(210, 0.0)	(215, 0.0)	(220, 0.0)	(225, 0.0)	(230, 0.0)	(235, 0.0)	(240, 0.0)	(245, 0.0)	(250, 0.0)
062024-BEL-CBC-T3-1427-MCAV_S84_R1_16S	(1, 0.0002746302104216672)	(2, 0.007758303444412099)	(3, 0.002403014341189588)	(4, 0.0002059726578162504)	(5, 0.0)	(6, 0.0)	(7, 0.0)	(8, 0.0)	(9, 0.0)	(10, 0.0)	(15, 0.0)	(20, 0.0)	(25, 0.0)	(30, 0.0)	(35, 0.0)	(40, 0.0)	(45, 0.0)	(50, 0.0)	(55, 0.0)	(60, 0.0)	(65, 0.0)	(70, 0.0)	(75, 0.0)	(80, 0.0)	(85, 0.0)	(90, 0.0)	(95, 0.0)	(100, 0.0)	(105, 0.0)	(110, 0.0)	(115, 1.3731510521083361e-05)	(120, 1.3731510521083361e-05)	(125, 0.0)	(130, 0.0)	(135, 0.0)	(140, 0.0)	(145, 0.0)	(150, 0.00010985208416866689)	(155, 0.0)	(160, 0.0)	(165, 1.8750514931644542)	(170, 0.0)	(175, 0.0)	(180, 0.00021970416833733377)	(185, 0.0)	(190, 0.0)	(195, 0.0)	(200, 0.0)	(205, 0.0)	(210, 1.3731510521083361e-05)	(215, 0.0)	(220, 0.0)	(225, 0.0)	(230, 0.0)	(235, 2.7463021042166722e-05)	(240, 0.0001373151052108336)	(245, 0.0)	(250, 0.0)
062024-BEL-CBC-T3-1436-MCAV_S47_R1_16S	(1, 0.0)	(2, 0.005975093817271673)	(3, 0.003983395878181115)	(4, 0.00016597482825754647)	(5, 0.0)	(6, 0.0)	(7, 0.0)	(8, 0.0)	(9, 0.0)	(10, 0.0)	(15, 0.0)	(20, 0.0)	(25, 0.0)	(30, 0.0)	(35, 0.0)	(40, 0.0)	(45, 0.0)	(50, 0.0)	(55, 0.0)	(60, 0.0)	(65, 0.0)	(70, 0.0)	(75, 0.0)	(80, 0.0)	(85, 0.0)	(90, 0.0)	(95, 0.0)	(100, 0.0)	(105, 0.0)	(110, 0.0)	(115, 3.31949656515093e-05)	(120, 6.63899313030186e-05)	(125, 0.0)	(130, 0.0)	(135, 0.0)	(140, 0.0)	(145, 0.0)	(150, 0.00033194965651509294)	(155, 0.0)	(160, 0.0)	(165, 1.8663537487904587)	(170, 0.0)	(175, 0.0)	(180, 0.0004315345534696208)	(185, 0.0)	(190, 0.0)	(195, 0.0)	(200, 0.0)	(205, 0.0)	(210, 9.958489695452789e-05)	(215, 0.0)	(220, 0.0)	(225, 0.0)	(230, 6.63899313030186e-05)	(235, 0.00016597482825754647)	(240, 0.00033194965651509294)	(245, 0.0)	(250, 0.0)
062024-BEL-CBC-T4-1473-PSTR_S90_R1_16S	(1, 0.00015609756097560975)	(2, 0.005931707317073171)	(3, 0.0022634146341463414)	(4, 0.0)	(5, 0.0)	(6, 0.0)	(7, 0.0)	(8, 0.0)	(9, 0.0)	(10, 0.0)	(15, 0.0)	(20, 0.0)	(25, 0.0)	(30, 0.0)	(35, 0.0)	(40, 0.0)	(45, 0.0)	(50, 1.5609756097560978e-05)	(55, 0.0)	(60, 0.0)	(65, 0.0)	(70, 0.0)	(75, 1.5609756097560978e-05)	(80, 1.5609756097560978e-05)	(85, 0.0)	(90, 0.0)	(95, 1.5609756097560978e-05)	(100, 1.5609756097560978e-05)	(105, 0.0)	(110, 0.0)	(115, 6.243902439024391e-05)	(120, 7.804878048780487e-05)	(125, 0.0)	(130, 0.0)	(135, 0.0)	(140, 0.0)	(145, 0.0)	(150, 0.0)	(155, 0.0)	(160, 0.0)	(165, 1.855672195121951)	(170, 0.0)	(175, 0.0)	(180, 0.00012487804878048782)	(185, 0.0)	(190, 0.0)	(195, 0.0)	(200, 0.0)	(205, 0.0)	(210, 0.0)	(215, 0.0)	(220, 0.0)	(225, 0.0)	(230, 0.0)	(235, 0.0)	(240, 3.1219512195121955e-05)	(245, 0.0)	(250, 0.0)
082024-BEL-CBC-T1-1481-PSTR_S15_R1_16S	(1, 0.0001826177153793335)	(2, 0.004200207453724671)	(3, 0.002921883446069336)	(4, 0.0001826177153793335)	(5, 0.0)	(6, 0.0)	(7, 0.0)	(8, 0.0)	(9, 0.0)	(10, 0.0)	(15, 0.0)	(20, 0.0)	(25, 0.0)	(30, 0.0)	(35, 0.0)	(40, 0.0)	(45, 0.0)	(50, 0.0)	(55, 0.0)	(60, 0.0)	(65, 0.0)	(70, 0.0)	(75, 0.0)	(80, 0.0)	(85, 0.0)	(90, 0.0)	(95, 0.0)	(100, 0.0)	(105, 0.0)	(110, 0.0)	(115, 0.0)	(120, 0.0)	(125, 0.0)	(130, 0.0)	(135, 0.0)	(140, 0.0)	(145, 0.0)	(150, 3.65235430758667e-05)	(155, 0.0)	(160, 0.0)	(165, 1.8502461686803313)	(170, 0.0)	(175, 0.0)	(180, 0.0002921883446069336)	(185, 0.0)	(190, 0.0)	(195, 0.0)	(200, 0.0)	(205, 0.0)	(210, 0.0001826177153793335)	(215, 0.0)	(220, 0.0)	(225, 0.0)	(230, 0.0)	(235, 0.00010957062922760011)	(240, 0.000620900232289734)	(245, 0.0)	(250, 0.0)
082024-BEL-CBC-T2-1508-SSID_S14_R1_16S	(1, 0.00026096680371773305)	(2, 0.004697402466919196)	(3, 0.0018267676260241318)	(4, 0.0)	(5, 0.0)	(6, 0.0)	(7, 0.0)	(8, 0.0)	(9, 0.0)	(10, 0.0)	(15, 0.0)	(20, 0.0)	(25, 0.0)	(30, 0.0)	(35, 0.0)	(40, 0.0)	(45, 0.0)	(50, 0.0)	(55, 0.0)	(60, 0.0)	(65, 0.0)	(70, 0.0)	(75, 0.0)	(80, 0.0)	(85, 0.0)	(90, 0.0)	(95, 0.0)	(100, 0.0)	(105, 0.0)	(110, 0.0)	(115, 0.0)	(120, 0.0)	(125, 0.0)	(130, 0.0)	(135, 0.0)	(140, 0.0)	(145, 0.0)	(150, 0.00020877344297418648)	(155, 0.0)	(160, 0.0)	(165, 1.8644251358006003)	(170, 0.0)	(175, 0.0)	(180, 0.0005741269681790128)	(185, 0.0)	(190, 0.0)	(195, 0.0)	(200, 0.0)	(205, 0.0)	(210, 0.00026096680371773305)	(215, 0.0)	(220, 0.0)	(225, 5.219336074354662e-05)	(230, 0.00013048340185886653)	(235, 0.00020877344297418648)	(240, 0.0005741269681790128)	(245, 0.0)	(250, 0.0)
082024-BEL-CBC-T2-1511-SSID_S80_R1_16S	(1, 0.00015410885016304716)	(2, 0.005085592055380557)	(3, 0.0023116327524457074)	(4, 0.00015410885016304716)	(5, 0.0)	(6, 0.0)	(7, 0.0)	(8, 0.0)	(9, 0.0)	(10, 0.0)	(15, 0.0)	(20, 0.0)	(25, 0.0)	(30, 0.0)	(35, 0.0)	(40, 0.0)	(45, 0.0)	(50, 0.0)	(55, 0.0)	(60, 0.0)	(65, 0.0)	(70, 0.0)	(75, 0.0)	(80, 0.0)	(85, 0.0)	(90, 0.0)	(95, 0.0)	(100, 0.0)	(105, 0.0)	(110, 0.0)	(115, 6.164354006521886e-05)	(120, 9.246531009782829e-05)	(125, 0.0)	(130, 0.0)	(135, 0.0)	(140, 0.0)	(145, 0.0)	(150, 0.00015410885016304716)	(155, 0.0)	(160, 0.0)	(165, 1.8469945692041203)	(170, 0.0)	(175, 0.0)	(180, 0.0002465741602608754)	(185, 0.0)	(190, 0.0)	(195, 0.0)	(200, 0.0)	(205, 0.0)	(210, 3.082177003260943e-05)	(215, 0.0)	(220, 0.0)	(225, 0.0)	(230, 3.082177003260943e-05)	(235, 9.246531009782829e-05)	(240, 0.0002465741602608754)	(245, 0.0)	(250, 0.0)
082024-BEL-CBC-T2-1512-PAST_S63_R1_16S	(1, 0.00013319099655501488)	(2, 0.005594021855310625)	(3, 0.00233084243971276)	(4, 0.00013319099655501488)	(5, 0.0)	(6, 0.0)	(7, 0.0)	(8, 0.0)	(9, 0.0)	(10, 0.0)	(15, 0.0)	(20, 0.0)	(25, 0.0)	(30, 0.0)	(35, 0.0)	(40, 0.0)	(45, 0.0)	(50, 1.3319099655501488e-05)	(55, 0.0)	(60, 0.0)	(65, 0.0)	(70, 0.0)	(75, 0.0)	(80, 1.3319099655501488e-05)	(85, 0.0)	(90, 0.0)	(95, 1.3319099655501488e-05)	(100, 0.0)	(105, 0.0)	(110, 0.0)	(115, 3.9957298966504457e-05)	(120, 3.9957298966504457e-05)	(125, 0.0)	(130, 0.0)	(135, 0.0)	(140, 0.0)	(145, 0.0)	(150, 0.00017314829552151934)	(155, 0.0)	(160, 0.0)	(165, 1.857974444643491)	(170, 0.0)	(175, 0.0)	(180, 0.00029302019242103273)	(185, 0.0)	(190, 0.0)	(195, 0.0)	(200, 0.0)	(205, 0.0)	(210, 1.3319099655501488e-05)	(215, 0.0)	(220, 0.0)	(225, 0.0)	(230, 3.9957298966504457e-05)	(235, 9.323369758851041e-05)	(240, 0.00026638199311002976)	(245, 0.0)	(250, 0.0)
082024-BEL-CBC-T3-1553-MCAV_S42_R1_16S	(1, 6.611578990517674e-05)	(2, 0.005685957931845199)	(3, 0.0034380210750691903)	(4, 0.0)	(5, 0.0)	(6, 0.0)	(7, 0.0)	(8, 0.0)	(9, 0.0)	(10, 0.0)	(15, 0.0)	(20, 0.0)	(25, 0.0)	(30, 0.0)	(35, 0.0)	(40, 0.0)	(45, 0.0)	(50, 0.0)	(55, 0.0)	(60, 0.0)	(65, 0.0)	(70, 0.0)	(75, 0.0)	(80, 0.0)	(85, 0.0)	(90, 0.0)	(95, 0.0)	(100, 0.0)	(105, 0.0)	(110, 0.0)	(115, 2.6446315962070696e-05)	(120, 2.6446315962070696e-05)	(125, 0.0)	(130, 0.0)	(135, 0.0)	(140, 0.0)	(145, 0.0)	(150, 0.00019834736971553022)	(155, 0.0)	(160, 0.0)	(165, 1.8744752059176275)	(170, 0.0)	(175, 0.0)	(180, 0.00029090947558277764)	(185, 0.0)	(190, 0.0)	(195, 0.0)	(200, 0.0)	(205, 0.0)	(210, 2.6446315962070696e-05)	(215, 0.0)	(220, 0.0)	(225, 0.0)	(230, 3.9669473943106036e-05)	(235, 6.611578990517674e-05)	(240, 0.00029090947558277764)	(245, 0.0)	(250, 0.0)
082024-BEL-CBC-T3-1556-OFAV_S77_R1_16S	(1, 0.0)	(2, 0.007257587043297237)	(3, 0.002960331557134399)	(4, 0.00038197826543669665)	(5, 0.0)	(6, 0.0)	(7, 0.0)	(8, 0.0)	(9, 0.0)	(10, 0.0)	(15, 0.0)	(20, 0.0)	(25, 0.0)	(30, 0.0)	(35, 0.0)	(40, 0.0)	(45, 0.0)	(50, 0.0)	(55, 0.0)	(60, 0.0)	(65, 0.0)	(70, 0.0)	(75, 0.0)	(80, 0.0)	(85, 0.0)	(90, 0.0)	(95, 0.0)	(100, 0.0)	(105, 0.0)	(110, 0.0)	(115, 1.9098913271834835e-05)	(120, 1.9098913271834835e-05)	(125, 0.0)	(130, 0.0)	(135, 0.0)	(140, 0.0)	(145, 0.0)	(150, 0.0001336923929028438)	(155, 0.0)	(160, 0.0)	(165, 1.8665940907962337)	(170, 0.0)	(175, 0.0)	(180, 0.0003628793521648618)	(185, 0.0)	(190, 0.0)	(195, 0.0)	(200, 0.0)	(205, 0.0)	(210, 3.819782654366967e-05)	(215, 0.0)	(220, 0.0)	(225, 0.0)	(230, 0.0)	(235, 3.819782654366967e-05)	(240, 0.0001336923929028438)	(245, 0.0)	(250, 0.0)
082024-BEL-CBC-T3-1557-PAST_S27_R1_16S	(1, 9.437523593808984e-05)	(2, 0.005568138920347301)	(3, 0.002359380898452246)	(4, 0.00018875047187617969)	(5, 0.0)	(6, 0.0)	(7, 0.0)	(8, 0.0)	(9, 0.0)	(10, 0.0)	(15, 0.0)	(20, 0.0)	(25, 0.0)	(30, 0.0)	(35, 0.0)	(40, 0.0)	(45, 0.0)	(50, 0.0)	(55, 0.0)	(60, 0.0)	(65, 0.0)	(70, 0.0)	(75, 0.0)	(80, 0.0)	(85, 0.0)	(90, 0.0)	(95, 0.0)	(100, 0.0)	(105, 0.0)	(110, 0.0)	(115, 5.66251415628539e-05)	(120, 5.66251415628539e-05)	(125, 0.0)	(130, 0.0)	(135, 0.0)	(140, 0.0)	(145, 0.0)	(150, 5.66251415628539e-05)	(155, 0.0)	(160, 0.0)	(165, 1.8499244998112496)	(170, 0.0)	(175, 0.0)	(180, 0.0001321253303133258)	(185, 0.0)	(190, 0.0)	(195, 0.0)	(200, 0.0)	(205, 0.0)	(210, 0.0)	(215, 0.0)	(220, 0.0)	(225, 0.0)	(230, 1.887504718761797e-05)	(235, 1.887504718761797e-05)	(240, 5.66251415628539e-05)	(245, 0.0)	(250, 0.0)
092023-BEL-CBC-T1-173-SSID_S75_R1_16S	(1, 0.0)	(2, 0.005636885579471837)	(3, 0.0028184427897359186)	(4, 0.00013748501413345945)	(5, 0.0)	(6, 0.0)	(7, 0.0)	(8, 0.0)	(9, 0.0)	(10, 0.0)	(15, 0.0)	(20, 0.0)	(25, 0.0)	(30, 0.0)	(35, 0.0)	(40, 1.3748501413345946e-05)	(45, 0.0)	(50, 6.874250706672972e-05)	(55, 0.0)	(60, 2.749700282669189e-05)	(65, 9.623950989342162e-05)	(70, 0.0)	(75, 9.623950989342162e-05)	(80, 6.874250706672972e-05)	(85, 0.0)	(90, 8.249100848007567e-05)	(95, 0.0001787305183734973)	(100, 0.00019247901978684324)	(105, 6.874250706672972e-05)	(110, 5.499400565338378e-05)	(115, 0.0001787305183734973)	(120, 0.00019247901978684324)	(125, 2.749700282669189e-05)	(130, 0.0)	(135, 0.0)	(140, 0.0)	(145, 0.0)	(150, 0.000261221526853573)	(155, 0.0)	(160, 0.0)	(165, 1.852679307955433)	(170, 0.0)	(175, 0.0)	(180, 0.00045370054664041617)	(185, 0.0)	(190, 0.0)	(195, 0.0)	(200, 0.0)	(205, 0.0)	(210, 0.0)	(215, 0.0)	(220, 0.0)	(225, 0.0)	(230, 1.3748501413345946e-05)	(235, 6.874250706672972e-05)	(240, 0.0001787305183734973)	(245, 0.0)	(250, 0.0)
092023-BEL-CBC-T1-174-MCAV_S95_R1_16S	(1, 7.909915553741548e-05)	(2, 0.008305411331428625)	(3, 0.003243065377034035)	(4, 0.00015819831107483095)	(5, 0.0)	(6, 0.0)	(7, 0.0)	(8, 0.0)	(9, 0.0)	(10, 0.0)	(15, 0.0)	(20, 0.0)	(25, 0.0)	(30, 0.0)	(35, 0.0)	(40, 0.0)	(45, 0.0)	(50, 0.0)	(55, 0.0)	(60, 0.0)	(65, 0.0)	(70, 0.0)	(75, 0.0)	(80, 0.0)	(85, 0.0)	(90, 0.0)	(95, 0.0)	(100, 0.0)	(105, 0.0)	(110, 0.0)	(115, 1.5819831107483096e-05)	(120, 1.5819831107483096e-05)	(125, 0.0)	(130, 0.0)	(135, 0.0)	(140, 0.0)	(145, 0.0)	(150, 1.5819831107483096e-05)	(155, 0.0)	(160, 0.0)	(165, 1.8517745104553265)	(170, 0.0)	(175, 0.0)	(180, 0.00012655864885986477)	(185, 0.0)	(190, 0.0)	(195, 0.0)	(200, 0.0)	(205, 0.0)	(210, 0.0)	(215, 0.0)	(220, 0.0)	(225, 0.0)	(230, 0.0)	(235, 0.0)	(240, 3.163966221496619e-05)	(245, 0.0)	(250, 0.0)
092023-BEL-CBC-T2-175-PAST_S56_R1_16S	(1, 0.0)	(2, 0.006557995220860983)	(3, 0.002322623307388265)	(4, 0.0)	(5, 0.0)	(6, 0.0)	(7, 0.0)	(8, 0.0)	(9, 0.0)	(10, 0.0)	(15, 0.0)	(20, 0.0)	(25, 0.0)	(30, 0.0)	(35, 0.0)	(40, 0.0)	(45, 0.0)	(50, 0.0)	(55, 0.0)	(60, 0.0)	(65, 0.0)	(70, 0.0)	(75, 0.0)	(80, 0.0)	(85, 0.0)	(90, 0.0)	(95, 0.0)	(100, 0.0)	(105, 0.0)	(110, 0.0)	(115, 8.197494026076229e-05)	(120, 8.197494026076229e-05)	(125, 0.0)	(130, 0.0)	(135, 0.0)	(140, 0.0)	(145, 0.0)	(150, 0.00010929992034768306)	(155, 0.0)	(160, 0.0)	(165, 1.8689739879852063)	(170, 0.0)	(175, 0.0)	(180, 0.00021859984069536612)	(185, 0.0)	(190, 0.0)	(195, 0.0)	(200, 0.0)	(205, 0.0)	(210, 0.0)	(215, 0.0)	(220, 0.0)	(225, 0.0)	(230, 5.464996017384153e-05)	(235, 8.197494026076229e-05)	(240, 0.0002459248207822869)	(245, 0.0)	(250, 0.0)
092023-BEL-CBC-T2-179-SSID_S33_R1_16S	(1, 0.0005422567097489623)	(2, 0.005693695452364103)	(3, 0.001897898484121368)	(4, 0.0)	(5, 0.0)	(6, 0.0)	(7, 0.0)	(8, 0.0)	(9, 0.0)	(10, 0.0)	(15, 0.0)	(20, 0.0)	(25, 0.0)	(30, 0.0)	(35, 0.0)	(40, 0.0)	(45, 0.0)	(50, 0.0)	(55, 0.0)	(60, 0.0)	(65, 0.0)	(70, 0.0)	(75, 0.0)	(80, 0.0)	(85, 0.0)	(90, 0.0)	(95, 0.0)	(100, 0.0)	(105, 0.0)	(110, 0.0)	(115, 0.0)	(120, 0.0)	(125, 0.0)	(130, 0.0)	(135, 0.0)	(140, 0.0)	(145, 0.0)	(150, 0.00010845134194979245)	(155, 0.0)	(160, 0.0)	(165, 1.8682370420980996)	(170, 0.0)	(175, 0.0)	(180, 0.00032535402584937736)	(185, 0.0)	(190, 0.0)	(195, 0.0)	(200, 0.0)	(205, 0.0)	(210, 5.4225670974896226e-05)	(215, 0.0)	(220, 0.0)	(225, 0.0)	(230, 0.0)	(235, 0.0)	(240, 0.00016267701292468868)	(245, 0.0)	(250, 0.0)
092023-BEL-CBC-T2-183-MCAV_S11_R1_16S	(1, 0.00018667268997212975)	(2, 0.004853489939275374)	(3, 0.0013067088298049083)	(4, 0.0)	(5, 0.0)	(6, 0.0)	(7, 0.0)	(8, 0.0)	(9, 0.0)	(10, 0.0)	(15, 0.0)	(20, 0.0)	(25, 0.0)	(30, 0.0)	(35, 0.0)	(40, 0.0)	(45, 0.0)	(50, 0.00011200361398327787)	(55, 0.0)	(60, 0.0)	(65, 0.0)	(70, 0.0)	(75, 7.46690759888519e-05)	(80, 0.00011200361398327787)	(85, 0.0)	(90, 0.0)	(95, 0.00011200361398327787)	(100, 7.46690759888519e-05)	(105, 0.0)	(110, 0.0)	(115, 0.0001493381519777038)	(120, 0.00011200361398327787)	(125, 0.0)	(130, 0.0)	(135, 0.0)	(140, 0.0)	(145, 0.0)	(150, 0.0002986763039554076)	(155, 0.0)	(160, 0.0)	(165, 1.8730737711803502)	(170, 0.0)	(175, 0.0)	(180, 0.0005973526079108152)	(185, 0.0)	(190, 0.0)	(195, 0.0)	(200, 0.0)	(205, 0.0)	(210, 7.46690759888519e-05)	(215, 0.0)	(220, 0.0)	(225, 0.0)	(230, 3.733453799442595e-05)	(235, 0.00018667268997212975)	(240, 0.0005973526079108152)	(245, 0.0)	(250, 0.0)
092023-BEL-CBC-T3-174-OFAV_S3_R1_16S	(1, 0.0)	(2, 0.0037615881182352087)	(3, 0.0008493908654079503)	(4, 0.0)	(5, 0.0)	(6, 0.0)	(7, 0.0)	(8, 0.0)	(9, 0.0)	(10, 0.0)	(15, 0.0)	(20, 0.0)	(25, 0.0)	(30, 0.0)	(35, 0.0)	(40, 2.426831044022715e-05)	(45, 0.0)	(50, 9.70732417609086e-05)	(55, 0.0)	(60, 2.426831044022715e-05)	(65, 9.70732417609086e-05)	(70, 0.0)	(75, 0.00012134155220113576)	(80, 9.70732417609086e-05)	(85, 0.0)	(90, 4.85366208804543e-05)	(95, 0.0001456098626413629)	(100, 0.0001941464835218172)	(105, 4.85366208804543e-05)	(110, 4.85366208804543e-05)	(115, 0.0001456098626413629)	(120, 0.0001456098626413629)	(125, 2.426831044022715e-05)	(130, 0.0)	(135, 0.0)	(140, 0.0)	(145, 0.0)	(150, 0.00012134155220113576)	(155, 0.0)	(160, 0.0)	(165, 1.8608212396252974)	(170, 0.0)	(175, 0.0)	(180, 0.00031548803572295297)	(185, 0.0)	(190, 0.0)	(195, 0.0)	(200, 0.0)	(205, 0.0)	(210, 4.85366208804543e-05)	(215, 0.0)	(220, 0.0)	(225, 0.0)	(230, 0.0)	(235, 9.70732417609086e-05)	(240, 0.00033975634616318013)	(245, 0.0)	(250, 0.0)
092023-BEL-CBC-T3-175-MCAV_S78_R1_16S	(1, 0.00021316711982443556)	(2, 0.006075262914996413)	(3, 0.003517257477103187)	(4, 0.00010658355991221778)	(5, 0.0)	(6, 0.0)	(7, 0.0)	(8, 0.0)	(9, 0.0)	(10, 0.0)	(15, 0.0)	(20, 0.0)	(25, 0.0)	(30, 0.0)	(35, 0.0)	(40, 0.0)	(45, 0.0)	(50, 0.0)	(55, 0.0)	(60, 0.0)	(65, 0.0)	(70, 0.0)	(75, 0.0)	(80, 2.1316711982443556e-05)	(85, 0.0)	(90, 0.0)	(95, 0.0)	(100, 0.0)	(105, 0.0)	(110, 0.0)	(115, 6.395013594733067e-05)	(120, 6.395013594733067e-05)	(125, 0.0)	(130, 0.0)	(135, 0.0)	(140, 0.0)	(145, 0.0)	(150, 0.000191850407841992)	(155, 0.0)	(160, 0.0)	(165, 1.853722590705274)	(170, 0.0)	(175, 0.0)	(180, 0.0002344838318068791)	(185, 0.0)	(190, 0.0)	(195, 0.0)	(200, 0.0)	(205, 0.0)	(210, 4.263342396488711e-05)	(215, 0.0)	(220, 0.0)	(225, 2.1316711982443556e-05)	(230, 0.00010658355991221778)	(235, 0.00012790027189466135)	(240, 0.00036238410370154046)	(245, 0.0)	(250, 0.0)
092023-BEL-CBC-T3-177-SSID_S89_R1_16S	(1, 0.0)	(2, 0.008296393111185707)	(3, 0.002935646793188789)	(4, 0.00012763681709516473)	(5, 0.0)	(6, 0.0)	(7, 0.0)	(8, 0.0)	(9, 0.0)	(10, 0.0)	(15, 0.0)	(20, 0.0)	(25, 0.0)	(30, 0.0)	(35, 0.0)	(40, 0.0)	(45, 0.0)	(50, 0.0)	(55, 0.0)	(60, 0.0)	(65, 0.0)	(70, 0.0)	(75, 0.0)	(80, 0.0)	(85, 0.0)	(90, 0.0)	(95, 0.0)	(100, 0.0)	(105, 0.0)	(110, 0.0)	(115, 2.5527363419032946e-05)	(120, 2.5527363419032946e-05)	(125, 0.0)	(130, 0.0)	(135, 0.0)	(140, 0.0)	(145, 0.0)	(150, 0.0)	(155, 0.0)	(160, 0.0)	(165, 1.8513209772385262)	(170, 0.0)	(175, 0.0)	(180, 0.00010210945367613179)	(185, 0.0)	(190, 0.0)	(195, 0.0)	(200, 0.0)	(205, 0.0)	(210, 0.0)	(215, 0.0)	(220, 0.0)	(225, 0.0)	(230, 0.0)	(235, 0.0)	(240, 2.5527363419032946e-05)	(245, 0.0)	(250, 0.0)
092023-BEL-CBC-T3-182-MCAV_S87_R1_16S	(1, 6.50950550541428e-05)	(2, 0.006965170890793281)	(3, 0.0037104181380861402)	(4, 6.50950550541428e-05)	(5, 0.0)	(6, 0.0)	(7, 0.0)	(8, 0.0)	(9, 0.0)	(10, 0.0)	(15, 0.0)	(20, 0.0)	(25, 0.0)	(30, 0.0)	(35, 0.0)	(40, 0.0)	(45, 0.0)	(50, 1.3019011010828563e-05)	(55, 0.0)	(60, 0.0)	(65, 0.0)	(70, 0.0)	(75, 1.3019011010828563e-05)	(80, 1.3019011010828563e-05)	(85, 0.0)	(90, 0.0)	(95, 1.3019011010828563e-05)	(100, 1.3019011010828563e-05)	(105, 0.0)	(110, 0.0)	(115, 5.207604404331425e-05)	(120, 5.207604404331425e-05)	(125, 0.0)	(130, 0.0)	(135, 0.0)	(140, 0.0)	(145, 0.0)	(150, 0.00024736120920574266)	(155, 0.0)	(160, 0.0)	(165, 1.8612498901520946)	(170, 0.0)	(175, 0.0)	(180, 0.0003775513193140283)	(185, 0.0)	(190, 0.0)	(195, 0.0)	(200, 0.0)	(205, 0.0)	(210, 3.905703303248569e-05)	(215, 0.0)	(220, 0.0)	(225, 0.0)	(230, 6.50950550541428e-05)	(235, 0.0001041520880866285)	(240, 0.00031245626425988553)	(245, 0.0)	(250, 0.0)
092023-BEL-CBC-T4-95-OFAV_S58_R1_16S	(1, 9.882047876545554e-05)	(2, 0.006620972077285519)	(3, 0.003063434841729121)	(4, 0.00019764095753091107)	(5, 0.0)	(6, 0.0)	(7, 0.0)	(8, 0.0)	(9, 0.0)	(10, 0.0)	(15, 0.0)	(20, 0.0)	(25, 0.0)	(30, 0.0)	(35, 0.0)	(40, 0.0)	(45, 0.0)	(50, 1.9764095753091107e-05)	(55, 0.0)	(60, 0.0)	(65, 0.0)	(70, 0.0)	(75, 0.0)	(80, 1.9764095753091107e-05)	(85, 0.0)	(90, 0.0)	(95, 1.9764095753091107e-05)	(100, 0.0)	(105, 0.0)	(110, 0.0)	(115, 3.9528191506182214e-05)	(120, 7.905638301236443e-05)	(125, 0.0)	(130, 0.0)	(135, 0.0)	(140, 0.0)	(145, 0.0)	(150, 0.00015811276602472886)	(155, 0.0)	(160, 0.0)	(165, 1.8493264396167348)	(170, 0.0)	(175, 0.0)	(180, 0.0002964614362963666)	(185, 0.0)	(190, 0.0)	(195, 0.0)	(200, 0.0)	(205, 0.0)	(210, 3.9528191506182214e-05)	(215, 0.0)	(220, 0.0)	(225, 0.0)	(230, 0.0)	(235, 3.9528191506182214e-05)	(240, 0.00025693324479018437)	(245, 0.0)	(250, 0.0)
092023-BEL-CBC-T4-96-MCAV_S36_R1_16S	(1, 0.0)	(2, 0.0043802765668534945)	(3, 0.0011426808435269986)	(4, 0.0)	(5, 0.0)	(6, 0.0)	(7, 0.0)	(8, 0.0)	(9, 0.0)	(10, 0.0)	(15, 0.0)	(20, 0.0)	(25, 0.0)	(30, 0.0)	(35, 0.0)	(40, 0.0)	(45, 0.0)	(50, 0.0)	(55, 0.0)	(60, 0.0)	(65, 0.0)	(70, 0.0)	(75, 0.0)	(80, 0.0)	(85, 0.0)	(90, 0.0)	(95, 0.0)	(100, 0.0)	(105, 0.0)	(110, 0.0)	(115, 3.808936145089996e-05)	(120, 7.617872290179992e-05)	(125, 0.0)	(130, 0.0)	(135, 0.0)	(140, 0.0)	(145, 0.0)	(150, 0.00011426808435269987)	(155, 0.0)	(160, 0.0)	(165, 1.851866664381305)	(170, 0.0)	(175, 0.0)	(180, 0.00022853616870539974)	(185, 0.0)	(190, 0.0)	(195, 0.0)	(200, 0.0)	(205, 0.0)	(210, 0.0)	(215, 0.0)	(220, 0.0)	(225, 0.0)	(230, 0.0)	(235, 7.617872290179992e-05)	(240, 0.0002666255301562997)	(245, 0.0)	(250, 0.0)
112023-BEL-CBC-T1-274-PAST_S2_R1_16S	(1, 0.0)	(2, 0.005192276488723024)	(3, 0.0014603277624533507)	(4, 0.0)	(5, 0.0)	(6, 0.0)	(7, 0.0)	(8, 0.0)	(9, 0.0)	(10, 0.0)	(15, 0.0)	(20, 0.0)	(25, 0.0)	(30, 0.0)	(35, 0.0)	(40, 0.0)	(45, 0.0)	(50, 3.2451728054518906e-05)	(55, 0.0)	(60, 0.0)	(65, 0.0)	(70, 0.0)	(75, 0.0)	(80, 3.2451728054518906e-05)	(85, 0.0)	(90, 0.0)	(95, 3.2451728054518906e-05)	(100, 0.0)	(105, 0.0)	(110, 0.0)	(115, 3.2451728054518906e-05)	(120, 3.2451728054518906e-05)	(125, 0.0)	(130, 0.0)	(135, 0.0)	(140, 0.0)	(145, 0.0)	(150, 0.0002920655524906701)	(155, 0.0)	(160, 0.0)	(165, 1.8710692844393966)	(170, 0.0)	(175, 0.0)	(180, 0.0005841311049813402)	(185, 0.0)	(190, 0.0)	(195, 0.0)	(200, 0.0)	(205, 0.0)	(210, 9.735518416355671e-05)	(215, 0.0)	(220, 0.0)	(225, 0.0)	(230, 3.2451728054518906e-05)	(235, 9.735518416355671e-05)	(240, 0.0004218724647087457)	(245, 0.0)	(250, 0.0)
112023-BEL-CBC-T1-275-SSID_S85_R1_16S	(1, 0.00011187158931492076)	(2, 0.0054817078764311175)	(3, 0.003803634036707306)	(4, 0.0)	(5, 0.0)	(6, 0.0)	(7, 0.0)	(8, 0.0)	(9, 0.0)	(10, 0.0)	(15, 0.0)	(20, 0.0)	(25, 0.0)	(30, 0.0)	(35, 0.0)	(40, 0.0)	(45, 0.0)	(50, 0.0)	(55, 0.0)	(60, 0.0)	(65, 0.0)	(70, 0.0)	(75, 0.0)	(80, 0.0)	(85, 0.0)	(90, 0.0)	(95, 0.0)	(100, 0.0)	(105, 0.0)	(110, 0.0)	(115, 2.2374317862984153e-05)	(120, 2.2374317862984153e-05)	(125, 0.0)	(130, 0.0)	(135, 0.0)	(140, 0.0)	(145, 0.0)	(150, 0.0001342459071779049)	(155, 0.0)	(160, 0.0)	(165, 1.879241331629902)	(170, 0.0)	(175, 0.0)	(180, 0.00024611749649282565)	(185, 0.0)	(190, 0.0)	(195, 0.0)	(200, 0.0)	(205, 0.0)	(210, 0.0)	(215, 0.0)	(220, 0.0)	(225, 0.0)	(230, 0.0)	(235, 2.2374317862984153e-05)	(240, 0.00011187158931492076)	(245, 0.0)	(250, 0.0)
112023-BEL-CBC-T2-305-PAST_S68_R1_16S	(1, 0.0)	(2, 0.005017426597736782)	(3, 0.0017919380706202795)	(4, 0.0)	(5, 0.0)	(6, 0.0)	(7, 0.0)	(8, 0.0)	(9, 0.0)	(10, 0.0)	(15, 0.0)	(20, 0.0)	(25, 0.0)	(30, 0.0)	(35, 0.0)	(40, 0.0)	(45, 0.0)	(50, 0.0)	(55, 0.0)	(60, 0.0)	(65, 0.0)	(70, 0.0)	(75, 0.0)	(80, 0.0)	(85, 0.0)	(90, 0.0)	(95, 0.0)	(100, 0.0)	(105, 0.0)	(110, 0.0)	(115, 3.583876141240558e-05)	(120, 3.583876141240558e-05)	(125, 0.0)	(130, 0.0)	(135, 0.0)	(140, 0.0)	(145, 0.0)	(150, 7.167752282481117e-05)	(155, 0.0)	(160, 0.0)	(165, 1.8745464156758742)	(170, 0.0)	(175, 0.0)	(180, 0.00021503256847443353)	(185, 0.0)	(190, 0.0)	(195, 0.0)	(200, 0.0)	(205, 0.0)	(210, 0.0)	(215, 0.0)	(220, 0.0)	(225, 0.0)	(230, 0.0)	(235, 0.0)	(240, 3.583876141240558e-05)	(245, 0.0)	(250, 0.0)
112023-BEL-CBC-T2-306-MCAV_S53_R1_16S	(1, 0.0001715898659025198)	(2, 0.005490875708880634)	(3, 0.001715898659025198)	(4, 0.0)	(5, 0.0)	(6, 0.0)	(7, 0.0)	(8, 0.0)	(9, 0.0)	(10, 0.0)	(15, 0.0)	(20, 0.0)	(25, 0.0)	(30, 0.0)	(35, 0.0)	(40, 0.0)	(45, 0.0)	(50, 0.0)	(55, 0.0)	(60, 0.0)	(65, 0.0)	(70, 0.0)	(75, 0.0)	(80, 0.0)	(85, 0.0)	(90, 0.0)	(95, 0.0)	(100, 0.0)	(105, 0.0)	(110, 0.0)	(115, 0.0)	(120, 0.0)	(125, 0.0)	(130, 0.0)	(135, 0.0)	(140, 0.0)	(145, 0.0)	(150, 0.00020590783908302376)	(155, 0.0)	(160, 0.0)	(165, 1.880007206774368)	(170, 0.0)	(175, 0.0)	(180, 0.0004118156781660475)	(185, 0.0)	(190, 0.0)	(195, 0.0)	(200, 0.0)	(205, 0.0)	(210, 0.0)	(215, 0.0)	(220, 0.0)	(225, 0.0)	(230, 0.0)	(235, 0.0)	(240, 0.00020590783908302376)	(245, 0.0)	(250, 0.0)
112023-BEL-CBC-T2-313-SSID_S32_R1_16S	(1, 0.00041409239229456876)	(2, 0.0057972934921239625)	(3, 0.0030366775434935043)	(4, 0.00013803079743152292)	(5, 0.0)	(6, 0.0)	(7, 0.0)	(8, 0.0)	(9, 0.0)	(10, 0.0)	(15, 0.0)	(20, 0.0)	(25, 0.0)	(30, 0.0)	(35, 0.0)	(40, 0.0)	(45, 0.0)	(50, 0.0)	(55, 0.0)	(60, 0.0)	(65, 0.0)	(70, 0.0)	(75, 0.0)	(80, 0.0)	(85, 0.0)	(90, 0.0)	(95, 0.0)	(100, 0.0)	(105, 0.0)	(110, 0.0)	(115, 5.521231897260917e-05)	(120, 5.521231897260917e-05)	(125, 0.0)	(130, 0.0)	(135, 0.0)	(140, 0.0)	(145, 0.0)	(150, 0.00013803079743152292)	(155, 0.0)	(160, 0.0)	(165, 1.8662868059121354)	(170, 0.0)	(175, 0.0)	(180, 0.00022084927589043668)	(185, 0.0)	(190, 0.0)	(195, 0.0)	(200, 0.0)	(205, 0.0)	(210, 0.0)	(215, 0.0)	(220, 0.0)	(225, 0.0)	(230, 0.0)	(235, 2.7606159486304584e-05)	(240, 0.00011042463794521834)	(245, 0.0)	(250, 0.0)
112023-BEL-CBC-T2-314-SSID_S93_R1_16S	(1, 7.499051370001696e-05)	(2, 0.00464941184940105)	(3, 0.0024746869521005592)	(4, 0.0)	(5, 0.0)	(6, 0.0)	(7, 0.0)	(8, 0.0)	(9, 0.0)	(10, 0.0)	(15, 0.0)	(20, 0.0)	(25, 0.0)	(30, 0.0)	(35, 0.0)	(40, 0.0)	(45, 0.0)	(50, 0.0)	(55, 0.0)	(60, 0.0)	(65, 0.0)	(70, 0.0)	(75, 0.0)	(80, 0.0)	(85, 0.0)	(90, 0.0)	(95, 0.0)	(100, 0.0)	(105, 0.0)	(110, 0.0)	(115, 1.499810274000339e-05)	(120, 4.4994308220010166e-05)	(125, 0.0)	(130, 0.0)	(135, 0.0)	(140, 0.0)	(145, 0.0)	(150, 1.499810274000339e-05)	(155, 0.0)	(160, 0.0)	(165, 1.8682986602194824)	(170, 0.0)	(175, 0.0)	(180, 8.998861644002033e-05)	(185, 0.0)	(190, 0.0)	(195, 0.0)	(200, 0.0)	(205, 0.0)	(210, 0.0)	(215, 0.0)	(220, 0.0)	(225, 0.0)	(230, 0.0)	(235, 0.0)	(240, 8.998861644002033e-05)	(245, 0.0)	(250, 0.0)
112023-BEL-CBC-T3-353-MCAV_S35_R1_16S	(1, 0.00018754618324762473)	(2, 0.005663894734078266)	(3, 0.0031132666419105702)	(4, 0.00015003694659809978)	(5, 0.0)	(6, 0.0)	(7, 0.0)	(8, 0.0)	(9, 0.0)	(10, 0.0)	(15, 0.0)	(20, 0.0)	(25, 0.0)	(30, 0.0)	(35, 0.0)	(40, 0.0)	(45, 0.0)	(50, 2.250554198971497e-05)	(55, 0.0)	(60, 0.0)	(65, 3.0007389319619958e-05)	(70, 0.0)	(75, 2.250554198971497e-05)	(80, 2.250554198971497e-05)	(85, 0.0)	(90, 1.5003694659809979e-05)	(95, 5.251293130933493e-05)	(100, 6.0014778639239916e-05)	(105, 1.5003694659809979e-05)	(110, 1.5003694659809979e-05)	(115, 6.75166259691449e-05)	(120, 6.75166259691449e-05)	(125, 7.5018473299049894e-06)	(130, 0.0)	(135, 0.0)	(140, 0.0)	(145, 0.0)	(150, 0.00022505541989714965)	(155, 0.0)	(160, 0.0)	(165, 1.8741039981095344)	(170, 0.0)	(175, 0.0)	(180, 0.0003225794351859145)	(185, 0.0)	(190, 0.0)	(195, 0.0)	(200, 0.0)	(205, 0.0)	(210, 7.5018473299049894e-06)	(215, 0.0)	(220, 0.0)	(225, 0.0)	(230, 4.501108397942994e-05)	(235, 9.752401528876485e-05)	(240, 0.0002550628092167696)	(245, 0.0)	(250, 0.0)
112023-BEL-CBC-T3-354-PSTR_S26_R1_16S	(1, 0.0)	(2, 0.007285531335805512)	(3, 0.002005192110772159)	(4, 0.00020051921107721592)	(5, 0.0)	(6, 0.0)	(7, 0.0)	(8, 0.0)	(9, 0.0)	(10, 0.0)	(15, 0.0)	(20, 0.0)	(25, 0.0)	(30, 0.0)	(35, 0.0)	(40, 0.0)	(45, 0.0)	(50, 0.0)	(55, 0.0)	(60, 0.0)	(65, 0.0)	(70, 0.0)	(75, 0.0)	(80, 0.0)	(85, 0.0)	(90, 0.0)	(95, 0.0)	(100, 0.0)	(105, 0.0)	(110, 0.0)	(115, 2.673589481029546e-05)	(120, 2.673589481029546e-05)	(125, 0.0)	(130, 0.0)	(135, 0.0)	(140, 0.0)	(145, 0.0)	(150, 0.0002272551058875114)	(155, 0.0)	(160, 0.0)	(165, 1.8574896598926822)	(170, 0.0)	(175, 0.0)	(180, 0.0003876704747492841)	(185, 0.0)	(190, 0.0)	(195, 0.0)	(200, 0.0)	(205, 0.0)	(210, 0.0)	(215, 0.0)	(220, 0.0)	(225, 0.0)	(230, 2.673589481029546e-05)	(235, 0.00010694357924118184)	(240, 0.00014704742145662503)	(245, 0.0)	(250, 0.0)
112023-BEL-CBC-T3-357-OFAV_S10_R1_16S	(1, 0.00015062532102021544)	(2, 0.006476888803869263)	(3, 0.0019581291732628007)	(4, 0.0)	(5, 0.0)	(6, 0.0)	(7, 0.0)	(8, 0.0)	(9, 0.0)	(10, 0.0)	(15, 0.0)	(20, 0.0)	(25, 0.0)	(30, 0.0)	(35, 0.0)	(40, 0.0)	(45, 0.0)	(50, 0.0)	(55, 0.0)	(60, 0.0)	(65, 0.0)	(70, 0.0)	(75, 0.0)	(80, 0.0)	(85, 0.0)	(90, 0.0)	(95, 0.0)	(100, 0.0)	(105, 0.0)	(110, 0.0)	(115, 0.0)	(120, 0.0)	(125, 0.0)	(130, 0.0)	(135, 0.0)	(140, 0.0)	(145, 0.0)	(150, 0.0002410005136323447)	(155, 0.0)	(160, 0.0)	(165, 1.855613579776442)	(170, 0.0)	(175, 0.0)	(180, 0.000361500770448517)	(185, 0.0)	(190, 0.0)	(195, 0.0)	(200, 0.0)	(205, 0.0)	(210, 6.0250128408086174e-05)	(215, 0.0)	(220, 0.0)	(225, 0.0)	(230, 0.0)	(235, 3.0125064204043087e-05)	(240, 0.000361500770448517)	(245, 0.0)	(250, 0.0)
112023-BEL-CBC-T3-359-PAST_S38_R1_16S	(1, 0.00015755698442234095)	(2, 0.006459836361315979)	(3, 0.004096481594980865)	(4, 0.00015755698442234095)	(5, 0.0)	(6, 0.0)	(7, 0.0)	(8, 0.0)	(9, 0.0)	(10, 0.0)	(15, 0.0)	(20, 0.0)	(25, 0.0)	(30, 0.0)	(35, 0.0)	(40, 0.0)	(45, 0.0)	(50, 0.0)	(55, 0.0)	(60, 0.0)	(65, 0.0)	(70, 0.0)	(75, 0.0)	(80, 0.0)	(85, 0.0)	(90, 0.0)	(95, 0.0)	(100, 0.0)	(105, 0.0)	(110, 0.0)	(115, 3.151139688446819e-05)	(120, 9.453419065340458e-05)	(125, 0.0)	(130, 0.0)	(135, 0.0)	(140, 0.0)	(145, 0.0)	(150, 0.00018906838130680915)	(155, 0.0)	(160, 0.0)	(165, 1.8579434717051289)	(170, 0.0)	(175, 0.0)	(180, 0.00025209117507574554)	(185, 0.0)	(190, 0.0)	(195, 0.0)	(200, 0.0)	(205, 0.0)	(210, 6.302279376893638e-05)	(215, 0.0)	(220, 0.0)	(225, 6.302279376893638e-05)	(230, 0.00015755698442234095)	(235, 0.00012604558753787277)	(240, 0.00018906838130680915)	(245, 0.0)	(250, 0.0)
112023-BEL-CBC-T4-397-PSTR_S20_R1_16S	(1, 0.00011826922451460832)	(2, 0.005972595837987721)	(3, 0.0026610575515786873)	(4, 5.913461225730416e-05)	(5, 0.0)	(6, 0.0)	(7, 0.0)	(8, 0.0)	(9, 0.0)	(10, 0.0)	(15, 0.0)	(20, 0.0)	(25, 0.0)	(30, 0.0)	(35, 0.0)	(40, 0.0)	(45, 0.0)	(50, 0.0)	(55, 0.0)	(60, 0.0)	(65, 0.0)	(70, 0.0)	(75, 0.0)	(80, 0.0)	(85, 0.0)	(90, 0.0)	(95, 0.0)	(100, 0.0)	(105, 0.0)	(110, 0.0)	(115, 2.3653844902921663e-05)	(120, 2.3653844902921663e-05)	(125, 0.0)	(130, 0.0)	(135, 0.0)	(140, 0.0)	(145, 0.0)	(150, 9.461537961168665e-05)	(155, 0.0)	(160, 0.0)	(165, 1.8751940354464691)	(170, 0.0)	(175, 0.0)	(180, 0.0002247115265777558)	(185, 0.0)	(190, 0.0)	(195, 0.0)	(200, 0.0)	(205, 0.0)	(210, 1.1826922451460831e-05)	(215, 0.0)	(220, 0.0)	(225, 0.0)	(230, 0.0)	(235, 0.0)	(240, 0.00011826922451460832)	(245, 0.0)	(250, 0.0)
112023-BEL-CBC-T4-398-PSTR_S59_R1_16S	(1, 0.00012171084060200615)	(2, 0.005476987827090277)	(3, 0.0027993493338461417)	(4, 6.085542030100307e-05)	(5, 0.0)	(6, 0.0)	(7, 0.0)	(8, 0.0)	(9, 0.0)	(10, 0.0)	(15, 0.0)	(20, 0.0)	(25, 0.0)	(30, 0.0)	(35, 0.0)	(40, 0.0)	(45, 0.0)	(50, 7.30265043612037e-05)	(55, 0.0)	(60, 0.0)	(65, 9.736867248160493e-05)	(70, 0.0)	(75, 7.30265043612037e-05)	(80, 7.30265043612037e-05)	(85, 0.0)	(90, 4.8684336240802464e-05)	(95, 0.0001460530087224074)	(100, 0.00021907951308361111)	(105, 7.30265043612037e-05)	(110, 7.30265043612037e-05)	(115, 0.00017039517684280862)	(120, 0.0001460530087224074)	(125, 2.4342168120401232e-05)	(130, 0.0)	(135, 0.0)	(140, 0.0)	(145, 0.0)	(150, 0.0002069084290234105)	(155, 0.0)	(160, 0.0)	(165, 1.8529623505771222)	(170, 0.0)	(175, 0.0)	(180, 0.00032861926962541666)	(185, 0.0)	(190, 0.0)	(195, 0.0)	(200, 0.0)	(205, 0.0)	(210, 3.651325218060185e-05)	(215, 0.0)	(220, 0.0)	(225, 0.0)	(230, 1.2171084060200616e-05)	(235, 3.651325218060185e-05)	(240, 0.0002921060174448148)	(245, 0.0)	(250, 0.0)
122022-BEL-CBC-T1-150-PAST_S31_R1_16S	(1, 0.00015846152871005977)	(2, 0.005704615033562152)	(3, 0.0026938459880710163)	(4, 0.00015846152871005977)	(5, 0.0)	(6, 0.0)	(7, 0.0)	(8, 0.0)	(9, 0.0)	(10, 0.0)	(15, 0.0)	(20, 0.0)	(25, 0.0)	(30, 0.0)	(35, 0.0)	(40, 0.0)	(45, 0.0)	(50, 0.0)	(55, 0.0)	(60, 0.0)	(65, 0.0)	(70, 0.0)	(75, 0.0)	(80, 0.0)	(85, 0.0)	(90, 0.0)	(95, 0.0)	(100, 0.0)	(105, 0.0)	(110, 0.0)	(115, 0.0)	(120, 0.0)	(125, 0.0)	(130, 0.0)	(135, 0.0)	(140, 0.0)	(145, 0.0)	(150, 0.00025353844593609565)	(155, 0.0)	(160, 0.0)	(165, 1.837012810029981)	(170, 0.0)	(175, 0.0)	(180, 0.0002852307516781076)	(185, 0.0)	(190, 0.0)	(195, 0.0)	(200, 0.0)	(205, 0.0)	(210, 0.0)	(215, 0.0)	(220, 0.0)	(225, 0.0)	(230, 6.338461148402391e-05)	(235, 0.0001901538344520717)	(240, 0.00022184614019408368)	(245, 0.0)	(250, 0.0)
122022-BEL-CBC-T1-156-SSID_S22_R1_16S	(1, 0.0)	(2, 0.007738566966574985)	(3, 0.0020511864248752973)	(4, 0.00018647149317048157)	(5, 0.0)	(6, 0.0)	(7, 0.0)	(8, 0.0)	(9, 0.0)	(10, 0.0)	(15, 0.0)	(20, 0.0)	(25, 0.0)	(30, 0.0)	(35, 0.0)	(40, 0.0)	(45, 0.0)	(50, 1.8647149317048156e-05)	(55, 0.0)	(60, 0.0)	(65, 0.0)	(70, 0.0)	(75, 0.0)	(80, 1.8647149317048156e-05)	(85, 0.0)	(90, 0.0)	(95, 1.8647149317048156e-05)	(100, 0.0)	(105, 0.0)	(110, 0.0)	(115, 1.8647149317048156e-05)	(120, 3.729429863409631e-05)	(125, 0.0)	(130, 0.0)	(135, 0.0)	(140, 0.0)	(145, 0.0)	(150, 0.00018647149317048157)	(155, 0.0)	(160, 0.0)	(165, 1.849293739219617)	(170, 0.0)	(175, 0.0)	(180, 0.0002983543890727705)	(185, 0.0)	(190, 0.0)	(195, 0.0)	(200, 0.0)	(205, 0.0)	(210, 5.594144795114447e-05)	(215, 0.0)	(220, 0.0)	(225, 5.594144795114447e-05)	(230, 0.00014917719453638525)	(235, 0.00014917719453638525)	(240, 0.00031700153838981864)	(245, 0.0)	(250, 0.0)
122022-BEL-CBC-T1-158-PAST_S60_R1_16S	(1, 0.00015231874830545393)	(2, 0.005178837442385433)	(3, 0.002437099972887263)	(4, 0.00015231874830545393)	(5, 0.0)	(6, 0.0)	(7, 0.0)	(8, 0.0)	(9, 0.0)	(10, 0.0)	(15, 0.0)	(20, 0.0)	(25, 0.0)	(30, 0.0)	(35, 0.0)	(40, 0.0)	(45, 0.0)	(50, 0.0)	(55, 0.0)	(60, 0.0)	(65, 0.0)	(70, 0.0)	(75, 0.0)	(80, 0.0)	(85, 0.0)	(90, 0.0)	(95, 0.0)	(100, 0.0)	(105, 0.0)	(110, 0.0)	(115, 0.0)	(120, 0.0)	(125, 0.0)	(130, 0.0)	(135, 0.0)	(140, 0.0)	(145, 0.0)	(150, 0.0001827824979665447)	(155, 0.0)	(160, 0.0)	(165, 1.8560344118516172)	(170, 0.0)	(175, 0.0)	(180, 0.00027417374694981705)	(185, 0.0)	(190, 0.0)	(195, 0.0)	(200, 0.0)	(205, 0.0)	(210, 0.0)	(215, 0.0)	(220, 0.0)	(225, 0.0)	(230, 0.0)	(235, 3.0463749661090782e-05)	(240, 0.00015231874830545393)	(245, 0.0)	(250, 0.0)
122022-BEL-CBC-T2-87-OFAV_S88_R1_16S	(1, 0.00019415326847319812)	(2, 0.005436291517249547)	(3, 0.004756755077593353)	(4, 0.00019415326847319812)	(5, 0.0)	(6, 0.0)	(7, 0.0)	(8, 0.0)	(9, 0.0)	(10, 0.0)	(15, 0.0)	(20, 0.0)	(25, 0.0)	(30, 0.0)	(35, 0.0)	(40, 0.0)	(45, 0.0)	(50, 0.0)	(55, 0.0)	(60, 0.0)	(65, 0.0)	(70, 0.0)	(75, 0.0)	(80, 0.0)	(85, 0.0)	(90, 0.0)	(95, 0.0)	(100, 0.0)	(105, 0.0)	(110, 0.0)	(115, 3.883065369463962e-05)	(120, 3.883065369463962e-05)	(125, 0.0)	(130, 0.0)	(135, 0.0)	(140, 0.0)	(145, 0.0)	(150, 0.0001359072879312387)	(155, 0.0)	(160, 0.0)	(165, 1.867773858039013)	(170, 0.0)	(175, 0.0)	(180, 0.00019415326847319812)	(185, 0.0)	(190, 0.0)	(195, 0.0)	(200, 0.0)	(205, 0.0)	(210, 1.941532684731981e-05)	(215, 0.0)	(220, 0.0)	(225, 0.0)	(230, 3.883065369463962e-05)	(235, 5.824598054195943e-05)	(240, 0.00019415326847319812)	(245, 0.0)	(250, 0.0)
122022-BEL-CBC-T2-92-MCAV_S28_R1_16S	(1, 0.00015610608969855914)	(2, 0.006556455767339484)	(3, 0.0024976974351769462)	(4, 0.0)	(5, 0.0)	(6, 0.0)	(7, 0.0)	(8, 0.0)	(9, 0.0)	(10, 0.0)	(15, 0.0)	(20, 0.0)	(25, 0.0)	(30, 0.0)	(35, 0.0)	(40, 0.0)	(45, 0.0)	(50, 0.0)	(55, 0.0)	(60, 0.0)	(65, 0.0)	(70, 0.0)	(75, 0.0)	(80, 0.0)	(85, 0.0)	(90, 0.0)	(95, 0.0)	(100, 0.0)	(105, 0.0)	(110, 0.0)	(115, 0.0)	(120, 0.0)	(125, 0.0)	(130, 0.0)	(135, 0.0)	(140, 0.0)	(145, 0.0)	(150, 0.00015610608969855914)	(155, 0.0)	(160, 0.0)	(165, 1.8657175416412997)	(170, 0.0)	(175, 0.0)	(180, 0.0002809909614574065)	(185, 0.0)	(190, 0.0)	(195, 0.0)	(200, 0.0)	(205, 0.0)	(210, 0.0)	(215, 0.0)	(220, 0.0)	(225, 0.0)	(230, 0.0)	(235, 0.0)	(240, 0.0)	(245, 0.0)	(250, 0.0)
122022-BEL-CBC-T3-116-PAST_S50_R1_16S	(1, 0.0)	(2, 0.007087630851532623)	(3, 0.0023111839733258553)	(4, 0.0004622367946651711)	(5, 0.0)	(6, 0.0)	(7, 0.0)	(8, 0.0)	(9, 0.0)	(10, 0.0)	(15, 0.0)	(20, 0.0)	(25, 0.0)	(30, 0.0)	(35, 0.0)	(40, 0.0)	(45, 0.0)	(50, 0.0)	(55, 0.0)	(60, 0.0)	(65, 0.0)	(70, 0.0)	(75, 0.0)	(80, 0.0)	(85, 0.0)	(90, 0.0)	(95, 0.0)	(100, 0.0)	(105, 0.0)	(110, 0.0)	(115, 6.16315726220228e-05)	(120, 9.244735893303422e-05)	(125, 0.0)	(130, 0.0)	(135, 0.0)	(140, 0.0)	(145, 0.0)	(150, 0.00027734207679910264)	(155, 0.0)	(160, 0.0)	(165, 1.8653103611918311)	(170, 0.0)	(175, 0.0)	(180, 0.0004314210083541597)	(185, 0.0)	(190, 0.0)	(195, 0.0)	(200, 0.0)	(205, 0.0)	(210, 0.0)	(215, 0.0)	(220, 0.0)	(225, 0.0)	(230, 0.0)	(235, 6.16315726220228e-05)	(240, 0.0003697894357321369)	(245, 0.0)	(250, 0.0)
122022-BEL-CBC-T3-151-PSTR_S43_R1_16S	(1, 0.0)	(2, 0.0060544078543669465)	(3, 0.002945387604827163)	(4, 0.00016363264471262016)	(5, 0.0)	(6, 0.0)	(7, 0.0)	(8, 0.0)	(9, 0.0)	(10, 0.0)	(15, 0.0)	(20, 0.0)	(25, 0.0)	(30, 0.0)	(35, 0.0)	(40, 0.0)	(45, 0.0)	(50, 0.0)	(55, 0.0)	(60, 0.0)	(65, 0.0)	(70, 0.0)	(75, 0.0)	(80, 0.0)	(85, 0.0)	(90, 0.0)	(95, 0.0)	(100, 0.0)	(105, 0.0)	(110, 0.0)	(115, 3.2726528942524036e-05)	(120, 6.545305788504807e-05)	(125, 0.0)	(130, 0.0)	(135, 0.0)	(140, 0.0)	(145, 0.0)	(150, 0.0001963591736551442)	(155, 0.0)	(160, 0.0)	(165, 1.8641358150951117)	(170, 0.0)	(175, 0.0)	(180, 0.0002945387604827163)	(185, 0.0)	(190, 0.0)	(195, 0.0)	(200, 0.0)	(205, 0.0)	(210, 3.2726528942524036e-05)	(215, 0.0)	(220, 0.0)	(225, 0.0)	(230, 0.0)	(235, 3.2726528942524036e-05)	(240, 0.0002945387604827163)	(245, 0.0)	(250, 0.0)
122022-BEL-CBC-T4-1-OFAV_S92_R1_16S	(1, 0.0)	(2, 0.008662850765834226)	(3, 0.002802687012475779)	(4, 0.0)	(5, 0.0)	(6, 0.0)	(7, 0.0)	(8, 0.0)	(9, 0.0)	(10, 0.0)	(15, 0.0)	(20, 0.0)	(25, 0.0)	(30, 0.0)	(35, 0.0)	(40, 0.0)	(45, 0.0)	(50, 0.0)	(55, 0.0)	(60, 0.0)	(65, 0.0)	(70, 0.0)	(75, 0.0)	(80, 0.0)	(85, 0.0)	(90, 0.0)	(95, 0.0)	(100, 0.0)	(105, 0.0)	(110, 0.0)	(115, 0.0)	(120, 0.0)	(125, 0.0)	(130, 0.0)	(135, 0.0)	(140, 0.0)	(145, 0.0)	(150, 0.0)	(155, 0.0)	(160, 0.0)	(165, 1.8503084866636685)	(170, 0.0)	(175, 0.0)	(180, 7.64369185220667e-05)	(185, 0.0)	(190, 0.0)	(195, 0.0)	(200, 0.0)	(205, 0.0)	(210, 0.0)	(215, 0.0)	(220, 0.0)	(225, 0.0)	(230, 0.0)	(235, 0.0)	(240, 0.0)	(245, 0.0)	(250, 0.0)
122022-BEL-CBC-T4-11-MCAV_S9_R1_16S	(1, 0.00042591795968260595)	(2, 0.0029814257177782416)	(3, 0.0014907128588891208)	(4, 0.0)	(5, 0.0)	(6, 0.0)	(7, 0.0)	(8, 0.0)	(9, 0.0)	(10, 0.0)	(15, 0.0)	(20, 0.0)	(25, 0.0)	(30, 0.0)	(35, 0.0)	(40, 0.0)	(45, 0.0)	(50, 0.0)	(55, 0.0)	(60, 0.0)	(65, 0.0)	(70, 0.0)	(75, 0.0)	(80, 0.0)	(85, 0.0)	(90, 0.0)	(95, 0.0)	(100, 0.0)	(105, 0.0)	(110, 0.0)	(115, 0.0)	(120, 0.0)	(125, 0.0)	(130, 0.0)	(135, 0.0)	(140, 0.0)	(145, 0.0)	(150, 4.2591795968260595e-05)	(155, 0.0)	(160, 0.0)	(165, 1.8943979010762946)	(170, 0.0)	(175, 0.0)	(180, 0.00012777538790478178)	(185, 0.0)	(190, 0.0)	(195, 0.0)	(200, 0.0)	(205, 0.0)	(210, 0.0)	(215, 0.0)	(220, 0.0)	(225, 0.0)	(230, 0.0)	(235, 0.0)	(240, 0.00021295897984130297)	(245, 0.0)	(250, 0.0)
122023-BEL-CBC-T1-506-PAST_S52_R1_16S	(1, 0.0)	(2, 0.008226549494793078)	(3, 0.001935658704657195)	(4, 0.00032260978410953247)	(5, 0.0)	(6, 0.0)	(7, 0.0)	(8, 0.0)	(9, 0.0)	(10, 0.0)	(15, 0.0)	(20, 0.0)	(25, 0.0)	(30, 0.0)	(35, 0.0)	(40, 0.0)	(45, 0.0)	(50, 0.0)	(55, 0.0)	(60, 0.0)	(65, 0.0)	(70, 0.0)	(75, 0.0)	(80, 0.0)	(85, 0.0)	(90, 0.0)	(95, 0.0)	(100, 0.0)	(105, 0.0)	(110, 0.0)	(115, 3.226097841095325e-05)	(120, 3.226097841095325e-05)	(125, 0.0)	(130, 0.0)	(135, 0.0)	(140, 0.0)	(145, 0.0)	(150, 0.00019356587046571948)	(155, 0.0)	(160, 0.0)	(165, 1.8696527428283845)	(170, 0.0)	(175, 0.0)	(180, 0.0003548707625204857)	(185, 0.0)	(190, 0.0)	(195, 0.0)	(200, 0.0)	(205, 0.0)	(210, 0.0)	(215, 0.0)	(220, 0.0)	(225, 0.0)	(230, 0.0)	(235, 3.226097841095325e-05)	(240, 0.000129043913643813)	(245, 0.0)	(250, 0.0)
122023-BEL-CBC-T1-510-PSTR_S65_R1_16S	(1, 0.00016078152684569153)	(2, 0.005627353439599204)	(3, 0.00209015984899399)	(4, 0.00016078152684569153)	(5, 0.0)	(6, 0.0)	(7, 0.0)	(8, 0.0)	(9, 0.0)	(10, 0.0)	(15, 0.0)	(20, 0.0)	(25, 0.0)	(30, 0.0)	(35, 0.0)	(40, 0.0)	(45, 0.0)	(50, 0.0)	(55, 0.0)	(60, 0.0)	(65, 0.0)	(70, 0.0)	(75, 0.0)	(80, 0.0)	(85, 0.0)	(90, 0.0)	(95, 0.0)	(100, 0.0)	(105, 0.0)	(110, 0.0)	(115, 0.0)	(120, 0.0)	(125, 0.0)	(130, 0.0)	(135, 0.0)	(140, 0.0)	(145, 0.0)	(150, 0.0)	(155, 0.0)	(160, 0.0)	(165, 1.852556908621427)	(170, 0.0)	(175, 0.0)	(180, 0.0001286252214765532)	(185, 0.0)	(190, 0.0)	(195, 0.0)	(200, 0.0)	(205, 0.0)	(210, 0.0)	(215, 0.0)	(220, 0.0)	(225, 0.0)	(230, 0.0)	(235, 0.0)	(240, 3.21563053691383e-05)	(245, 0.0)	(250, 0.0)
122023-BEL-CBC-T2-512-OFAV_S45_R1_16S	(1, 0.00015100083352460105)	(2, 0.006644036675082446)	(3, 0.002265012502869016)	(4, 0.00045300250057380315)	(5, 0.0)	(6, 0.0)	(7, 0.0)	(8, 0.0)	(9, 0.0)	(10, 0.0)	(15, 0.0)	(20, 0.0)	(25, 0.0)	(30, 0.0)	(35, 0.0)	(40, 0.0)	(45, 0.0)	(50, 0.0)	(55, 0.0)	(60, 0.0)	(65, 0.0)	(70, 0.0)	(75, 0.0)	(80, 0.0)	(85, 0.0)	(90, 0.0)	(95, 0.0)	(100, 0.0)	(105, 0.0)	(110, 0.0)	(115, 0.0)	(120, 0.0)	(125, 0.0)	(130, 0.0)	(135, 0.0)	(140, 0.0)	(145, 0.0)	(150, 9.060050011476063e-05)	(155, 0.0)	(160, 0.0)	(165, 1.8880540220582018)	(170, 0.0)	(175, 0.0)	(180, 0.0002416013336393617)	(185, 0.0)	(190, 0.0)	(195, 0.0)	(200, 0.0)	(205, 0.0)	(210, 3.0200166704920212e-05)	(215, 0.0)	(220, 0.0)	(225, 0.0)	(230, 0.0)	(235, 3.0200166704920212e-05)	(240, 0.00018120100022952127)	(245, 0.0)	(250, 0.0)
122023-BEL-CBC-T3-523-MCAV_S49_R1_16S	(1, 0.0)	(2, 0.005707163594923939)	(3, 0.001288714360144115)	(4, 0.0001841020514491593)	(5, 0.0)	(6, 0.0)	(7, 0.0)	(8, 0.0)	(9, 0.0)	(10, 0.0)	(15, 0.0)	(20, 0.0)	(25, 0.0)	(30, 0.0)	(35, 0.0)	(40, 0.0)	(45, 0.0)	(50, 0.0)	(55, 0.0)	(60, 0.0)	(65, 0.0)	(70, 0.0)	(75, 0.0)	(80, 0.0)	(85, 0.0)	(90, 0.0)	(95, 0.0)	(100, 0.0)	(105, 0.0)	(110, 0.0)	(115, 0.0)	(120, 0.0)	(125, 0.0)	(130, 0.0)	(135, 0.0)	(140, 0.0)	(145, 0.0)	(150, 3.682041028983186e-05)	(155, 0.0)	(160, 0.0)	(165, 1.86576383020636)	(170, 0.0)	(175, 0.0)	(180, 0.00014728164115932743)	(185, 0.0)	(190, 0.0)	(195, 0.0)	(200, 0.0)	(205, 0.0)	(210, 0.0)	(215, 0.0)	(220, 0.0)	(225, 0.0)	(230, 0.0)	(235, 0.0)	(240, 0.0)	(245, 0.0)	(250, 0.0)
122023-BEL-CBC-T3-528-PAST_S82_R1_16S	(1, 9.29941897230261e-05)	(2, 0.006416599090888802)	(3, 0.0025108431225217046)	(4, 9.29941897230261e-05)	(5, 0.0)	(6, 0.0)	(7, 0.0)	(8, 0.0)	(9, 0.0)	(10, 0.0)	(15, 0.0)	(20, 0.0)	(25, 0.0)	(30, 0.0)	(35, 0.0)	(40, 0.0)	(45, 0.0)	(50, 1.859883794460522e-05)	(55, 0.0)	(60, 0.0)	(65, 0.0)	(70, 0.0)	(75, 0.0)	(80, 3.719767588921044e-05)	(85, 0.0)	(90, 0.0)	(95, 1.859883794460522e-05)	(100, 0.0)	(105, 0.0)	(110, 0.0)	(115, 0.00011159302766763134)	(120, 0.00011159302766763134)	(125, 0.0)	(130, 0.0)	(135, 0.0)	(140, 0.0)	(145, 0.0)	(150, 0.00024178489327986787)	(155, 0.0)	(160, 0.0)	(165, 1.8737213298913085)	(170, 0.0)	(175, 0.0)	(180, 0.00040917443478131484)	(185, 0.0)	(190, 0.0)	(195, 0.0)	(200, 0.0)	(205, 0.0)	(210, 5.579651383381567e-05)	(215, 0.0)	(220, 0.0)	(225, 0.0)	(230, 9.29941897230261e-05)	(235, 0.0001859883794460522)	(240, 0.0004649709486151305)	(245, 0.0)	(250, 0.0)
122023-BEL-CBC-T3-529-MCAV_S71_R1_16S	(1, 0.00021598738633663795)	(2, 0.0073435711354456895)	(3, 0.0021598738633663793)	(4, 0.00010799369316831898)	(5, 0.0)	(6, 0.0)	(7, 0.0)	(8, 0.0)	(9, 0.0)	(10, 0.0)	(15, 0.0)	(20, 0.0)	(25, 0.0)	(30, 0.0)	(35, 0.0)	(40, 0.0)	(45, 0.0)	(50, 0.0)	(55, 0.0)	(60, 0.0)	(65, 0.0)	(70, 0.0)	(75, 0.0)	(80, 0.0)	(85, 0.0)	(90, 0.0)	(95, 0.0)	(100, 0.0)	(105, 0.0)	(110, 0.0)	(115, 4.319747726732759e-05)	(120, 4.319747726732759e-05)	(125, 0.0)	(130, 0.0)	(135, 0.0)	(140, 0.0)	(145, 0.0)	(150, 0.00010799369316831898)	(155, 0.0)	(160, 0.0)	(165, 1.8521350353139379)	(170, 0.0)	(175, 0.0)	(180, 0.00019438864770297416)	(185, 0.0)	(190, 0.0)	(195, 0.0)	(200, 0.0)	(205, 0.0)	(210, 0.0)	(215, 0.0)	(220, 0.0)	(225, 0.0)	(230, 0.0)	(235, 4.319747726732759e-05)	(240, 4.319747726732759e-05)	(245, 0.0)	(250, 0.0)
122023-BEL-CBC-T3-533-OFAV_S61_R1_16S	(1, 0.0)	(2, 0.005803156917363045)	(3, 0.0020955844423811)	(4, 0.00048359640978025377)	(5, 0.0)	(6, 0.0)	(7, 0.0)	(8, 0.0)	(9, 0.0)	(10, 0.0)	(15, 0.0)	(20, 0.0)	(25, 0.0)	(30, 0.0)	(35, 0.0)	(40, 0.0)	(45, 0.0)	(50, 0.0)	(55, 0.0)	(60, 0.0)	(65, 0.0)	(70, 0.0)	(75, 0.0)	(80, 0.0)	(85, 0.0)	(90, 0.0)	(95, 0.0)	(100, 0.0)	(105, 0.0)	(110, 0.0)	(115, 0.0)	(120, 0.0)	(125, 0.0)	(130, 0.0)	(135, 0.0)	(140, 0.0)	(145, 0.0)	(150, 0.00019343856391210154)	(155, 0.0)	(160, 0.0)	(165, 1.8575905292479107)	(170, 0.0)	(175, 0.0)	(180, 0.0003868771278242031)	(185, 0.0)	(190, 0.0)	(195, 0.0)	(200, 0.0)	(205, 0.0)	(210, 6.447952130403384e-05)	(215, 0.0)	(220, 0.0)	(225, 0.0)	(230, 0.0)	(235, 3.223976065201692e-05)	(240, 0.00029015784586815225)	(245, 0.0)	(250, 0.0)
122023-BEL-CBC-T4-535-MCAV_S72_R1_16S	(1, 0.00018042546128024494)	(2, 0.007217018451209798)	(3, 0.002886807380483919)	(4, 0.0002706381919203674)	(5, 0.0)	(6, 0.0)	(7, 0.0)	(8, 0.0)	(9, 0.0)	(10, 0.0)	(15, 0.0)	(20, 0.0)	(25, 0.0)	(30, 0.0)	(35, 0.0)	(40, 0.0)	(45, 0.0)	(50, 0.0)	(55, 0.0)	(60, 0.0)	(65, 0.0)	(70, 0.0)	(75, 0.0)	(80, 0.0)	(85, 0.0)	(90, 0.0)	(95, 0.0)	(100, 0.0)	(105, 0.0)	(110, 0.0)	(115, 1.8042546128024495e-05)	(120, 1.8042546128024495e-05)	(125, 0.0)	(130, 0.0)	(135, 0.0)	(140, 0.0)	(145, 0.0)	(150, 7.217018451209798e-05)	(155, 0.0)	(160, 0.0)	(165, 1.8837681135886533)	(170, 0.0)	(175, 0.0)	(180, 0.00012629782289617147)	(185, 0.0)	(190, 0.0)	(195, 0.0)	(200, 0.0)	(205, 0.0)	(210, 0.0)	(215, 0.0)	(220, 0.0)	(225, 0.0)	(230, 0.0)	(235, 1.8042546128024495e-05)	(240, 0.00010825527676814696)	(245, 0.0)	(250, 0.0)
122023-BEL-CBC-T4-537-PSTR_S46_R1_16S	(1, 0.0002759496116009217)	(2, 0.0063468410668211985)	(3, 0.0027594961160092167)	(4, 0.00013797480580046085)	(5, 0.0)	(6, 0.0)	(7, 0.0)	(8, 0.0)	(9, 0.0)	(10, 0.0)	(15, 0.0)	(20, 0.0)	(25, 0.0)	(30, 0.0)	(35, 0.0)	(40, 0.0)	(45, 0.0)	(50, 0.0)	(55, 0.0)	(60, 0.0)	(65, 0.0)	(70, 0.0)	(75, 0.0)	(80, 0.0)	(85, 0.0)	(90, 0.0)	(95, 0.0)	(100, 0.0)	(105, 0.0)	(110, 0.0)	(115, 8.27848834802765e-05)	(120, 8.27848834802765e-05)	(125, 0.0)	(130, 0.0)	(135, 0.0)	(140, 0.0)	(145, 0.0)	(150, 8.27848834802765e-05)	(155, 0.0)	(160, 0.0)	(165, 1.8666335527132747)	(170, 0.0)	(175, 0.0)	(180, 0.000331139533921106)	(185, 0.0)	(190, 0.0)	(195, 0.0)	(200, 0.0)	(205, 0.0)	(210, 0.000165569766960553)	(215, 0.0)	(220, 0.0)	(225, 2.7594961160092164e-05)	(230, 5.518992232018433e-05)	(235, 2.7594961160092164e-05)	(240, 0.0004415193785614746)	(245, 0.0)	(250, 0.0)
122023-BEL-CBC-T4-540-MCAV_S8_R1_16S	(1, 9.35765325028728e-05)	(2, 0.006643933807703969)	(3, 0.0019651071825603286)	(4, 0.0001871530650057456)	(5, 0.0)	(6, 0.0)	(7, 0.0)	(8, 0.0)	(9, 0.0)	(10, 0.0)	(15, 0.0)	(20, 0.0)	(25, 0.0)	(30, 0.0)	(35, 0.0)	(40, 0.0)	(45, 0.0)	(50, 0.0)	(55, 0.0)	(60, 0.0)	(65, 0.0)	(70, 0.0)	(75, 0.0)	(80, 0.0)	(85, 0.0)	(90, 0.0)	(95, 0.0)	(100, 0.0)	(105, 0.0)	(110, 0.0)	(115, 1.8715306500574557e-05)	(120, 1.8715306500574557e-05)	(125, 0.0)	(130, 0.0)	(135, 0.0)	(140, 0.0)	(145, 0.0)	(150, 0.0002620142910080438)	(155, 0.0)	(160, 0.0)	(165, 1.8562776752594878)	(170, 0.0)	(175, 0.0)	(180, 0.0003368755170103421)	(185, 0.0)	(190, 0.0)	(195, 0.0)	(200, 0.0)	(205, 0.0)	(210, 3.7430613001149115e-05)	(215, 0.0)	(220, 0.0)	(225, 0.0)	(230, 1.8715306500574557e-05)	(235, 9.35765325028728e-05)	(240, 0.00020586837150632015)	(245, 0.0)	(250, 0.0)
Negative_S96_R1_16S	(1, 0.0)	(2, 0.012733176290825746)	(3, 0.0)	(4, 0.0)	(5, 0.0)	(6, 0.0)	(7, 0.0)	(8, 0.0)	(9, 0.0)	(10, 0.0)	(15, 0.0)	(20, 0.0)	(25, 0.0)	(30, 0.0)	(35, 0.0)	(40, 0.0)	(45, 0.0)	(50, 0.0)	(55, 0.0)	(60, 0.0)	(65, 0.0)	(70, 0.0)	(75, 0.0)	(80, 0.0)	(85, 0.0)	(90, 0.0)	(95, 0.0)	(100, 0.0)	(105, 0.0)	(110, 0.0)	(115, 0.0)	(120, 0.0)	(125, 0.0)	(130, 0.0)	(135, 0.0)	(140, 0.0)	(145, 0.0)	(150, 0.0)	(155, 0.0)	(160, 0.0)	(165, 1.8189342331444578)	(170, 0.0)	(175, 0.0)	(180, 0.0)	(185, 0.0)	(190, 0.0)	(195, 0.0)	(200, 0.0)	(205, 0.0)	(210, 0.0)	(215, 0.0)	(220, 0.0)	(225, 0.0)	(230, 0.0)	(235, 0.0)	(240, 0.0)	(245, 0.0)	(250, 0.0)
Undetermined_S0_R1_16S	(1, 0.00011608124572821015)	(2, 0.004759331074856616)	(3, 0.0019269486790882886)	(4, 0.00011608124572821015)	(5, 0.0)	(6, 0.0)	(7, 0.0)	(8, 0.0)	(9, 0.0)	(10, 0.0)	(15, 0.0)	(20, 3.2502748803898846e-05)	(25, 0.00047825473240022587)	(30, 0.0037331728626192385)	(35, 0.0012954667023268253)	(40, 0.004109276098778639)	(45, 0.017319321862648954)	(50, 0.04585673531247214)	(55, 0.06156949273424266)	(60, 0.09846939912632612)	(65, 0.1079137692787733)	(70, 0.13971538735847375)	(75, 0.20779935960298354)	(80, 0.24987648955454517)	(85, 0.2865442334551722)	(90, 0.3299121868592315)	(95, 0.35359740423761554)	(100, 0.44486512287896346)	(105, 0.4914183456658049)	(110, 0.5570413955008766)	(115, 0.5333793943716383)	(120, 0.4890688612522659)	(125, 0.4635727764405218)	(130, 0.58637744792131)	(135, 0.6343375754063773)	(140, 0.6210485943954117)	(145, 0.6914124023060236)	(150, 0.7348825072063238)	(155, 0.695442743157707)	(160, 0.7610054307450002)	(165, 2.6687821312888174)	(170, 0.8660496716293721)	(175, 0.8719326691628778)	(180, 0.8873296855962675)	(185, 0.8305427401860271)	(190, 0.9280138405990906)	(195, 0.9778730572642715)	(200, 1.0227175641139936)	(205, 1.0708634215922261)	(210, 1.0809624899705803)	(215, 0.9631911013045674)	(220, 1.0747683946985231)	(225, 1.1542561885233722)	(230, 1.1965469079670739)	(235, 1.2370406897269026)	(240, 1.2281535095539509)	(245, 1.1006359394965974)	(250, 1.1817070815131794)
