Sample	fastqc-percent_duplicates	fastqc-percent_gc	fastqc-avg_sequence_length	fastqc-median_sequence_length	fastqc-percent_fails	fastqc-total_sequences
012024-BEL-CBC-T1-559-MCAV_S19_R1_16S	98.6753870834271	35.0	251.0	251	45.45454545454545	1.37761
012024-BEL-CBC-T2-591-PAST_S16_R1_16S	94.50259418926204	47.0	251.0	251	45.45454545454545	0.975642
012024-BEL-CBC-T2-595-PAST_S86_R1_16S	97.45083193883816	42.0	251.0	251	45.45454545454545	1.1874069999999999
012024-BEL-CBC-T2-599-MCAV_S81_R1_16S	98.86735888723915	35.0	251.0	251	45.45454545454545	1.198173
012024-BEL-CBC-T4-665-MCAV_S24_R1_16S	98.00588090193095	36.0	251.0	251	45.45454545454545	0.968899
012024-BEL-CBC-T4-669-MCAV_S23_R1_16S	97.8820526800283	36.0	251.0	251	45.45454545454545	1.265565
022024-BEL-CBC-T2-805-SSID_S12_R1_16S	97.902235109938	51.0	251.0	251	45.45454545454545	0.484182
022024-BEL-CBC-T2-806-SSID_S55_R1_16S	95.91803116660627	46.0	251.0	251	45.45454545454545	0.455295
022024-BEL-CBC-T2-809-MCAV_S69_R1_16S	98.79903256618246	35.0	251.0	251	45.45454545454545	0.6846979999999999
022024-BEL-CBC-T2-810-SSID_S57_R1_16S	95.56350300595592	46.0	251.0	251	45.45454545454545	0.428649
022024-BEL-CBC-T2-811-PAST_S76_R1_16S	98.52397764074591	44.0	251.0	251	45.45454545454545	1.1168529999999999
022024-BEL-CBC-T2-812-PAST_S1_R1_16S	98.77874577126556	45.0	251.0	251	45.45454545454545	0.467634
022024-BEL-CBC-T2-813-MCAV_S79_R1_16S	98.78917979217842	38.0	251.0	251	45.45454545454545	0.984787
022024-BEL-CBC-T2-815-OFAV_S66_R1_16S	98.96736868690483	36.0	251.0	251	45.45454545454545	0.9779869999999999
022024-BEL-CBC-T3-844-OFAV_S48_R1_16S	98.56765659936829	37.0	251.0	251	45.45454545454545	1.547883
022024-BEL-CBC-T3-847-PAST_S17_R1_16S	94.89972030834299	45.0	251.0	251	45.45454545454545	0.58636
022024-BEL-CBC-T3-848-MCAV_S7_R1_16S	99.43878746564982	35.0	251.0	251	45.45454545454545	0.9388599999999999
022024-BEL-CBC-T3-854-PAST_S62_R1_16S	96.35649129860766	47.0	251.0	251	45.45454545454545	0.517331
022024-BEL-CBC-T4-870-MCAV_S5_R1_16S	99.37553456866762	35.0	251.0	251	45.45454545454545	0.784511
022024-BEL-CBC-T4-873-MCAV_S51_R1_16S	98.59401838672986	35.0	251.0	251	45.45454545454545	0.565299
042024-BEL-CBC-T1-928-OANN_S21_R1_16S	97.50384316639509	37.0	251.0	251	45.45454545454545	0.8020729999999999
042024-BEL-CBC-T2-1027-PAST_S73_R1_16S	98.60133622421719	46.0	251.0	251	45.45454545454545	1.132295
042024-BEL-CBC-T2-1034-SSID_S44_R1_16S	90.76569791961145	44.0	251.0	251	36.36363636363637	0.431554
042024-BEL-CBC-T3-944-SSID_S70_R1_16S	96.66327720354796	46.0	251.0	251	45.45454545454545	0.965738
042024-BEL-CBC-T3-946-OFAV_S13_R1_16S	99.02925929618183	38.0	251.0	251	45.45454545454545	0.641984
042024-BEL-CBC-T3-955-OFAV_S30_R1_16S	97.9251785407042	35.0	251.0	251	45.45454545454545	0.778814
042024-BEL-CBC-T4-1041-MCAV_S39_R1_16S	97.25851816713863	35.0	251.0	251	45.45454545454545	0.834804
042024-BEL-CBC-T4-1042-OFAV_S34_R1_16S	96.77106865908465	37.0	251.0	251	45.45454545454545	0.8268679999999999
042024-BEL-CBC-T4-1044-PSTR_S6_R1_16S	99.10629375760158	40.0	251.0	251	45.45454545454545	0.708734
042024-BEL-CBC-T4-1045-MCAV_S54_R1_16S	98.90801565290256	35.0	251.0	251	45.45454545454545	0.828217
052022-BEL-CBC-T1-1-PAST_S74_R1_16S	99.01869727529314	44.0	251.0	251	45.45454545454545	1.273715
052022-BEL-CBC-T2-12-MCAV_S18_R1_16S	96.91092080557718	40.0	251.0	251	45.45454545454545	1.135484
052022-BEL-CBC-T2-3-SSID_S25_R1_16S	93.56600170237054	55.0	251.0	251	27.27272727272727	0.6026889999999999
052022-BEL-CBC-T2-5-PAST_S40_R1_16S	92.48719107381666	56.0	251.0	251	36.36363636363637	1.5784289999999999
052022-BEL-CBC-T3-1-MCAV_S83_R1_16S	98.23456876165193	35.0	251.0	251	45.45454545454545	2.5253319999999997
052022-BEL-CBC-T3-15-PSTR_S94_R1_16S	93.99309993436734	38.0	251.0	251	45.45454545454545	0.926368
062019-BEL-CBC-T1-5-SSID_S91_R1_16S	95.86947549076386	42.0	251.0	251	36.36363636363637	1.225946
062019-BEL-CBC-T2-17-SSID_S4_R1_16S	98.7762110621793	53.0	251.0	251	45.45454545454545	0.7425299999999999
062019-BEL-CBC-T2-21-PAST_S29_R1_16S	97.72880861117268	46.0	251.0	251	45.45454545454545	1.1098139999999999
062019-BEL-CBC-T2-23-MCAV_S64_R1_16S	98.37114404241129	37.0	251.0	251	45.45454545454545	0.88467
062019-BEL-CBC-T3-5-SSID_S37_R1_16S	89.24910788283512	46.0	251.0	251	36.36363636363637	1.064007
062024-BEL-CBC-T1-1350-PSTR_S41_R1_16S	96.19667223908701	37.0	251.0	251	45.45454545454545	0.8284849999999999
062024-BEL-CBC-T3-1424-PAST_S67_R1_16S	96.36712848095661	47.0	251.0	251	45.45454545454545	0.756509
062024-BEL-CBC-T3-1427-MCAV_S84_R1_16S	97.77343556900634	35.0	251.0	251	45.45454545454545	1.456504
062024-BEL-CBC-T3-1436-MCAV_S47_R1_16S	98.42921422537059	36.0	251.0	251	45.45454545454545	0.602501
062024-BEL-CBC-T4-1473-PSTR_S90_R1_16S	96.52901463414634	37.0	251.0	251	45.45454545454545	1.28125
082024-BEL-CBC-T1-1481-PSTR_S15_R1_16S	95.79011380736023	38.0	251.0	251	45.45454545454545	0.547592
082024-BEL-CBC-T2-1508-SSID_S14_R1_16S	97.50176478801014	48.0	251.0	251	45.45454545454545	0.766381
082024-BEL-CBC-T2-1511-SSID_S80_R1_16S	96.22633658605747	47.0	251.0	251	45.45454545454545	0.648892
082024-BEL-CBC-T2-1512-PAST_S63_R1_16S	98.42381774676795	44.0	251.0	251	45.45454545454545	1.501603
082024-BEL-CBC-T3-1553-MCAV_S42_R1_16S	98.15966698798941	35.0	251.0	251	45.45454545454545	1.512498
082024-BEL-CBC-T3-1556-OFAV_S77_R1_16S	98.82780419794113	36.0	251.0	251	45.45454545454545	1.04718
082024-BEL-CBC-T3-1557-PAST_S27_R1_16S	95.9135522838807	44.0	251.0	251	45.45454545454545	1.0595999999999999
092023-BEL-CBC-T1-173-SSID_S75_R1_16S	96.45646124572421	52.0	251.0	251	45.45454545454545	1.454704
092023-BEL-CBC-T1-174-MCAV_S95_R1_16S	97.29259410426535	36.0	251.0	251	45.45454545454545	1.264236
092023-BEL-CBC-T2-175-PAST_S56_R1_16S	97.67491744440392	53.0	251.0	251	45.45454545454545	0.731931
092023-BEL-CBC-T2-179-SSID_S33_R1_16S	79.32375165727207	51.0	251.0	251	36.36363636363637	0.36882899999999996
092023-BEL-CBC-T2-183-MCAV_S11_R1_16S	95.99829754506746	53.0	251.0	251	45.45454545454545	0.535697
092023-BEL-CBC-T3-174-OFAV_S3_R1_16S	98.61318739989322	40.0	251.0	251	45.45454545454545	0.82412
092023-BEL-CBC-T3-175-MCAV_S78_R1_16S	95.6625820293723	46.0	251.0	251	45.45454545454545	0.9382309999999999
092023-BEL-CBC-T3-177-SSID_S89_R1_16S	90.26641632832273	45.0	251.0	251	36.36363636363637	0.783473
092023-BEL-CBC-T3-182-MCAV_S87_R1_16S	91.89327375572236	43.0	251.0	251	36.36363636363637	1.5362149999999999
092023-BEL-CBC-T4-95-OFAV_S58_R1_16S	98.74745043164785	38.0	251.0	251	45.45454545454545	1.011936
092023-BEL-CBC-T4-96-MCAV_S36_R1_16S	90.37005719117622	47.0	251.0	251	36.36363636363637	0.525081
112023-BEL-CBC-T1-274-PAST_S2_R1_16S	98.01671263994808	51.0	251.0	251	45.45454545454545	0.6163
112023-BEL-CBC-T1-275-SSID_S85_R1_16S	89.07025759552155	47.0	251.0	251	36.36363636363637	0.893882
112023-BEL-CBC-T2-305-PAST_S68_R1_16S	97.61779752891741	44.0	251.0	251	45.45454545454545	0.558055
112023-BEL-CBC-T2-306-MCAV_S53_R1_16S	98.61750045042339	36.0	251.0	251	45.45454545454545	0.582785
112023-BEL-CBC-T2-313-SSID_S32_R1_16S	91.13814674330136	44.0	251.0	251	36.36363636363637	0.724476
112023-BEL-CBC-T2-314-SSID_S93_R1_16S	95.00368203422268	44.0	251.0	251	36.36363636363637	1.333502
112023-BEL-CBC-T3-353-MCAV_S35_R1_16S	97.58688076938947	35.0	251.0	251	45.45454545454545	2.66601
112023-BEL-CBC-T3-354-PSTR_S26_R1_16S	98.48855302663698	36.0	251.0	251	45.45454545454545	1.496116
112023-BEL-CBC-T3-357-OFAV_S10_R1_16S	98.88702950298163	37.0	251.0	251	45.45454545454545	0.663899
112023-BEL-CBC-T3-359-PAST_S38_R1_16S	87.17360101214607	49.0	251.0	251	36.36363636363637	0.634691
112023-BEL-CBC-T4-397-PSTR_S20_R1_16S	98.67857795449828	36.0	251.0	251	45.45454545454545	1.691057
112023-BEL-CBC-T4-398-PSTR_S59_R1_16S	98.8833638928969	38.0	251.0	251	45.45454545454545	1.643239
122022-BEL-CBC-T1-150-PAST_S31_R1_16S	89.32444681080327	53.0	251.0	251	36.36363636363637	0.631068
122022-BEL-CBC-T1-156-SSID_S22_R1_16S	90.97962798937112	52.0	251.0	251	36.36363636363637	1.07255
122022-BEL-CBC-T1-158-PAST_S60_R1_16S	97.00221471460036	48.0	251.0	251	45.45454545454545	0.6565179999999999
122022-BEL-CBC-T2-87-OFAV_S88_R1_16S	93.95115492071751	41.0	251.0	251	36.36363636363637	1.030114
122022-BEL-CBC-T2-92-MCAV_S28_R1_16S	98.14905009444418	35.0	251.0	251	45.45454545454545	0.64059
122022-BEL-CBC-T3-116-PAST_S50_R1_16S	98.05275046300719	44.0	251.0	251	45.45454545454545	0.649018
122022-BEL-CBC-T3-151-PSTR_S43_R1_16S	94.86602577214154	44.0	251.0	251	36.36363636363637	0.6111249999999999
122022-BEL-CBC-T4-1-OFAV_S92_R1_16S	97.28750855138026	37.0	251.0	251	45.45454545454545	0.784961
122022-BEL-CBC-T4-11-MCAV_S9_R1_16S	98.62343315430581	55.0	251.0	251	45.45454545454545	0.469574
122023-BEL-CBC-T1-506-PAST_S52_R1_16S	97.0894145277638	45.0	251.0	251	45.45454545454545	0.6199439999999999
122023-BEL-CBC-T1-510-PSTR_S65_R1_16S	98.15165556738194	36.0	251.0	251	45.45454545454545	0.621962
122023-BEL-CBC-T2-512-OFAV_S45_R1_16S	98.42702431717423	38.0	251.0	251	45.45454545454545	0.662248
122023-BEL-CBC-T3-523-MCAV_S49_R1_16S	98.54172765047122	35.0	251.0	251	45.45454545454545	0.543177
122023-BEL-CBC-T3-528-PAST_S82_R1_16S	98.63270642850235	43.0	251.0	251	45.45454545454545	1.0753359999999998
122023-BEL-CBC-T3-529-MCAV_S71_R1_16S	98.46378971468066	36.0	251.0	251	45.45454545454545	0.9259799999999999
122023-BEL-CBC-T3-533-OFAV_S61_R1_16S	98.27211002785515	39.0	251.0	251	45.45454545454545	0.620352
122023-BEL-CBC-T4-535-MCAV_S72_R1_16S	98.00683992923713	37.0	251.0	251	45.45454545454545	1.108491
122023-BEL-CBC-T4-537-PSTR_S46_R1_16S	98.48006953930212	38.0	251.0	251	45.45454545454545	0.7247699999999999
122023-BEL-CBC-T4-540-MCAV_S8_R1_16S	99.16482944741186	37.0	251.0	251	45.45454545454545	1.068644
Negative_S96_R1_16S	74.43814859616731	53.0	251.0	251	36.36363636363637	0.031414
Undetermined_S0_R1_16S	92.32173923931428	43.0	251.0	251	45.45454545454545	4.307328
