Sample	0	1	2	3	4	5	6	7	8	9	10	11	12	13	14	15	16	17	18	19	20	21	22	23	24	25	26	27	28	29	30	31	32	33	34	35	36	37
012024_BEL_CBC_T1_565_PAST_S53_R1_16S	(16.0, 53.0)	(17.0, 520.0)	(18.0, 1709.0)	(19.0, 2525.0)	(20.0, 2739.0)	(21.0, 2370.0)	(22.0, 2006.0)	(23.0, 1837.0)	(24.0, 1890.0)	(25.0, 2049.0)	(26.0, 2106.0)	(27.0, 2257.0)	(28.0, 2450.0)	(29.0, 2809.0)	(30.0, 3206.0)	(31.0, 3787.0)	(32.0, 4712.0)	(33.0, 7193.0)	(34.0, 8387.0)	(35.0, 13160.0)	(36.0, 28251.0)	(37.0, 27163.0)	(38.0, 41661.0)	(39.0, 936596.0)	(40.0, 113464.0)													
012024_BEL_CBC_T2_585_OFAV_S43_R1_16S	(16.0, 11.0)	(17.0, 104.0)	(18.0, 477.0)	(19.0, 828.0)	(20.0, 1247.0)	(21.0, 1264.0)	(22.0, 1050.0)	(23.0, 1305.0)	(24.0, 1783.0)	(25.0, 2128.0)	(26.0, 2256.0)	(27.0, 1775.0)	(28.0, 1507.0)	(29.0, 2498.0)	(30.0, 2827.0)	(31.0, 2882.0)	(32.0, 2977.0)	(33.0, 3309.0)	(34.0, 3985.0)	(35.0, 5381.0)	(36.0, 7581.0)	(37.0, 10865.0)	(38.0, 22639.0)	(39.0, 459178.0)	(40.0, 87144.0)													
012024_BEL_CBC_T2_593_MCAV_S6_R1_16S	(15.0, 2.0)	(16.0, 25.0)	(17.0, 91.0)	(18.0, 272.0)	(19.0, 427.0)	(20.0, 728.0)	(21.0, 567.0)	(22.0, 571.0)	(23.0, 542.0)	(24.0, 526.0)	(25.0, 585.0)	(26.0, 652.0)	(27.0, 711.0)	(28.0, 945.0)	(29.0, 1420.0)	(30.0, 1494.0)	(31.0, 1841.0)	(32.0, 1890.0)	(33.0, 2263.0)	(34.0, 2908.0)	(35.0, 3862.0)	(36.0, 5460.0)	(37.0, 8004.0)	(38.0, 15869.0)	(39.0, 322044.0)	(40.0, 44842.0)												
012024_BEL_CBC_T3_625_SSID_S54_R1_16S	(15.0, 7.0)	(16.0, 197.0)	(17.0, 1488.0)	(18.0, 3558.0)	(19.0, 4003.0)	(20.0, 4047.0)	(21.0, 3129.0)	(22.0, 3018.0)	(23.0, 3054.0)	(24.0, 3743.0)	(25.0, 4331.0)	(26.0, 4265.0)	(27.0, 4487.0)	(28.0, 4974.0)	(29.0, 5701.0)	(30.0, 6677.0)	(31.0, 7955.0)	(32.0, 10762.0)	(33.0, 19911.0)	(34.0, 20791.0)	(35.0, 42485.0)	(36.0, 103982.0)	(37.0, 82035.0)	(38.0, 76122.0)	(39.0, 1584229.0)	(40.0, 546064.0)												
012024_BEL_CBC_T3_642_PSTR_S40_R1_16S	(15.0, 1.0)	(16.0, 21.0)	(17.0, 168.0)	(18.0, 688.0)	(19.0, 1263.0)	(20.0, 1818.0)	(21.0, 1577.0)	(22.0, 1399.0)	(23.0, 1664.0)	(24.0, 2189.0)	(25.0, 2767.0)	(26.0, 2867.0)	(27.0, 2864.0)	(28.0, 2384.0)	(29.0, 3069.0)	(30.0, 3101.0)	(31.0, 3541.0)	(32.0, 3483.0)	(33.0, 4525.0)	(34.0, 5950.0)	(35.0, 9588.0)	(36.0, 20434.0)	(37.0, 41998.0)	(38.0, 53735.0)	(39.0, 493678.0)	(40.0, 184570.0)												
012024_BEL_CBC_T3_644_PSTR_S16_R1_16S	(15.0, 4.0)	(16.0, 52.0)	(17.0, 340.0)	(18.0, 882.0)	(19.0, 1552.0)	(20.0, 1767.0)	(21.0, 1350.0)	(22.0, 1380.0)	(23.0, 1230.0)	(24.0, 1262.0)	(25.0, 1324.0)	(26.0, 1522.0)	(27.0, 1621.0)	(28.0, 2145.0)	(29.0, 3378.0)	(30.0, 3616.0)	(31.0, 4439.0)	(32.0, 4486.0)	(33.0, 5495.0)	(34.0, 6849.0)	(35.0, 10300.0)	(36.0, 14295.0)	(37.0, 20796.0)	(38.0, 38061.0)	(39.0, 645677.0)	(40.0, 253919.0)												
022024_BEL_CBC_T1_771_PAST_S10_R1_16S	(15.0, 5.0)	(16.0, 112.0)	(17.0, 643.0)	(18.0, 1936.0)	(19.0, 3402.0)	(20.0, 2901.0)	(21.0, 1900.0)	(22.0, 1837.0)	(23.0, 1869.0)	(24.0, 2103.0)	(25.0, 2361.0)	(26.0, 2486.0)	(27.0, 2938.0)	(28.0, 3406.0)	(29.0, 3823.0)	(30.0, 4549.0)	(31.0, 5341.0)	(32.0, 6981.0)	(33.0, 11286.0)	(34.0, 20432.0)	(35.0, 17196.0)	(36.0, 23127.0)	(37.0, 39110.0)	(38.0, 82545.0)	(39.0, 875393.0)	(40.0, 330891.0)												
022024_BEL_CBC_T2_808_PAST_S15_R1_16S	(15.0, 1.0)	(16.0, 62.0)	(17.0, 336.0)	(18.0, 850.0)	(19.0, 1366.0)	(20.0, 1121.0)	(21.0, 707.0)	(22.0, 625.0)	(23.0, 664.0)	(24.0, 757.0)	(25.0, 871.0)	(26.0, 900.0)	(27.0, 975.0)	(28.0, 1214.0)	(29.0, 1403.0)	(30.0, 1645.0)	(31.0, 2006.0)	(32.0, 2780.0)	(33.0, 4480.0)	(34.0, 6526.0)	(35.0, 6539.0)	(36.0, 10816.0)	(37.0, 19351.0)	(38.0, 38771.0)	(39.0, 298626.0)	(40.0, 46304.0)												
022024_BEL_CBC_T4_872_PSTR_S89_R1_16S	(15.0, 1.0)	(16.0, 20.0)	(17.0, 113.0)	(18.0, 251.0)	(19.0, 410.0)	(20.0, 527.0)	(21.0, 601.0)	(22.0, 585.0)	(23.0, 652.0)	(24.0, 769.0)	(25.0, 974.0)	(26.0, 1269.0)	(27.0, 1402.0)	(28.0, 1292.0)	(29.0, 1534.0)	(30.0, 1587.0)	(31.0, 1872.0)	(32.0, 1914.0)	(33.0, 2197.0)	(34.0, 2935.0)	(35.0, 5892.0)	(36.0, 10846.0)	(37.0, 8577.0)	(38.0, 13031.0)	(39.0, 225454.0)	(40.0, 128129.0)												
042024_BEL_CBC_T1_1146_OANN_S52_R1_16S	(16.0, 26.0)	(17.0, 151.0)	(18.0, 644.0)	(19.0, 999.0)	(20.0, 1357.0)	(21.0, 1305.0)	(22.0, 1174.0)	(23.0, 1483.0)	(24.0, 1861.0)	(25.0, 2263.0)	(26.0, 2334.0)	(27.0, 2048.0)	(28.0, 1661.0)	(29.0, 2772.0)	(30.0, 3070.0)	(31.0, 3105.0)	(32.0, 3213.0)	(33.0, 3745.0)	(34.0, 4964.0)	(35.0, 9429.0)	(36.0, 26452.0)	(37.0, 21572.0)	(38.0, 22854.0)	(39.0, 534770.0)	(40.0, 4000.0)													
042024_BEL_CBC_T1_929_PAST_S8_R1_16S	(15.0, 3.0)	(16.0, 160.0)	(17.0, 1169.0)	(18.0, 2961.0)	(19.0, 3497.0)	(20.0, 1997.0)	(21.0, 1332.0)	(22.0, 1311.0)	(23.0, 1408.0)	(24.0, 1660.0)	(25.0, 1715.0)	(26.0, 2053.0)	(27.0, 2242.0)	(28.0, 2554.0)	(29.0, 3046.0)	(30.0, 3592.0)	(31.0, 4279.0)	(32.0, 5657.0)	(33.0, 8067.0)	(34.0, 13875.0)	(35.0, 15366.0)	(36.0, 18870.0)	(37.0, 34232.0)	(38.0, 89772.0)	(39.0, 581170.0)	(40.0, 222261.0)												
042024_BEL_CBC_T1_933_SSID_S82_R1_16S	(15.0, 3.0)	(16.0, 153.0)	(17.0, 639.0)	(18.0, 1609.0)	(19.0, 2697.0)	(20.0, 1727.0)	(21.0, 1066.0)	(22.0, 958.0)	(23.0, 976.0)	(24.0, 1113.0)	(25.0, 1211.0)	(26.0, 1371.0)	(27.0, 1491.0)	(28.0, 1775.0)	(29.0, 1956.0)	(30.0, 2512.0)	(31.0, 2970.0)	(32.0, 3570.0)	(33.0, 4396.0)	(34.0, 6090.0)	(35.0, 12438.0)	(36.0, 15854.0)	(37.0, 12466.0)	(38.0, 24802.0)	(39.0, 454383.0)	(40.0, 149349.0)												
042024_BEL_CBC_T2_1017_MCAV_S94_R1_16S	(16.0, 18.0)	(17.0, 104.0)	(18.0, 287.0)	(19.0, 458.0)	(20.0, 677.0)	(21.0, 740.0)	(22.0, 762.0)	(23.0, 783.0)	(24.0, 1005.0)	(25.0, 1185.0)	(26.0, 1474.0)	(27.0, 1706.0)	(28.0, 1726.0)	(29.0, 1905.0)	(30.0, 1931.0)	(31.0, 2241.0)	(32.0, 2324.0)	(33.0, 2672.0)	(34.0, 3469.0)	(35.0, 6057.0)	(36.0, 10464.0)	(37.0, 9366.0)	(38.0, 15739.0)	(39.0, 273210.0)	(40.0, 154963.0)													
042024_BEL_CBC_T2_1028_PAST_S61_R1_16S	(15.0, 1.0)	(16.0, 23.0)	(17.0, 226.0)	(18.0, 861.0)	(19.0, 1544.0)	(20.0, 1528.0)	(21.0, 1265.0)	(22.0, 1058.0)	(23.0, 1075.0)	(24.0, 1127.0)	(25.0, 1112.0)	(26.0, 1228.0)	(27.0, 1422.0)	(28.0, 1601.0)	(29.0, 1828.0)	(30.0, 2093.0)	(31.0, 2458.0)	(32.0, 3487.0)	(33.0, 4414.0)	(34.0, 4593.0)	(35.0, 6461.0)	(36.0, 10460.0)	(37.0, 21030.0)	(38.0, 59094.0)	(39.0, 423615.0)	(40.0, 47568.0)												
042024_BEL_CBC_T2_1040_SSID_S34_R1_16S	(16.0, 50.0)	(17.0, 298.0)	(18.0, 964.0)	(19.0, 1561.0)	(20.0, 1976.0)	(21.0, 1314.0)	(22.0, 1052.0)	(23.0, 1048.0)	(24.0, 1146.0)	(25.0, 1272.0)	(26.0, 1414.0)	(27.0, 1486.0)	(28.0, 1663.0)	(29.0, 2063.0)	(30.0, 2455.0)	(31.0, 2817.0)	(32.0, 3661.0)	(33.0, 6656.0)	(34.0, 6545.0)	(35.0, 10421.0)	(36.0, 17169.0)	(37.0, 28755.0)	(38.0, 44115.0)	(39.0, 562984.0)	(40.0, 109291.0)													
042024_BEL_CBC_T3_947_MCAV_S70_R1_16S	(15.0, 1.0)	(16.0, 45.0)	(17.0, 250.0)	(18.0, 620.0)	(19.0, 964.0)	(20.0, 971.0)	(21.0, 990.0)	(22.0, 1058.0)	(23.0, 1128.0)	(24.0, 1436.0)	(25.0, 1653.0)	(26.0, 2088.0)	(27.0, 2358.0)	(28.0, 2455.0)	(29.0, 2748.0)	(30.0, 3143.0)	(31.0, 3504.0)	(32.0, 3526.0)	(33.0, 3884.0)	(34.0, 5262.0)	(35.0, 8127.0)	(36.0, 11810.0)	(37.0, 14117.0)	(38.0, 23660.0)	(39.0, 413241.0)	(40.0, 211648.0)												
042024_BEL_CBC_T3_949_PSTR_S26_R1_16S	(15.0, 3.0)	(16.0, 118.0)	(17.0, 696.0)	(18.0, 1486.0)	(19.0, 2230.0)	(20.0, 2062.0)	(21.0, 1379.0)	(22.0, 1319.0)	(23.0, 1209.0)	(24.0, 1278.0)	(25.0, 1293.0)	(26.0, 1450.0)	(27.0, 1642.0)	(28.0, 2022.0)	(29.0, 3040.0)	(30.0, 3522.0)	(31.0, 4260.0)	(32.0, 4493.0)	(33.0, 5906.0)	(34.0, 7224.0)	(35.0, 12501.0)	(36.0, 20327.0)	(37.0, 19727.0)	(38.0, 33358.0)	(39.0, 622681.0)	(40.0, 237082.0)												
042024_BEL_CBC_T3_962_SSID_S51_R1_16S	(15.0, 1.0)	(16.0, 19.0)	(17.0, 123.0)	(18.0, 345.0)	(19.0, 557.0)	(20.0, 608.0)	(21.0, 511.0)	(22.0, 463.0)	(23.0, 510.0)	(24.0, 570.0)	(25.0, 622.0)	(26.0, 661.0)	(27.0, 690.0)	(28.0, 773.0)	(29.0, 1099.0)	(30.0, 1215.0)	(31.0, 1482.0)	(32.0, 2132.0)	(33.0, 3287.0)	(34.0, 4531.0)	(35.0, 13139.0)	(36.0, 53758.0)	(37.0, 31483.0)	(38.0, 10025.0)	(39.0, 133633.0)	(40.0, 21646.0)												
052022_BEL_CBC_T1_11_PSTR_S85_R1_16S	(15.0, 2.0)	(16.0, 36.0)	(17.0, 220.0)	(18.0, 609.0)	(19.0, 1099.0)	(20.0, 1182.0)	(21.0, 1126.0)	(22.0, 1174.0)	(23.0, 1244.0)	(24.0, 1489.0)	(25.0, 1866.0)	(26.0, 2281.0)	(27.0, 2561.0)	(28.0, 2642.0)	(29.0, 2785.0)	(30.0, 2893.0)	(31.0, 3606.0)	(32.0, 3805.0)	(33.0, 4705.0)	(34.0, 6291.0)	(35.0, 16625.0)	(36.0, 26444.0)	(37.0, 12928.0)	(38.0, 26950.0)	(39.0, 602491.0)	(40.0, 61828.0)												
052022_BEL_CBC_T1_12_MCAV_S24_R1_16S	(16.0, 19.0)	(17.0, 89.0)	(18.0, 238.0)	(19.0, 365.0)	(20.0, 579.0)	(21.0, 494.0)	(22.0, 464.0)	(23.0, 441.0)	(24.0, 476.0)	(25.0, 467.0)	(26.0, 531.0)	(27.0, 602.0)	(28.0, 773.0)	(29.0, 1207.0)	(30.0, 1307.0)	(31.0, 1551.0)	(32.0, 1735.0)	(33.0, 2178.0)	(34.0, 2834.0)	(35.0, 4918.0)	(36.0, 10305.0)	(37.0, 16860.0)	(38.0, 15125.0)	(39.0, 276640.0)	(40.0, 10124.0)													
052022_BEL_CBC_T1_13_MCAV_S75_R1_16S	(16.0, 27.0)	(17.0, 109.0)	(18.0, 305.0)	(19.0, 496.0)	(20.0, 561.0)	(21.0, 595.0)	(22.0, 721.0)	(23.0, 730.0)	(24.0, 922.0)	(25.0, 1099.0)	(26.0, 1281.0)	(27.0, 1554.0)	(28.0, 1816.0)	(29.0, 2002.0)	(30.0, 2045.0)	(31.0, 2258.0)	(32.0, 2436.0)	(33.0, 2860.0)	(34.0, 3646.0)	(35.0, 5999.0)	(36.0, 10236.0)	(37.0, 16982.0)	(38.0, 23970.0)	(39.0, 279945.0)	(40.0, 131828.0)													
052022_BEL_CBC_T1_39_MCAV_S77_R1_16S	(15.0, 1.0)	(16.0, 55.0)	(17.0, 268.0)	(18.0, 788.0)	(19.0, 1159.0)	(20.0, 1068.0)	(21.0, 1365.0)	(22.0, 1565.0)	(23.0, 1607.0)	(24.0, 1845.0)	(25.0, 2327.0)	(26.0, 2970.0)	(27.0, 3531.0)	(28.0, 3780.0)	(29.0, 4204.0)	(30.0, 4249.0)	(31.0, 4691.0)	(32.0, 5042.0)	(33.0, 5439.0)	(34.0, 6724.0)	(35.0, 8900.0)	(36.0, 13285.0)	(37.0, 20221.0)	(38.0, 40004.0)	(39.0, 650027.0)	(40.0, 331445.0)												
052022_BEL_CBC_T1_40_MCAV_S46_R1_16S	(15.0, 3.0)	(16.0, 15.0)	(17.0, 93.0)	(18.0, 362.0)	(19.0, 652.0)	(20.0, 871.0)	(21.0, 710.0)	(22.0, 667.0)	(23.0, 879.0)	(24.0, 1073.0)	(25.0, 1351.0)	(26.0, 1440.0)	(27.0, 1484.0)	(28.0, 1335.0)	(29.0, 1645.0)	(30.0, 1639.0)	(31.0, 1843.0)	(32.0, 1900.0)	(33.0, 2313.0)	(34.0, 2820.0)	(35.0, 5193.0)	(36.0, 9333.0)	(37.0, 12363.0)	(38.0, 18685.0)	(39.0, 263067.0)	(40.0, 90129.0)												
052022_BEL_CBC_T1_41_OANN_S4_R1_16S	(16.0, 20.0)	(17.0, 144.0)	(18.0, 361.0)	(19.0, 557.0)	(20.0, 809.0)	(21.0, 736.0)	(22.0, 741.0)	(23.0, 597.0)	(24.0, 606.0)	(25.0, 700.0)	(26.0, 728.0)	(27.0, 888.0)	(28.0, 1228.0)	(29.0, 2050.0)	(30.0, 2251.0)	(31.0, 2639.0)	(32.0, 2752.0)	(33.0, 3124.0)	(34.0, 4182.0)	(35.0, 6477.0)	(36.0, 11620.0)	(37.0, 18204.0)	(38.0, 22125.0)	(39.0, 418382.0)	(40.0, 36584.0)													
052022_BEL_CBC_T1_52_PAST_S30_R1_16S	(15.0, 4.0)	(16.0, 199.0)	(17.0, 1076.0)	(18.0, 2209.0)	(19.0, 2889.0)	(20.0, 2100.0)	(21.0, 1506.0)	(22.0, 1393.0)	(23.0, 1422.0)	(24.0, 1635.0)	(25.0, 1738.0)	(26.0, 1941.0)	(27.0, 2209.0)	(28.0, 2489.0)	(29.0, 2842.0)	(30.0, 3308.0)	(31.0, 3991.0)	(32.0, 5181.0)	(33.0, 7876.0)	(34.0, 12182.0)	(35.0, 19267.0)	(36.0, 39185.0)	(37.0, 30204.0)	(38.0, 50062.0)	(39.0, 568991.0)	(40.0, 219890.0)												
052022_BEL_CBC_T1_60_MCAV_S92_R1_16S	(16.0, 15.0)	(17.0, 71.0)	(18.0, 260.0)	(19.0, 406.0)	(20.0, 631.0)	(21.0, 659.0)	(22.0, 694.0)	(23.0, 683.0)	(24.0, 846.0)	(25.0, 1039.0)	(26.0, 1251.0)	(27.0, 1560.0)	(28.0, 1614.0)	(29.0, 1780.0)	(30.0, 1757.0)	(31.0, 2038.0)	(32.0, 2071.0)	(33.0, 2237.0)	(34.0, 2946.0)	(35.0, 4319.0)	(36.0, 6966.0)	(37.0, 7897.0)	(38.0, 15316.0)	(39.0, 266139.0)	(40.0, 149893.0)													
052022_BEL_CBC_T1_70_MCAV_S36_R1_16S	(16.0, 5.0)	(17.0, 109.0)	(18.0, 447.0)	(19.0, 744.0)	(20.0, 1156.0)	(21.0, 912.0)	(22.0, 836.0)	(23.0, 1000.0)	(24.0, 1357.0)	(25.0, 1551.0)	(26.0, 1742.0)	(27.0, 1603.0)	(28.0, 1457.0)	(29.0, 1899.0)	(30.0, 1991.0)	(31.0, 2270.0)	(32.0, 2373.0)	(33.0, 2821.0)	(34.0, 3756.0)	(35.0, 6481.0)	(36.0, 10890.0)	(37.0, 15490.0)	(38.0, 24304.0)	(39.0, 326778.0)	(40.0, 45086.0)													
052022_BEL_CBC_T2_45_PSTR_S31_R1_16S	(14.0, 2.0)	(15.0, 20.0)	(16.0, 357.0)	(17.0, 1894.0)	(18.0, 4384.0)	(19.0, 6095.0)	(20.0, 5647.0)	(21.0, 4006.0)	(22.0, 3854.0)	(23.0, 3669.0)	(24.0, 3555.0)	(25.0, 3793.0)	(26.0, 4104.0)	(27.0, 4674.0)	(28.0, 5984.0)	(29.0, 9109.0)	(30.0, 9984.0)	(31.0, 12278.0)	(32.0, 13480.0)	(33.0, 16862.0)	(34.0, 20852.0)	(35.0, 41884.0)	(36.0, 80171.0)	(37.0, 65749.0)	(38.0, 105755.0)	(39.0, 1773333.0)	(40.0, 663307.0)											
052022_BEL_CBC_T2_46_PSTR_S68_R1_16S	(15.0, 1.0)	(16.0, 46.0)	(17.0, 287.0)	(18.0, 645.0)	(19.0, 996.0)	(20.0, 952.0)	(21.0, 972.0)	(22.0, 1006.0)	(23.0, 1121.0)	(24.0, 1252.0)	(25.0, 1602.0)	(26.0, 1926.0)	(27.0, 2137.0)	(28.0, 2209.0)	(29.0, 2669.0)	(30.0, 3023.0)	(31.0, 3453.0)	(32.0, 3642.0)	(33.0, 4515.0)	(34.0, 6027.0)	(35.0, 8977.0)	(36.0, 13841.0)	(37.0, 23130.0)	(38.0, 55911.0)	(39.0, 346178.0)	(40.0, 157697.0)												
052022_BEL_CBC_T3_50_MCAV_S47_R1_16S	(16.0, 13.0)	(17.0, 139.0)	(18.0, 408.0)	(19.0, 620.0)	(20.0, 503.0)	(21.0, 394.0)	(22.0, 380.0)	(23.0, 414.0)	(24.0, 528.0)	(25.0, 637.0)	(26.0, 625.0)	(27.0, 727.0)	(28.0, 731.0)	(29.0, 906.0)	(30.0, 889.0)	(31.0, 1205.0)	(32.0, 1446.0)	(33.0, 2331.0)	(34.0, 2922.0)	(35.0, 4746.0)	(36.0, 9880.0)	(37.0, 15472.0)	(38.0, 21393.0)	(39.0, 162066.0)	(40.0, 59551.0)													
052022_BEL_CBC_T3_54_PAST_S93_R1_16S	(15.0, 1.0)	(16.0, 32.0)	(17.0, 206.0)	(18.0, 606.0)	(19.0, 1552.0)	(20.0, 1588.0)	(21.0, 1238.0)	(22.0, 946.0)	(23.0, 868.0)	(24.0, 944.0)	(25.0, 1002.0)	(26.0, 1110.0)	(27.0, 1279.0)	(28.0, 1554.0)	(29.0, 1725.0)	(30.0, 2022.0)	(31.0, 2323.0)	(32.0, 2774.0)	(33.0, 3502.0)	(34.0, 4848.0)	(35.0, 8445.0)	(36.0, 15122.0)	(37.0, 14133.0)	(38.0, 25304.0)	(39.0, 441544.0)	(40.0, 50258.0)												
052022_BEL_CBC_T3_60_MCAV_S80_R1_16S	(15.0, 2.0)	(16.0, 25.0)	(17.0, 166.0)	(18.0, 459.0)	(19.0, 686.0)	(20.0, 944.0)	(21.0, 1190.0)	(22.0, 1390.0)	(23.0, 1510.0)	(24.0, 1811.0)	(25.0, 2226.0)	(26.0, 2678.0)	(27.0, 3125.0)	(28.0, 3407.0)	(29.0, 3678.0)	(30.0, 4028.0)	(31.0, 4634.0)	(32.0, 4693.0)	(33.0, 5259.0)	(34.0, 6881.0)	(35.0, 11172.0)	(36.0, 18822.0)	(37.0, 32241.0)	(38.0, 43623.0)	(39.0, 560519.0)	(40.0, 236300.0)												
062019_BEL_CBC_T1_18_PAST_S42_R1_16S	(16.0, 9.0)	(17.0, 93.0)	(18.0, 393.0)	(19.0, 769.0)	(20.0, 820.0)	(21.0, 681.0)	(22.0, 601.0)	(23.0, 610.0)	(24.0, 574.0)	(25.0, 660.0)	(26.0, 752.0)	(27.0, 759.0)	(28.0, 904.0)	(29.0, 1060.0)	(30.0, 1315.0)	(31.0, 1427.0)	(32.0, 1964.0)	(33.0, 2460.0)	(34.0, 3236.0)	(35.0, 6274.0)	(36.0, 12782.0)	(37.0, 21532.0)	(38.0, 38837.0)	(39.0, 206706.0)	(40.0, 28953.0)													
062019_BEL_CBC_T1_1_PAST_S7_R1_16S	(15.0, 2.0)	(16.0, 59.0)	(17.0, 287.0)	(18.0, 791.0)	(19.0, 1281.0)	(20.0, 1018.0)	(21.0, 642.0)	(22.0, 663.0)	(23.0, 660.0)	(24.0, 773.0)	(25.0, 803.0)	(26.0, 921.0)	(27.0, 1060.0)	(28.0, 1301.0)	(29.0, 1424.0)	(30.0, 1684.0)	(31.0, 2036.0)	(32.0, 2642.0)	(33.0, 4085.0)	(34.0, 7017.0)	(35.0, 6927.0)	(36.0, 13519.0)	(37.0, 22881.0)	(38.0, 34104.0)	(39.0, 270236.0)	(40.0, 98102.0)												
062019_BEL_CBC_T1_24_MCAV_S69_R1_16S	(16.0, 13.0)	(17.0, 113.0)	(18.0, 293.0)	(19.0, 461.0)	(20.0, 676.0)	(21.0, 752.0)	(22.0, 857.0)	(23.0, 969.0)	(24.0, 1137.0)	(25.0, 1364.0)	(26.0, 1801.0)	(27.0, 1981.0)	(28.0, 2078.0)	(29.0, 2425.0)	(30.0, 2626.0)	(31.0, 2732.0)	(32.0, 2879.0)	(33.0, 3282.0)	(34.0, 4180.0)	(35.0, 7073.0)	(36.0, 12360.0)	(37.0, 12439.0)	(38.0, 22015.0)	(39.0, 364487.0)	(40.0, 150619.0)													
062019_BEL_CBC_T1_3_MCAV_S23_R1_16S	(16.0, 27.0)	(17.0, 165.0)	(18.0, 345.0)	(19.0, 564.0)	(20.0, 832.0)	(21.0, 646.0)	(22.0, 586.0)	(23.0, 627.0)	(24.0, 644.0)	(25.0, 635.0)	(26.0, 711.0)	(27.0, 760.0)	(28.0, 947.0)	(29.0, 1452.0)	(30.0, 1524.0)	(31.0, 1860.0)	(32.0, 2223.0)	(33.0, 2536.0)	(34.0, 3304.0)	(35.0, 5275.0)	(36.0, 9098.0)	(37.0, 14562.0)	(38.0, 18411.0)	(39.0, 385300.0)	(40.0, 17223.0)													
062019_BEL_CBC_T1_6_MCAV_S9_R1_16S	(15.0, 3.0)	(16.0, 65.0)	(17.0, 389.0)	(18.0, 1025.0)	(19.0, 1504.0)	(20.0, 2328.0)	(21.0, 2209.0)	(22.0, 2053.0)	(23.0, 1997.0)	(24.0, 2008.0)	(25.0, 2075.0)	(26.0, 2210.0)	(27.0, 2473.0)	(28.0, 3210.0)	(29.0, 5225.0)	(30.0, 5377.0)	(31.0, 6725.0)	(32.0, 7432.0)	(33.0, 8477.0)	(34.0, 10668.0)	(35.0, 15013.0)	(36.0, 22290.0)	(37.0, 35029.0)	(38.0, 60939.0)	(39.0, 1089168.0)	(40.0, 405237.0)												
062019_BEL_CBC_T1_8_PAST_S29_R1_16S	(16.0, 42.0)	(17.0, 185.0)	(18.0, 459.0)	(19.0, 741.0)	(20.0, 684.0)	(21.0, 502.0)	(22.0, 480.0)	(23.0, 423.0)	(24.0, 485.0)	(25.0, 535.0)	(26.0, 568.0)	(27.0, 696.0)	(28.0, 802.0)	(29.0, 953.0)	(30.0, 1140.0)	(31.0, 1380.0)	(32.0, 1805.0)	(33.0, 2785.0)	(34.0, 5074.0)	(35.0, 9266.0)	(36.0, 19107.0)	(37.0, 11422.0)	(38.0, 13994.0)	(39.0, 181773.0)	(40.0, 65612.0)													
062019_BEL_CBC_T1_9_MCAV_S76_R1_16S	(15.0, 2.0)	(16.0, 23.0)	(17.0, 121.0)	(18.0, 347.0)	(19.0, 466.0)	(20.0, 642.0)	(21.0, 850.0)	(22.0, 1023.0)	(23.0, 1075.0)	(24.0, 1256.0)	(25.0, 1620.0)	(26.0, 1985.0)	(27.0, 2259.0)	(28.0, 2492.0)	(29.0, 2739.0)	(30.0, 2734.0)	(31.0, 3175.0)	(32.0, 3418.0)	(33.0, 3493.0)	(34.0, 4469.0)	(35.0, 6640.0)	(36.0, 10676.0)	(37.0, 17214.0)	(38.0, 27153.0)	(39.0, 410313.0)	(40.0, 197985.0)												
062019_BEL_CBC_T2_22_PAST_S60_R1_16S	(15.0, 5.0)	(16.0, 72.0)	(17.0, 643.0)	(18.0, 1791.0)	(19.0, 2497.0)	(20.0, 2550.0)	(21.0, 2058.0)	(22.0, 1962.0)	(23.0, 1839.0)	(24.0, 1978.0)	(25.0, 2142.0)	(26.0, 2396.0)	(27.0, 2680.0)	(28.0, 3109.0)	(29.0, 3516.0)	(30.0, 4190.0)	(31.0, 5204.0)	(32.0, 7617.0)	(33.0, 10626.0)	(34.0, 10510.0)	(35.0, 14607.0)	(36.0, 25745.0)	(37.0, 55128.0)	(38.0, 153975.0)	(39.0, 751692.0)	(40.0, 110054.0)												
062019_BEL_CBC_T2_5_MCAV_S20_R1_16S	(16.0, 15.0)	(17.0, 104.0)	(18.0, 235.0)	(19.0, 346.0)	(20.0, 433.0)	(21.0, 347.0)	(22.0, 344.0)	(23.0, 325.0)	(24.0, 365.0)	(25.0, 386.0)	(26.0, 387.0)	(27.0, 456.0)	(28.0, 574.0)	(29.0, 899.0)	(30.0, 1017.0)	(31.0, 1175.0)	(32.0, 1264.0)	(33.0, 1528.0)	(34.0, 1935.0)	(35.0, 3236.0)	(36.0, 6538.0)	(37.0, 10566.0)	(38.0, 10906.0)	(39.0, 213791.0)	(40.0, 6363.0)													
062019_BEL_CBC_T3_11_MCAV_S13_R1_16S	(16.0, 9.0)	(17.0, 72.0)	(18.0, 209.0)	(19.0, 327.0)	(20.0, 583.0)	(21.0, 505.0)	(22.0, 500.0)	(23.0, 510.0)	(24.0, 488.0)	(25.0, 471.0)	(26.0, 500.0)	(27.0, 583.0)	(28.0, 795.0)	(29.0, 1235.0)	(30.0, 1360.0)	(31.0, 1577.0)	(32.0, 1851.0)	(33.0, 2087.0)	(34.0, 2725.0)	(35.0, 4443.0)	(36.0, 7514.0)	(37.0, 14001.0)	(38.0, 15799.0)	(39.0, 228234.0)	(40.0, 80764.0)													
062019_BEL_CBC_T3_14_MCAV_S33_R1_16S	(15.0, 2.0)	(16.0, 18.0)	(17.0, 174.0)	(18.0, 596.0)	(19.0, 1102.0)	(20.0, 1502.0)	(21.0, 1310.0)	(22.0, 1234.0)	(23.0, 1511.0)	(24.0, 1907.0)	(25.0, 2230.0)	(26.0, 2448.0)	(27.0, 2611.0)	(28.0, 2422.0)	(29.0, 2784.0)	(30.0, 2809.0)	(31.0, 3174.0)	(32.0, 3212.0)	(33.0, 3821.0)	(34.0, 5075.0)	(35.0, 8320.0)	(36.0, 17987.0)	(37.0, 36894.0)	(38.0, 46038.0)	(39.0, 441216.0)	(40.0, 159158.0)												
062024_BEL_CBC_T1_1356_PAST_S37_R1_16S	(15.0, 1.0)	(16.0, 73.0)	(17.0, 744.0)	(18.0, 2163.0)	(19.0, 2982.0)	(20.0, 2986.0)	(21.0, 2549.0)	(22.0, 2397.0)	(23.0, 2390.0)	(24.0, 2470.0)	(25.0, 2617.0)	(26.0, 2906.0)	(27.0, 3173.0)	(28.0, 3625.0)	(29.0, 4230.0)	(30.0, 5265.0)	(31.0, 6336.0)	(32.0, 8325.0)	(33.0, 13542.0)	(34.0, 12494.0)	(35.0, 16699.0)	(36.0, 26702.0)	(37.0, 49545.0)	(38.0, 118130.0)	(39.0, 1029405.0)	(40.0, 193426.0)												
062024_BEL_CBC_T2_1372_OFAV_S67_R1_16S	(15.0, 2.0)	(16.0, 39.0)	(17.0, 221.0)	(18.0, 563.0)	(19.0, 865.0)	(20.0, 954.0)	(21.0, 1168.0)	(22.0, 1174.0)	(23.0, 1383.0)	(24.0, 1722.0)	(25.0, 2080.0)	(26.0, 2561.0)	(27.0, 2035.0)	(28.0, 1939.0)	(29.0, 3135.0)	(30.0, 4481.0)	(31.0, 4201.0)	(32.0, 4166.0)	(33.0, 4408.0)	(34.0, 5827.0)	(35.0, 8426.0)	(36.0, 10766.0)	(37.0, 15118.0)	(38.0, 34105.0)	(39.0, 547510.0)	(40.0, 99895.0)												
062024_BEL_CBC_T2_1384_MCAV_S91_R1_16S	(16.0, 24.0)	(17.0, 116.0)	(18.0, 296.0)	(19.0, 575.0)	(20.0, 512.0)	(21.0, 344.0)	(22.0, 319.0)	(23.0, 278.0)	(24.0, 400.0)	(25.0, 463.0)	(26.0, 573.0)	(27.0, 632.0)	(28.0, 681.0)	(29.0, 768.0)	(30.0, 816.0)	(31.0, 946.0)	(32.0, 1009.0)	(33.0, 1257.0)	(34.0, 1588.0)	(35.0, 2089.0)	(36.0, 2752.0)	(37.0, 3910.0)	(38.0, 8058.0)	(39.0, 132153.0)	(40.0, 57365.0)													
062024_BEL_CBC_T2_1393_PAST_S55_R1_16S	(15.0, 6.0)	(16.0, 74.0)	(17.0, 505.0)	(18.0, 1762.0)	(19.0, 2483.0)	(20.0, 2503.0)	(21.0, 1922.0)	(22.0, 1704.0)	(23.0, 1644.0)	(24.0, 1746.0)	(25.0, 1862.0)	(26.0, 1928.0)	(27.0, 2154.0)	(28.0, 2371.0)	(29.0, 2757.0)	(30.0, 3166.0)	(31.0, 3748.0)	(32.0, 5207.0)	(33.0, 8071.0)	(34.0, 7686.0)	(35.0, 11451.0)	(36.0, 18685.0)	(37.0, 25758.0)	(38.0, 57759.0)	(39.0, 732889.0)	(40.0, 66856.0)												
062024_BEL_CBC_T2_1399_PAST_S44_R1_16S	(16.0, 26.0)	(17.0, 208.0)	(18.0, 753.0)	(19.0, 1333.0)	(20.0, 1327.0)	(21.0, 1117.0)	(22.0, 960.0)	(23.0, 909.0)	(24.0, 870.0)	(25.0, 1028.0)	(26.0, 1092.0)	(27.0, 1144.0)	(28.0, 1315.0)	(29.0, 1526.0)	(30.0, 1662.0)	(31.0, 2042.0)	(32.0, 2919.0)	(33.0, 4006.0)	(34.0, 4067.0)	(35.0, 5886.0)	(36.0, 9693.0)	(37.0, 17804.0)	(38.0, 45580.0)	(39.0, 383524.0)	(40.0, 58697.0)													
062024_BEL_CBC_T2_1402_MCAV_S95_R1_16S	(15.0, 1.0)	(16.0, 15.0)	(17.0, 100.0)	(18.0, 233.0)	(19.0, 299.0)	(20.0, 406.0)	(21.0, 336.0)	(22.0, 360.0)	(23.0, 357.0)	(24.0, 398.0)	(25.0, 502.0)	(26.0, 555.0)	(27.0, 728.0)	(28.0, 776.0)	(29.0, 923.0)	(30.0, 929.0)	(31.0, 1091.0)	(32.0, 1064.0)	(33.0, 1160.0)	(34.0, 1538.0)	(35.0, 2180.0)	(36.0, 3237.0)	(37.0, 4240.0)	(38.0, 8964.0)	(39.0, 127109.0)	(40.0, 64756.0)												
062024_BEL_CBC_T3_1418_SSID_S21_R1_16S	(15.0, 1.0)	(16.0, 65.0)	(17.0, 280.0)	(18.0, 550.0)	(19.0, 779.0)	(20.0, 609.0)	(21.0, 406.0)	(22.0, 350.0)	(23.0, 425.0)	(24.0, 437.0)	(25.0, 494.0)	(26.0, 556.0)	(27.0, 611.0)	(28.0, 712.0)	(29.0, 851.0)	(30.0, 1081.0)	(31.0, 1364.0)	(32.0, 1788.0)	(33.0, 2652.0)	(34.0, 3105.0)	(35.0, 5187.0)	(36.0, 8096.0)	(37.0, 11259.0)	(38.0, 12559.0)	(39.0, 219491.0)	(40.0, 51154.0)												
062024_BEL_CBC_T4_1458_MCAV_S58_R1_16S	(15.0, 1.0)	(16.0, 82.0)	(17.0, 543.0)	(18.0, 2180.0)	(19.0, 4586.0)	(20.0, 6755.0)	(21.0, 5433.0)	(22.0, 4659.0)	(23.0, 5558.0)	(24.0, 7560.0)	(25.0, 9038.0)	(26.0, 9870.0)	(27.0, 11090.0)	(28.0, 9577.0)	(29.0, 11145.0)	(30.0, 10345.0)	(31.0, 11921.0)	(32.0, 11314.0)	(33.0, 13254.0)	(34.0, 15524.0)	(35.0, 19844.0)	(36.0, 28011.0)	(37.0, 44134.0)	(38.0, 95843.0)	(39.0, 1988364.0)	(40.0, 596932.0)												
082024_BEL_CBC_T2_1517_MCAV_S28_R1_16S	(15.0, 1.0)	(16.0, 27.0)	(17.0, 199.0)	(18.0, 561.0)	(19.0, 843.0)	(20.0, 1250.0)	(21.0, 1054.0)	(22.0, 953.0)	(23.0, 976.0)	(24.0, 952.0)	(25.0, 951.0)	(26.0, 971.0)	(27.0, 1093.0)	(28.0, 1594.0)	(29.0, 2490.0)	(30.0, 2909.0)	(31.0, 3234.0)	(32.0, 3595.0)	(33.0, 3988.0)	(34.0, 5082.0)	(35.0, 7050.0)	(36.0, 9781.0)	(37.0, 14172.0)	(38.0, 29752.0)	(39.0, 539028.0)	(40.0, 173178.0)												
082024_BEL_CBC_T3_1559_PSTR_S74_R1_16S	(15.0, 2.0)	(16.0, 23.0)	(17.0, 178.0)	(18.0, 439.0)	(19.0, 660.0)	(20.0, 703.0)	(21.0, 852.0)	(22.0, 896.0)	(23.0, 1048.0)	(24.0, 1212.0)	(25.0, 1425.0)	(26.0, 1847.0)	(27.0, 2005.0)	(28.0, 2015.0)	(29.0, 2414.0)	(30.0, 2530.0)	(31.0, 2969.0)	(32.0, 3080.0)	(33.0, 3371.0)	(34.0, 4240.0)	(35.0, 5826.0)	(36.0, 8498.0)	(37.0, 12402.0)	(38.0, 22867.0)	(39.0, 369973.0)	(40.0, 195641.0)												
082024_BEL_CBC_T3_1564_PAST_S48_R1_16S	(15.0, 1.0)	(16.0, 38.0)	(17.0, 333.0)	(18.0, 867.0)	(19.0, 1156.0)	(20.0, 1180.0)	(21.0, 1092.0)	(22.0, 912.0)	(23.0, 910.0)	(24.0, 954.0)	(25.0, 1034.0)	(26.0, 1032.0)	(27.0, 1070.0)	(28.0, 1315.0)	(29.0, 1515.0)	(30.0, 1784.0)	(31.0, 2099.0)	(32.0, 2646.0)	(33.0, 4896.0)	(34.0, 4771.0)	(35.0, 6271.0)	(36.0, 10157.0)	(37.0, 15557.0)	(38.0, 27032.0)	(39.0, 445290.0)	(40.0, 112869.0)												
082024_BEL_CBC_T4_1608_MCAV_S11_R1_16S	(15.0, 1.0)	(16.0, 26.0)	(17.0, 144.0)	(18.0, 382.0)	(19.0, 674.0)	(20.0, 1091.0)	(21.0, 1000.0)	(22.0, 980.0)	(23.0, 896.0)	(24.0, 903.0)	(25.0, 900.0)	(26.0, 973.0)	(27.0, 1062.0)	(28.0, 1565.0)	(29.0, 2460.0)	(30.0, 2770.0)	(31.0, 3319.0)	(32.0, 3503.0)	(33.0, 4065.0)	(34.0, 5234.0)	(35.0, 7474.0)	(36.0, 10777.0)	(37.0, 16561.0)	(38.0, 32327.0)	(39.0, 531413.0)	(40.0, 136669.0)												
092023_BEL_CBC_T1_188_SSID_S3_R1_16S	(15.0, 4.0)	(16.0, 75.0)	(17.0, 480.0)	(18.0, 1337.0)	(19.0, 1432.0)	(20.0, 734.0)	(21.0, 492.0)	(22.0, 488.0)	(23.0, 526.0)	(24.0, 607.0)	(25.0, 691.0)	(26.0, 716.0)	(27.0, 871.0)	(28.0, 990.0)	(29.0, 1239.0)	(30.0, 1546.0)	(31.0, 1910.0)	(32.0, 2837.0)	(33.0, 4322.0)	(34.0, 5407.0)	(35.0, 11338.0)	(36.0, 19713.0)	(37.0, 22444.0)	(38.0, 23635.0)	(39.0, 265166.0)	(40.0, 22931.0)												
092023_BEL_CBC_T1_194_SSID_S39_R1_16S	(15.0, 2.0)	(16.0, 32.0)	(17.0, 243.0)	(18.0, 733.0)	(19.0, 1162.0)	(20.0, 981.0)	(21.0, 697.0)	(22.0, 665.0)	(23.0, 634.0)	(24.0, 734.0)	(25.0, 762.0)	(26.0, 876.0)	(27.0, 930.0)	(28.0, 1123.0)	(29.0, 1246.0)	(30.0, 1578.0)	(31.0, 1846.0)	(32.0, 2531.0)	(33.0, 5041.0)	(34.0, 5326.0)	(35.0, 9595.0)	(36.0, 16974.0)	(37.0, 33994.0)	(38.0, 40217.0)	(39.0, 265340.0)	(40.0, 85021.0)												
092023_BEL_CBC_T2_173_SSID_S14_R1_16S	(15.0, 4.0)	(16.0, 192.0)	(17.0, 999.0)	(18.0, 2156.0)	(19.0, 3059.0)	(20.0, 2438.0)	(21.0, 1670.0)	(22.0, 1494.0)	(23.0, 1611.0)	(24.0, 1809.0)	(25.0, 1999.0)	(26.0, 2043.0)	(27.0, 2388.0)	(28.0, 2733.0)	(29.0, 3234.0)	(30.0, 3782.0)	(31.0, 4679.0)	(32.0, 6041.0)	(33.0, 8794.0)	(34.0, 10690.0)	(35.0, 18969.0)	(36.0, 28965.0)	(37.0, 41874.0)	(38.0, 54301.0)	(39.0, 790633.0)	(40.0, 176336.0)												
092023_BEL_CBC_T2_192_OFAV_S64_R1_16S	(15.0, 4.0)	(16.0, 66.0)	(17.0, 408.0)	(18.0, 997.0)	(19.0, 1430.0)	(20.0, 1613.0)	(21.0, 1304.0)	(22.0, 1234.0)	(23.0, 1111.0)	(24.0, 1055.0)	(25.0, 1187.0)	(26.0, 1363.0)	(27.0, 1545.0)	(28.0, 2122.0)	(29.0, 3373.0)	(30.0, 4013.0)	(31.0, 4293.0)	(32.0, 4546.0)	(33.0, 5581.0)	(34.0, 6359.0)	(35.0, 8445.0)	(36.0, 12215.0)	(37.0, 20944.0)	(38.0, 44670.0)	(39.0, 651799.0)	(40.0, 50688.0)												
092023_BEL_CBC_T2_196_SSID_S63_R1_16S	(15.0, 5.0)	(16.0, 219.0)	(17.0, 1131.0)	(18.0, 2586.0)	(19.0, 3851.0)	(20.0, 2874.0)	(21.0, 1769.0)	(22.0, 1531.0)	(23.0, 1621.0)	(24.0, 1845.0)	(25.0, 2099.0)	(26.0, 2212.0)	(27.0, 2487.0)	(28.0, 2929.0)	(29.0, 3331.0)	(30.0, 3851.0)	(31.0, 4548.0)	(32.0, 6315.0)	(33.0, 9504.0)	(34.0, 10177.0)	(35.0, 14596.0)	(36.0, 22111.0)	(37.0, 46532.0)	(38.0, 99239.0)	(39.0, 812838.0)	(40.0, 245083.0)												
092023_BEL_CBC_T3_172_PSTR_S57_R1_16S	(15.0, 1.0)	(16.0, 81.0)	(17.0, 594.0)	(18.0, 1069.0)	(19.0, 1101.0)	(20.0, 1015.0)	(21.0, 891.0)	(22.0, 782.0)	(23.0, 856.0)	(24.0, 1020.0)	(25.0, 1075.0)	(26.0, 1205.0)	(27.0, 1268.0)	(28.0, 1468.0)	(29.0, 1880.0)	(30.0, 2441.0)	(31.0, 4490.0)	(32.0, 4391.0)	(33.0, 7829.0)	(34.0, 5825.0)	(35.0, 6654.0)	(36.0, 9958.0)	(37.0, 15603.0)	(38.0, 30721.0)	(39.0, 476311.0)	(40.0, 139299.0)												
092023_BEL_CBC_T3_183_SSID_S79_R1_16S	(15.0, 5.0)	(16.0, 125.0)	(17.0, 561.0)	(18.0, 1404.0)	(19.0, 2511.0)	(20.0, 1841.0)	(21.0, 856.0)	(22.0, 796.0)	(23.0, 824.0)	(24.0, 924.0)	(25.0, 1020.0)	(26.0, 1124.0)	(27.0, 1193.0)	(28.0, 1351.0)	(29.0, 1604.0)	(30.0, 1816.0)	(31.0, 2123.0)	(32.0, 2684.0)	(33.0, 3837.0)	(34.0, 4416.0)	(35.0, 6262.0)	(36.0, 9281.0)	(37.0, 12759.0)	(38.0, 24409.0)	(39.0, 406656.0)	(40.0, 112457.0)												
092023_BEL_CBC_T3_196_SSID_S25_R1_16S	(15.0, 4.0)	(16.0, 93.0)	(17.0, 406.0)	(18.0, 1062.0)	(19.0, 1560.0)	(20.0, 1413.0)	(21.0, 842.0)	(22.0, 775.0)	(23.0, 750.0)	(24.0, 823.0)	(25.0, 891.0)	(26.0, 950.0)	(27.0, 1108.0)	(28.0, 1270.0)	(29.0, 1453.0)	(30.0, 1763.0)	(31.0, 2200.0)	(32.0, 2930.0)	(33.0, 4663.0)	(34.0, 6246.0)	(35.0, 17602.0)	(36.0, 32920.0)	(37.0, 17866.0)	(38.0, 18631.0)	(39.0, 327873.0)	(40.0, 88637.0)												
092023_BEL_CBC_T4_84_OANN_S12_R1_16S	(16.0, 16.0)	(17.0, 56.0)	(18.0, 182.0)	(19.0, 223.0)	(20.0, 347.0)	(21.0, 297.0)	(22.0, 253.0)	(23.0, 240.0)	(24.0, 212.0)	(25.0, 284.0)	(26.0, 275.0)	(27.0, 378.0)	(28.0, 474.0)	(29.0, 816.0)	(30.0, 1012.0)	(31.0, 1019.0)	(32.0, 1021.0)	(33.0, 1140.0)	(34.0, 1530.0)	(35.0, 2106.0)	(36.0, 3290.0)	(37.0, 5268.0)	(38.0, 8131.0)	(39.0, 129422.0)	(40.0, 25540.0)													
092023_BEL_CBC_T4_88_OFAV_S71_R1_16S	(15.0, 4.0)	(16.0, 35.0)	(17.0, 243.0)	(18.0, 586.0)	(19.0, 753.0)	(20.0, 869.0)	(21.0, 1090.0)	(22.0, 1148.0)	(23.0, 1352.0)	(24.0, 1712.0)	(25.0, 2105.0)	(26.0, 2475.0)	(27.0, 2087.0)	(28.0, 1941.0)	(29.0, 3019.0)	(30.0, 4435.0)	(31.0, 4106.0)	(32.0, 4104.0)	(33.0, 4500.0)	(34.0, 5558.0)	(35.0, 8965.0)	(36.0, 13224.0)	(37.0, 15609.0)	(38.0, 29774.0)	(39.0, 512248.0)	(40.0, 93698.0)												
092023_BEL_CBC_T4_91_MCAV_S78_R1_16S	(15.0, 6.0)	(16.0, 180.0)	(17.0, 636.0)	(18.0, 1475.0)	(19.0, 2617.0)	(20.0, 1930.0)	(21.0, 1427.0)	(22.0, 1531.0)	(23.0, 1611.0)	(24.0, 1879.0)	(25.0, 2181.0)	(26.0, 2744.0)	(27.0, 3022.0)	(28.0, 3299.0)	(29.0, 3631.0)	(30.0, 3722.0)	(31.0, 4378.0)	(32.0, 4949.0)	(33.0, 5647.0)	(34.0, 6724.0)	(35.0, 9038.0)	(36.0, 12026.0)	(37.0, 17922.0)	(38.0, 36360.0)	(39.0, 660353.0)	(40.0, 302873.0)												
102019_BEL_CBC_T1_25_PSTR_S65_R1_16S	(15.0, 1.0)	(16.0, 33.0)	(17.0, 207.0)	(18.0, 576.0)	(19.0, 942.0)	(20.0, 1151.0)	(21.0, 1260.0)	(22.0, 1336.0)	(23.0, 1454.0)	(24.0, 1729.0)	(25.0, 2160.0)	(26.0, 2811.0)	(27.0, 3053.0)	(28.0, 2968.0)	(29.0, 3587.0)	(30.0, 3803.0)	(31.0, 4256.0)	(32.0, 4250.0)	(33.0, 4686.0)	(34.0, 5998.0)	(35.0, 9245.0)	(36.0, 14057.0)	(37.0, 17250.0)	(38.0, 31460.0)	(39.0, 533410.0)	(40.0, 297330.0)												
102019_BEL_CBC_T1_27_PSTR_S88_R1_16S	(15.0, 1.0)	(16.0, 27.0)	(17.0, 140.0)	(18.0, 318.0)	(19.0, 609.0)	(20.0, 741.0)	(21.0, 817.0)	(22.0, 925.0)	(23.0, 972.0)	(24.0, 1201.0)	(25.0, 1375.0)	(26.0, 1858.0)	(27.0, 2038.0)	(28.0, 2064.0)	(29.0, 2309.0)	(30.0, 2267.0)	(31.0, 2586.0)	(32.0, 2688.0)	(33.0, 3018.0)	(34.0, 3758.0)	(35.0, 5756.0)	(36.0, 8106.0)	(37.0, 9761.0)	(38.0, 20753.0)	(39.0, 487166.0)	(40.0, 39270.0)												
102019_BEL_CBC_T1_28_PSTR_S19_R1_16S	(16.0, 36.0)	(17.0, 195.0)	(18.0, 345.0)	(19.0, 574.0)	(20.0, 723.0)	(21.0, 628.0)	(22.0, 654.0)	(23.0, 636.0)	(24.0, 715.0)	(25.0, 648.0)	(26.0, 743.0)	(27.0, 889.0)	(28.0, 1111.0)	(29.0, 1658.0)	(30.0, 1809.0)	(31.0, 2286.0)	(32.0, 2351.0)	(33.0, 2800.0)	(34.0, 3802.0)	(35.0, 6412.0)	(36.0, 12724.0)	(37.0, 21437.0)	(38.0, 21087.0)	(39.0, 410185.0)	(40.0, 26398.0)													
102019_BEL_CBC_T1_31_PSTR_S22_R1_16S	(15.0, 1.0)	(16.0, 34.0)	(17.0, 185.0)	(18.0, 385.0)	(19.0, 674.0)	(20.0, 936.0)	(21.0, 816.0)	(22.0, 807.0)	(23.0, 747.0)	(24.0, 802.0)	(25.0, 866.0)	(26.0, 920.0)	(27.0, 1035.0)	(28.0, 1282.0)	(29.0, 1969.0)	(30.0, 2127.0)	(31.0, 2729.0)	(32.0, 2810.0)	(33.0, 3437.0)	(34.0, 4462.0)	(35.0, 7153.0)	(36.0, 12406.0)	(37.0, 19820.0)	(38.0, 23449.0)	(39.0, 482787.0)	(40.0, 24674.0)												
102019_BEL_CBC_T2_33_PSTR_S72_R1_16S	(15.0, 1.0)	(16.0, 68.0)	(17.0, 459.0)	(18.0, 1278.0)	(19.0, 2026.0)	(20.0, 2868.0)	(21.0, 3588.0)	(22.0, 4010.0)	(23.0, 4378.0)	(24.0, 5124.0)	(25.0, 6644.0)	(26.0, 8380.0)	(27.0, 9233.0)	(28.0, 9010.0)	(29.0, 10408.0)	(30.0, 10967.0)	(31.0, 12532.0)	(32.0, 12269.0)	(33.0, 13431.0)	(34.0, 17247.0)	(35.0, 26470.0)	(36.0, 39740.0)	(37.0, 48674.0)	(38.0, 90621.0)	(39.0, 1539155.0)	(40.0, 888144.0)												
102019_BEL_CBC_T3_36_PSTR_S83_R1_16S	(15.0, 5.0)	(16.0, 67.0)	(17.0, 352.0)	(18.0, 1016.0)	(19.0, 1734.0)	(20.0, 2206.0)	(21.0, 2366.0)	(22.0, 2501.0)	(23.0, 2704.0)	(24.0, 3174.0)	(25.0, 3935.0)	(26.0, 5219.0)	(27.0, 5818.0)	(28.0, 5721.0)	(29.0, 6416.0)	(30.0, 6526.0)	(31.0, 7669.0)	(32.0, 7561.0)	(33.0, 8952.0)	(34.0, 10910.0)	(35.0, 16261.0)	(36.0, 22537.0)	(37.0, 26711.0)	(38.0, 58091.0)	(39.0, 1398438.0)	(40.0, 134177.0)												
112023_BEL_CBC_T2_308_PAST_S62_R1_16S	(15.0, 1.0)	(16.0, 36.0)	(17.0, 305.0)	(18.0, 1031.0)	(19.0, 1822.0)	(20.0, 1794.0)	(21.0, 1510.0)	(22.0, 1297.0)	(23.0, 1097.0)	(24.0, 1174.0)	(25.0, 1180.0)	(26.0, 1240.0)	(27.0, 1320.0)	(28.0, 1428.0)	(29.0, 1625.0)	(30.0, 1783.0)	(31.0, 2076.0)	(32.0, 2569.0)	(33.0, 3220.0)	(34.0, 3914.0)	(35.0, 5463.0)	(36.0, 8796.0)	(37.0, 14170.0)	(38.0, 29163.0)	(39.0, 467477.0)	(40.0, 61972.0)												
112023_BEL_CBC_T3_347_MCAV_S81_R1_16S	(16.0, 42.0)	(17.0, 161.0)	(18.0, 463.0)	(19.0, 661.0)	(20.0, 641.0)	(21.0, 694.0)	(22.0, 742.0)	(23.0, 744.0)	(24.0, 901.0)	(25.0, 1116.0)	(26.0, 1389.0)	(27.0, 1579.0)	(28.0, 1823.0)	(29.0, 1982.0)	(30.0, 1935.0)	(31.0, 2357.0)	(32.0, 2408.0)	(33.0, 2655.0)	(34.0, 3432.0)	(35.0, 5464.0)	(36.0, 6815.0)	(37.0, 8494.0)	(38.0, 17881.0)	(39.0, 410040.0)	(40.0, 50767.0)													
112023_BEL_CBC_T4_396_MCAV_S1_R1_16S	(16.0, 20.0)	(17.0, 76.0)	(18.0, 180.0)	(19.0, 223.0)	(20.0, 239.0)	(21.0, 196.0)	(22.0, 161.0)	(23.0, 187.0)	(24.0, 188.0)	(25.0, 175.0)	(26.0, 207.0)	(27.0, 252.0)	(28.0, 321.0)	(29.0, 455.0)	(30.0, 472.0)	(31.0, 524.0)	(32.0, 645.0)	(33.0, 742.0)	(34.0, 924.0)	(35.0, 1252.0)	(36.0, 1753.0)	(37.0, 2586.0)	(38.0, 4805.0)	(39.0, 84596.0)	(40.0, 16347.0)													
122022_BEL_CBC_T1_120_OANN_S35_R1_16S	(15.0, 1.0)	(16.0, 28.0)	(17.0, 286.0)	(18.0, 925.0)	(19.0, 1570.0)	(20.0, 2094.0)	(21.0, 2037.0)	(22.0, 1798.0)	(23.0, 2168.0)	(24.0, 2716.0)	(25.0, 3223.0)	(26.0, 3415.0)	(27.0, 2909.0)	(28.0, 2449.0)	(29.0, 3872.0)	(30.0, 4653.0)	(31.0, 4749.0)	(32.0, 4828.0)	(33.0, 6601.0)	(34.0, 7275.0)	(35.0, 10689.0)	(36.0, 17794.0)	(37.0, 32054.0)	(38.0, 49385.0)	(39.0, 691245.0)	(40.0, 161638.0)												
122022_BEL_CBC_T1_136_OANN_S66_R1_16S	(15.0, 1.0)	(16.0, 26.0)	(17.0, 197.0)	(18.0, 499.0)	(19.0, 755.0)	(20.0, 922.0)	(21.0, 1023.0)	(22.0, 1150.0)	(23.0, 1231.0)	(24.0, 1522.0)	(25.0, 1893.0)	(26.0, 2225.0)	(27.0, 1956.0)	(28.0, 1763.0)	(29.0, 2848.0)	(30.0, 4115.0)	(31.0, 3908.0)	(32.0, 3752.0)	(33.0, 4107.0)	(34.0, 5594.0)	(35.0, 9505.0)	(36.0, 13252.0)	(37.0, 14859.0)	(38.0, 26378.0)	(39.0, 476793.0)	(40.0, 88544.0)												
122022_BEL_CBC_T1_139_PAST_S18_R1_16S	(15.0, 1.0)	(16.0, 44.0)	(17.0, 299.0)	(18.0, 883.0)	(19.0, 1099.0)	(20.0, 769.0)	(21.0, 524.0)	(22.0, 553.0)	(23.0, 556.0)	(24.0, 640.0)	(25.0, 668.0)	(26.0, 801.0)	(27.0, 831.0)	(28.0, 1045.0)	(29.0, 1197.0)	(30.0, 1381.0)	(31.0, 1717.0)	(32.0, 2239.0)	(33.0, 3329.0)	(34.0, 5725.0)	(35.0, 6192.0)	(36.0, 12538.0)	(37.0, 23203.0)	(38.0, 35204.0)	(39.0, 218252.0)	(40.0, 53959.0)												
122022_BEL_CBC_T2_101_OFAV_S50_R1_16S	(15.0, 4.0)	(16.0, 126.0)	(17.0, 961.0)	(18.0, 2982.0)	(19.0, 4474.0)	(20.0, 4192.0)	(21.0, 3649.0)	(22.0, 3299.0)	(23.0, 3846.0)	(24.0, 4653.0)	(25.0, 5524.0)	(26.0, 5878.0)	(27.0, 5401.0)	(28.0, 4943.0)	(29.0, 7072.0)	(30.0, 8221.0)	(31.0, 9231.0)	(32.0, 9966.0)	(33.0, 17117.0)	(34.0, 15908.0)	(35.0, 21634.0)	(36.0, 39566.0)	(37.0, 42881.0)	(38.0, 71174.0)	(39.0, 1572617.0)	(40.0, 302252.0)												
122022_BEL_CBC_T2_102_OFAV_S27_R1_16S	(15.0, 1.0)	(16.0, 23.0)	(17.0, 253.0)	(18.0, 660.0)	(19.0, 1070.0)	(20.0, 1365.0)	(21.0, 1200.0)	(22.0, 1194.0)	(23.0, 958.0)	(24.0, 913.0)	(25.0, 1017.0)	(26.0, 1088.0)	(27.0, 1276.0)	(28.0, 1856.0)	(29.0, 3263.0)	(30.0, 3940.0)	(31.0, 3985.0)	(32.0, 4471.0)	(33.0, 5058.0)	(34.0, 6296.0)	(35.0, 10563.0)	(36.0, 16413.0)	(37.0, 16753.0)	(38.0, 31700.0)	(39.0, 596199.0)	(40.0, 110660.0)												
122022_BEL_CBC_T2_116_PSTR_S32_R1_16S	(15.0, 2.0)	(16.0, 71.0)	(17.0, 610.0)	(18.0, 1938.0)	(19.0, 2876.0)	(20.0, 2355.0)	(21.0, 1795.0)	(22.0, 1708.0)	(23.0, 1956.0)	(24.0, 2424.0)	(25.0, 2938.0)	(26.0, 3242.0)	(27.0, 3252.0)	(28.0, 3160.0)	(29.0, 3779.0)	(30.0, 4356.0)	(31.0, 4822.0)	(32.0, 6249.0)	(33.0, 10569.0)	(34.0, 10930.0)	(35.0, 17298.0)	(36.0, 36486.0)	(37.0, 43452.0)	(38.0, 51688.0)	(39.0, 780103.0)	(40.0, 275879.0)												
122022_BEL_CBC_T2_117_PSTR_S56_R1_16S	(15.0, 2.0)	(16.0, 42.0)	(17.0, 322.0)	(18.0, 1163.0)	(19.0, 1982.0)	(20.0, 2513.0)	(21.0, 2027.0)	(22.0, 1941.0)	(23.0, 2306.0)	(24.0, 2953.0)	(25.0, 3576.0)	(26.0, 3961.0)	(27.0, 3753.0)	(28.0, 3478.0)	(29.0, 4590.0)	(30.0, 4522.0)	(31.0, 5397.0)	(32.0, 6074.0)	(33.0, 7961.0)	(34.0, 8598.0)	(35.0, 15379.0)	(36.0, 32983.0)	(37.0, 34710.0)	(38.0, 72641.0)	(39.0, 897633.0)	(40.0, 21510.0)												
122022_BEL_CBC_T2_119_OANN_S5_R1_16S	(16.0, 18.0)	(17.0, 108.0)	(18.0, 340.0)	(19.0, 536.0)	(20.0, 802.0)	(21.0, 758.0)	(22.0, 745.0)	(23.0, 629.0)	(24.0, 641.0)	(25.0, 687.0)	(26.0, 806.0)	(27.0, 919.0)	(28.0, 1313.0)	(29.0, 2148.0)	(30.0, 2435.0)	(31.0, 2882.0)	(32.0, 2928.0)	(33.0, 3365.0)	(34.0, 4448.0)	(35.0, 6724.0)	(36.0, 12516.0)	(37.0, 20109.0)	(38.0, 24101.0)	(39.0, 438903.0)	(40.0, 47196.0)													
122022_BEL_CBC_T2_89_PAST_S17_R1_16S	(15.0, 5.0)	(16.0, 95.0)	(17.0, 410.0)	(18.0, 1297.0)	(19.0, 2051.0)	(20.0, 1293.0)	(21.0, 858.0)	(22.0, 826.0)	(23.0, 893.0)	(24.0, 1037.0)	(25.0, 1131.0)	(26.0, 1312.0)	(27.0, 1469.0)	(28.0, 1765.0)	(29.0, 2036.0)	(30.0, 2291.0)	(31.0, 2729.0)	(32.0, 3671.0)	(33.0, 5491.0)	(34.0, 9448.0)	(35.0, 8979.0)	(36.0, 14093.0)	(37.0, 26463.0)	(38.0, 59950.0)	(39.0, 406474.0)	(40.0, 101728.0)												
122022_BEL_CBC_T3_121_OFAV_S73_R1_16S	(16.0, 30.0)	(17.0, 212.0)	(18.0, 522.0)	(19.0, 771.0)	(20.0, 791.0)	(21.0, 963.0)	(22.0, 1073.0)	(23.0, 1245.0)	(24.0, 1600.0)	(25.0, 2018.0)	(26.0, 2285.0)	(27.0, 1821.0)	(28.0, 1696.0)	(29.0, 2558.0)	(30.0, 3898.0)	(31.0, 3844.0)	(32.0, 3749.0)	(33.0, 4084.0)	(34.0, 5138.0)	(35.0, 6777.0)	(36.0, 9503.0)	(37.0, 14756.0)	(38.0, 32004.0)	(39.0, 513942.0)	(40.0, 60139.0)													
122022_BEL_CBC_T4_12_PSTR_S86_R1_16S	(15.0, 4.0)	(16.0, 99.0)	(17.0, 532.0)	(18.0, 1214.0)	(19.0, 1907.0)	(20.0, 1230.0)	(21.0, 796.0)	(22.0, 890.0)	(23.0, 1003.0)	(24.0, 1037.0)	(25.0, 1261.0)	(26.0, 1520.0)	(27.0, 1603.0)	(28.0, 1619.0)	(29.0, 1889.0)	(30.0, 2079.0)	(31.0, 2441.0)	(32.0, 2693.0)	(33.0, 3167.0)	(34.0, 4222.0)	(35.0, 6994.0)	(36.0, 10175.0)	(37.0, 10179.0)	(38.0, 22318.0)	(39.0, 431003.0)	(40.0, 95581.0)												
122022_BEL_CBC_T4_13_PSTR_S49_R1_16S	(15.0, 5.0)	(16.0, 118.0)	(17.0, 993.0)	(18.0, 3087.0)	(19.0, 5012.0)	(20.0, 4613.0)	(21.0, 3716.0)	(22.0, 3549.0)	(23.0, 4155.0)	(24.0, 5286.0)	(25.0, 6450.0)	(26.0, 6772.0)	(27.0, 6811.0)	(28.0, 6425.0)	(29.0, 7979.0)	(30.0, 7933.0)	(31.0, 9462.0)	(32.0, 10632.0)	(33.0, 19956.0)	(34.0, 19444.0)	(35.0, 30276.0)	(36.0, 77315.0)	(37.0, 67241.0)	(38.0, 82105.0)	(39.0, 1895074.0)	(40.0, 315888.0)												
122022_BEL_CBC_T4_14_MCAV_S38_R1_16S	(15.0, 3.0)	(16.0, 59.0)	(17.0, 509.0)	(18.0, 1149.0)	(19.0, 1474.0)	(20.0, 1738.0)	(21.0, 1494.0)	(22.0, 1399.0)	(23.0, 1630.0)	(24.0, 2149.0)	(25.0, 2546.0)	(26.0, 2648.0)	(27.0, 2815.0)	(28.0, 2545.0)	(29.0, 3086.0)	(30.0, 3172.0)	(31.0, 3654.0)	(32.0, 4076.0)	(33.0, 5334.0)	(34.0, 6149.0)	(35.0, 9535.0)	(36.0, 17184.0)	(37.0, 31229.0)	(38.0, 45282.0)	(39.0, 562516.0)	(40.0, 199302.0)												
122022_BEL_CBC_T4_15_MCAV_S2_R1_16S	(15.0, 2.0)	(16.0, 26.0)	(17.0, 159.0)	(18.0, 379.0)	(19.0, 524.0)	(20.0, 635.0)	(21.0, 528.0)	(22.0, 501.0)	(23.0, 507.0)	(24.0, 525.0)	(25.0, 565.0)	(26.0, 563.0)	(27.0, 610.0)	(28.0, 842.0)	(29.0, 1234.0)	(30.0, 1366.0)	(31.0, 1745.0)	(32.0, 1987.0)	(33.0, 2589.0)	(34.0, 3662.0)	(35.0, 7112.0)	(36.0, 17187.0)	(37.0, 27262.0)	(38.0, 15151.0)	(39.0, 232571.0)	(40.0, 37271.0)												
122022_BEL_CBC_T4_35_PSTR_S87_R1_16S	(15.0, 2.0)	(16.0, 105.0)	(17.0, 673.0)	(18.0, 1556.0)	(19.0, 2461.0)	(20.0, 1585.0)	(21.0, 1172.0)	(22.0, 1108.0)	(23.0, 1137.0)	(24.0, 1350.0)	(25.0, 1575.0)	(26.0, 1862.0)	(27.0, 2041.0)	(28.0, 2134.0)	(29.0, 2489.0)	(30.0, 2922.0)	(31.0, 3299.0)	(32.0, 3638.0)	(33.0, 4391.0)	(34.0, 5438.0)	(35.0, 8557.0)	(36.0, 12068.0)	(37.0, 14586.0)	(38.0, 33201.0)	(39.0, 562420.0)	(40.0, 119870.0)												
122022_BEL_CBC_T4_3_MCAV_S84_R1_16S	(16.0, 36.0)	(17.0, 183.0)	(18.0, 426.0)	(19.0, 669.0)	(20.0, 666.0)	(21.0, 644.0)	(22.0, 651.0)	(23.0, 599.0)	(24.0, 821.0)	(25.0, 845.0)	(26.0, 1075.0)	(27.0, 1225.0)	(28.0, 1402.0)	(29.0, 1611.0)	(30.0, 1683.0)	(31.0, 1991.0)	(32.0, 2343.0)	(33.0, 2986.0)	(34.0, 4621.0)	(35.0, 13702.0)	(36.0, 22514.0)	(37.0, 7940.0)	(38.0, 14523.0)	(39.0, 298832.0)	(40.0, 46356.0)													
122022_BEL_CBC_T4_4_PSTR_S41_R1_16S	(15.0, 1.0)	(16.0, 12.0)	(17.0, 112.0)	(18.0, 421.0)	(19.0, 904.0)	(20.0, 1223.0)	(21.0, 980.0)	(22.0, 891.0)	(23.0, 1214.0)	(24.0, 1545.0)	(25.0, 1994.0)	(26.0, 2150.0)	(27.0, 2045.0)	(28.0, 1667.0)	(29.0, 2110.0)	(30.0, 2018.0)	(31.0, 2414.0)	(32.0, 2353.0)	(33.0, 2868.0)	(34.0, 3517.0)	(35.0, 4999.0)	(36.0, 8043.0)	(37.0, 13058.0)	(38.0, 23706.0)	(39.0, 388718.0)	(40.0, 147445.0)												
122023_BEL_CBC_T2_517_SSID_S59_R1_16S	(15.0, 2.0)	(16.0, 115.0)	(17.0, 1043.0)	(18.0, 2934.0)	(19.0, 4211.0)	(20.0, 4940.0)	(21.0, 3621.0)	(22.0, 3142.0)	(23.0, 3307.0)	(24.0, 3825.0)	(25.0, 4563.0)	(26.0, 4775.0)	(27.0, 5280.0)	(28.0, 5360.0)	(29.0, 6227.0)	(30.0, 6886.0)	(31.0, 8184.0)	(32.0, 9955.0)	(33.0, 16249.0)	(34.0, 15623.0)	(35.0, 19789.0)	(36.0, 29390.0)	(37.0, 50993.0)	(38.0, 115432.0)	(39.0, 1719942.0)	(40.0, 451282.0)												
122023_BEL_CBC_T2_519_PAST_S90_R1_16S	(16.0, 34.0)	(17.0, 231.0)	(18.0, 740.0)	(19.0, 2082.0)	(20.0, 1951.0)	(21.0, 1503.0)	(22.0, 1172.0)	(23.0, 1114.0)	(24.0, 1115.0)	(25.0, 1279.0)	(26.0, 1421.0)	(27.0, 1649.0)	(28.0, 1867.0)	(29.0, 2137.0)	(30.0, 2489.0)	(31.0, 2860.0)	(32.0, 3356.0)	(33.0, 4243.0)	(34.0, 5395.0)	(35.0, 7847.0)	(36.0, 11522.0)	(37.0, 15631.0)	(38.0, 33783.0)	(39.0, 539762.0)	(40.0, 57661.0)													
122023_BEL_CBC_T4_538_OFAV_S45_R1_16S	(16.0, 8.0)	(17.0, 88.0)	(18.0, 285.0)	(19.0, 512.0)	(20.0, 703.0)	(21.0, 664.0)	(22.0, 653.0)	(23.0, 784.0)	(24.0, 960.0)	(25.0, 1222.0)	(26.0, 1287.0)	(27.0, 1054.0)	(28.0, 931.0)	(29.0, 1349.0)	(30.0, 1640.0)	(31.0, 1792.0)	(32.0, 1851.0)	(33.0, 2344.0)	(34.0, 2998.0)	(35.0, 3528.0)	(36.0, 5017.0)	(37.0, 7250.0)	(38.0, 14070.0)	(39.0, 278036.0)	(40.0, 60997.0)													
Negative_S96_R1_16S	(15.0, 1.0)	(16.0, 3.0)	(17.0, 21.0)	(18.0, 53.0)	(19.0, 120.0)	(20.0, 153.0)	(21.0, 95.0)	(22.0, 61.0)	(23.0, 69.0)	(24.0, 82.0)	(25.0, 88.0)	(26.0, 103.0)	(27.0, 115.0)	(28.0, 113.0)	(29.0, 147.0)	(30.0, 144.0)	(31.0, 156.0)	(32.0, 217.0)	(33.0, 267.0)	(34.0, 419.0)	(35.0, 730.0)	(36.0, 1227.0)	(37.0, 1021.0)	(38.0, 1609.0)	(39.0, 15795.0)	(40.0, 2944.0)												
Undetermined_S0_R1_16S	(3.0, 46.0)	(4.0, 408.0)	(5.0, 963.0)	(6.0, 1614.0)	(7.0, 2233.0)	(8.0, 2364.0)	(9.0, 2713.0)	(10.0, 2587.0)	(11.0, 2387.0)	(12.0, 2658.0)	(13.0, 2821.0)	(14.0, 2571.0)	(15.0, 2950.0)	(16.0, 10298.0)	(17.0, 46982.0)	(18.0, 95198.0)	(19.0, 104249.0)	(20.0, 117857.0)	(21.0, 47754.0)	(22.0, 22503.0)	(23.0, 23656.0)	(24.0, 29806.0)	(25.0, 27635.0)	(26.0, 24591.0)	(27.0, 26013.0)	(28.0, 31215.0)	(29.0, 66494.0)	(30.0, 86211.0)	(31.0, 49685.0)	(32.0, 48784.0)	(33.0, 53110.0)	(34.0, 61922.0)	(35.0, 94552.0)	(36.0, 139399.0)	(37.0, 197954.0)	(38.0, 404050.0)	(39.0, 3908009.0)	(40.0, 552772.0)
