Sample	0	1	2	3	4	5	6	7	8	9	10	11	12	13	14	15
012024_BEL_CBC_T1_565_PAST_S53_R1_16S	(1.0, 1.6706724833319613)	(2.0, 0.5210305374927978)	(3.0, 0.327187422833155)	(4.0, 0.23244711498888798)	(5.0, 0.20330891431393527)	(6.0, 0.1768046752819162)	(7.0, 0.1509589266606305)	(8.0, 0.13959996707547945)	(9.0, 0.13408510988558728)	('>10', 2.800230471643757)	('>50', 1.7117458227014568)	('>100', 4.512223228249239)	('>500', 2.0101242900650256)	('>1k', 7.616100090542431)	('>5k', 6.627047493620875)	('>10k+', 71.16643345131286)
012024_BEL_CBC_T2_585_OFAV_S43_R1_16S	(1.0, 1.1673027634724666)	(2.0, 0.31674590630636956)	(3.0, 0.17559780606410516)	(4.0, 0.13205720565038973)	(5.0, 0.0956936272828911)	(6.0, 0.0880381371002598)	(7.0, 0.07368409300782615)	(8.0, 0.07017532667412013)	(9.0, 0.06889941164368159)	('>10', 1.5086100341147781)	('>50', 0.948164356994646)	('>100', 2.0776681376903703)	('>500', 0.6749590511019918)	('>1k', 4.036038220034737)	('>5k', 1.0239218119269347)	('>10k+', 87.54244411093444)
012024_BEL_CBC_T2_593_MCAV_S6_R1_16S	(1.0, 1.6987583056379183)	(2.0, 0.5199012760995936)	(3.0, 0.22865143438755103)	(4.0, 0.1586463452803907)	(5.0, 0.09676471361228649)	(6.0, 0.10178214320699765)	(7.0, 0.08864125617323033)	(8.0, 0.07072186476354766)	(9.0, 0.07526144392066728)	('>10', 1.1614154885662336)	('>50', 0.5015040342523194)	('>100', 1.397951455174045)	('>500', 1.016148955538406)	('>1k', 1.6932630256056156)	('>5k', 1.505706728850937)	('>10k+', 89.68488152893026)
012024_BEL_CBC_T3_625_SSID_S54_R1_16S	(1.0, 1.0431142114021281)	(2.0, 0.27487098272648336)	(3.0, 0.1652283502841026)	(4.0, 0.11634584665319489)	(5.0, 0.09094419280168874)	(6.0, 0.07479375856276815)	(7.0, 0.06311213379772365)	(8.0, 0.05550731767551347)	(9.0, 0.050803307703012335)	('>10', 1.3261780114973845)	('>50', 1.3291180177301976)	('>100', 5.202125428505909)	('>500', 2.171175002891006)	('>1k', 5.980090277791389)	('>5k', 2.854706851978526)	('>10k+', 79.20188630799898)
012024_BEL_CBC_T3_642_PSTR_S40_R1_16S	(1.0, 1.3866028054658783)	(2.0, 0.39395202403743135)	(3.0, 0.21051590525371405)	(4.0, 0.14128584245215708)	(5.0, 0.09890008971650997)	(6.0, 0.0819457886222511)	(7.0, 0.07417506728738248)	(8.0, 0.0612238650626014)	(9.0, 0.04874361564599419)	('>10', 1.1348785294969517)	('>50', 0.9281302467086286)	('>100', 1.7254533509469685)	('>500', 0.539947394571327)	('>1k', 2.8097044535652307)	('>5k', 0.0)	('>10k+', 90.36454102116697)
012024_BEL_CBC_T3_644_PSTR_S16_R1_16S	(1.0, 1.7015943690147917)	(2.0, 0.5553923066294849)	(3.0, 0.29131824913256443)	(4.0, 0.165021960764472)	(5.0, 0.1367074616002849)	(6.0, 0.10741995559196763)	(7.0, 0.0905869371885162)	(8.0, 0.06772127635145786)	(9.0, 0.058672312701047544)	('>10', 0.9063558753072268)	('>50', 0.5728091291394144)	('>100', 1.016694851431585)	('>500', 0.6678718978109291)	('>1k', 2.485740584699273)	('>5k', 3.5398961996298683)	('>10k+', 87.63619663300712)
022024_BEL_CBC_T1_771_PAST_S10_R1_16S	(1.0, 1.5687852804104452)	(2.0, 0.5515773109121874)	(3.0, 0.3168635615878523)	(4.0, 0.19025620386407865)	(5.0, 0.13565074041832895)	(6.0, 0.1093489938028667)	(7.0, 0.09181449605922519)	(8.0, 0.06627211745628284)	(9.0, 0.057159701306043954)	('>10', 0.8879773404585064)	('>50', 0.6002458971691451)	('>100', 1.700984348044593)	('>500', 0.4645951567508162)	('>1k', 0.6112222166228419)	('>5k', 0.8513896089461835)	('>10k+', 91.7958570261906)
022024_BEL_CBC_T2_808_PAST_S15_R1_16S	(1.0, 2.627997580587775)	(2.0, 0.74717142247207)	(3.0, 0.3675816551625987)	(4.0, 0.2535045897673095)	(5.0, 0.1801216822030883)	(6.0, 0.15877392727531486)	(7.0, 0.11051910624066034)	(8.0, 0.10673877463886715)	(9.0, 0.09406354515050168)	('>10', 1.8347950615526933)	('>50', 0.666672596598591)	('>100', 1.554605778125667)	('>500', 0.14454209065679927)	('>1k', 3.9244289475556817)	('>5k', 0.0)	('>10k+', 87.22848324201237)
022024_BEL_CBC_T4_872_PSTR_S89_R1_16S	(1.0, 2.1773884902890748)	(2.0, 0.6559537247416637)	(3.0, 0.30666078859783835)	(4.0, 0.19475140128962246)	(5.0, 0.1283808988600745)	(6.0, 0.09156222597944937)	(7.0, 0.06104148398629958)	(8.0, 0.08138864531506611)	(9.0, 0.04796116598923538)	('>10', 1.748160277496524)	('>50', 1.3484838942528958)	('>100', 3.4808179558854166)	('>500', 1.2947092535982985)	('>1k', 3.195957697282685)	('>5k', 0.0)	('>10k+', 85.18678209643585)
042024_BEL_CBC_T1_1146_OANN_S52_R1_16S	(1.0, 1.4499765691089568)	(2.0, 0.4235818224973069)	(3.0, 0.23141808621350715)	(4.0, 0.16188615629925812)	(5.0, 0.08748546980458027)	(6.0, 0.07394424056526264)	(7.0, 0.058577227608284196)	(8.0, 0.06816259212600342)	(9.0, 0.05066549816508736)	('>10', 1.2275352528406152)	('>50', 0.9145654939049253)	('>100', 1.9356350380067313)	('>500', 0.3942171343715957)	('>1k', 2.7195048474557706)	('>5k', 0.0)	('>10k+', 90.20284457103212)
042024_BEL_CBC_T1_929_PAST_S8_R1_16S	(1.0, 2.0211882071644687)	(2.0, 0.5820850203417333)	(3.0, 0.33361028421799777)	(4.0, 0.24915816368871244)	(5.0, 0.18989523055428906)	(6.0, 0.15464989470333873)	(7.0, 0.1407860783852364)	(8.0, 0.10700523017352227)	(9.0, 0.07996102510229446)	('>10', 1.3905798297093774)	('>50', 0.7474744910661372)	('>100', 2.4169903997953623)	('>500', 0.8692222301413035)	('>1k', 2.717503263366623)	('>5k', 2.7792070092331067)	('>10k+', 85.2206836423565)
042024_BEL_CBC_T1_933_SSID_S82_R1_16S	(1.0, 3.2420591456736036)	(2.0, 0.8903649789774936)	(3.0, 0.4328869731123909)	(4.0, 0.30131081510793906)	(5.0, 0.24308377203829984)	(6.0, 0.20012012860827474)	(7.0, 0.16818005158463767)	(8.0, 0.17298519591562733)	(9.0, 0.175529095855563)	('>10', 4.765431226371763)	('>50', 3.271031339433982)	('>100', 11.928770801681802)	('>500', 4.4595979224817155)	('>1k', 17.67883263258312)	('>5k', 6.159488393456524)	('>10k+', 45.91032752711727)
042024_BEL_CBC_T2_1017_MCAV_S94_R1_16S	(1.0, 1.6302350656011113)	(2.0, 0.5641412897311747)	(3.0, 0.3034732850629762)	(4.0, 0.18333582357763303)	(5.0, 0.1312426049839884)	(6.0, 0.10055202658773264)	(7.0, 0.09186982348879189)	(8.0, 0.05330468879349683)	(9.0, 0.05088174839379243)	('>10', 0.9522155770838296)	('>50', 0.6808462523169367)	('>100', 2.0867574192454157)	('>500', 0.40099663615107844)	('>1k', 2.0584897812488645)	('>5k', 0.0)	('>10k+', 90.71165797773317)
042024_BEL_CBC_T2_1028_PAST_S61_R1_16S	(1.0, 1.504228407177979)	(2.0, 0.42683291969685877)	(3.0, 0.24402334107376925)	(4.0, 0.1630149108740926)	(5.0, 0.12891485298716507)	(6.0, 0.10479529984763096)	(7.0, 0.0745211021138709)	(8.0, 0.05988302848436055)	(9.0, 0.08982454272654082)	('>10', 1.482936663716873)	('>50', 0.9444884325949978)	('>100', 1.5686026627986664)	('>500', 0.42350608478106094)	('>1k', 1.0660842487674076)	('>5k', 4.041938080948547)	('>10k+', 87.67640542141018)
042024_BEL_CBC_T2_1040_SSID_S34_R1_16S	(1.0, 1.5214682531865014)	(2.0, 0.38242942416422054)	(3.0, 0.24305076732136877)	(4.0, 0.16203384488091252)	(5.0, 0.11881661117787279)	(6.0, 0.10342585843462501)	(7.0, 0.10170209412738125)	(8.0, 0.07289060499202143)	(9.0, 0.06537991765331652)	('>10', 1.855632276747897)	('>50', 2.4910856760111106)	('>100', 6.768483678414531)	('>500', 2.068147790626662)	('>1k', 7.270099091822462)	('>5k', 5.519493311794488)	('>10k+', 71.25586079864463)
042024_BEL_CBC_T3_947_MCAV_S70_R1_16S	(1.0, 1.757350972058605)	(2.0, 0.7148734471414081)	(3.0, 0.4104417035412044)	(4.0, 0.23144582877171366)	(5.0, 0.1824647870712251)	(6.0, 0.11905307019552176)	(7.0, 0.0767323401143631)	(8.0, 0.06771316812985387)	(9.0, 0.06618684671709078)	('>10', 0.994051509184986)	('>50', 0.5884662828662096)	('>100', 1.6681305476579984)	('>500', 0.6696388307267926)	('>1k', 2.025012245260425)	('>5k', 0.7374907553487159)	('>10k+', 89.69094766521388)
042024_BEL_CBC_T3_949_PSTR_S26_R1_16S	(1.0, 2.2129217944428548)	(2.0, 0.6129145386311508)	(3.0, 0.3080696719163808)	(4.0, 0.1850231984424191)	(5.0, 0.11437980949463272)	(6.0, 0.10641857165315607)	(7.0, 0.1262712786755725)	(8.0, 0.07255811703624278)	(9.0, 0.10974415201731721)	('>10', 2.659557314865949)	('>50', 1.4728290006731781)	('>100', 5.2313394631505545)	('>500', 1.2130306316184087)	('>1k', 4.1867041281537585)	('>5k', 4.0805878819882535)	('>10k+', 77.30765044724018)
042024_BEL_CBC_T3_962_SSID_S51_R1_16S	(1.0, 2.838141065157125)	(2.0, 0.9623682996163914)	(3.0, 0.5093647735158499)	(4.0, 0.2930784865596038)	(5.0, 0.23249014558814723)	(6.0, 0.2282630520319991)	(7.0, 0.15041407903960435)	(8.0, 0.18317405409975235)	(9.0, 0.1743676091911104)	('>10', 2.175544150230905)	('>50', 0.9211541374439469)	('>100', 3.26965686568058)	('>500', 1.4868801583751052)	('>1k', 6.85387994349785)	('>5k', 5.2077792611744975)	('>10k+', 74.51344391879753)
052022_BEL_CBC_T1_11_PSTR_S85_R1_16S	(1.0, 2.105891628912816)	(2.0, 0.729640174322649)	(3.0, 0.3878907111583228)	(4.0, 0.2525092472638493)	(5.0, 0.15591685448520817)	(6.0, 0.13538146389447345)	(7.0, 0.09849381783333883)	(8.0, 0.07402881546289558)	(9.0, 0.05932446170656702)	('>10', 0.7471332848258675)	('>50', 0.9286559967143375)	('>100', 2.44396500363806)	('>500', 1.4022375970043683)	('>1k', 5.820135330759226)	('>5k', 2.5397968263948223)	('>10k+', 82.1189987856232)
052022_BEL_CBC_T1_12_MCAV_S24_R1_16S	(1.0, 3.032353092297943)	(2.0, 0.8455078470664132)	(3.0, 0.37593984962406013)	(4.0, 0.22151049605791243)	(5.0, 0.14843486849241555)	(6.0, 0.12674054155890868)	(7.0, 0.1039044079446909)	(8.0, 0.10047898790255821)	(9.0, 0.13616044667477348)	('>10', 2.662407727747615)	('>50', 0.7259035972619476)	('>100', 6.638749493323286)	('>500', 0.3002951570269638)	('>1k', 2.0110070164020533)	('>5k', 0.0)	('>10k+', 82.57060647061846)
052022_BEL_CBC_T1_13_MCAV_S75_R1_16S	(1.0, 2.672408039270018)	(2.0, 0.9942903141641873)	(3.0, 0.45568268466475065)	(4.0, 0.2669778711750869)	(5.0, 0.17596268781994365)	(6.0, 0.1468378291462978)	(7.0, 0.11043175580424049)	(8.0, 0.07443019438820604)	(9.0, 0.061890324681497424)	('>10', 1.8419450551450882)	('>50', 1.2495373394846112)	('>100', 2.2145005390121413)	('>500', 3.1606539339796083)	('>1k', 3.307491763125906)	('>5k', 1.9606693054327975)	('>10k+', 81.30629036270561)
052022_BEL_CBC_T1_39_MCAV_S77_R1_16S	(1.0, 1.117629146664756)	(2.0, 0.35054094719495593)	(3.0, 0.22139428243891954)	(4.0, 0.1558357813283657)	(5.0, 0.11239879630293043)	(6.0, 0.1047861288242459)	(7.0, 0.08463495020419862)	(8.0, 0.07666403955004657)	(9.0, 0.05884144157053808)	('>10', 0.8751880776671205)	('>50', 0.5297520957225765)	('>100', 1.5740309522103604)	('>500', 0.9749588020348212)	('>1k', 3.154152038403668)	('>5k', 2.0793329512072796)	('>10k+', 88.52985956867522)
052022_BEL_CBC_T1_40_MCAV_S46_R1_16S	(1.0, 2.307373211809465)	(2.0, 0.8187453332227134)	(3.0, 0.4401882118687258)	(4.0, 0.28255484574449174)	(5.0, 0.18133763170682565)	(6.0, 0.13511431382077205)	(7.0, 0.09789861685610327)	(8.0, 0.09292072108375903)	(9.0, 0.08106858829246323)	('>10', 1.439797091486613)	('>50', 0.6869496165835042)	('>100', 2.1284060066608985)	('>500', 0.4928116814620791)	('>1k', 5.099261612127102)	('>5k', 0.0)	('>10k+', 85.71557251727448)
052022_BEL_CBC_T1_41_OANN_S4_R1_16S	(1.0, 2.120500273906463)	(2.0, 0.6878301965627059)	(3.0, 0.32868775591684385)	(4.0, 0.18569929712816038)	(5.0, 0.10584859936305141)	(6.0, 0.08690727105597905)	(7.0, 0.08709297035310722)	(8.0, 0.049024614441834334)	(9.0, 0.038439754505529194)	('>10', 1.2688832972767197)	('>50', 0.4831895711274733)	('>100', 3.473691052079368)	('>500', 0.457377368826659)	('>1k', 2.8675685462530525)	('>5k', 1.0057473932461167)	('>10k+', 86.75351203795694)
052022_BEL_CBC_T1_52_PAST_S30_R1_16S	(1.0, 2.4437278159930775)	(2.0, 0.6747894326270631)	(3.0, 0.3487561739885513)	(4.0, 0.2004485746949905)	(5.0, 0.14506146852926946)	(6.0, 0.11381745992296524)	(7.0, 0.10722375680799848)	(8.0, 0.10468771714839586)	(9.0, 0.08034173641621077)	('>10', 2.414208314355303)	('>50', 1.4012126327236356)	('>100', 4.15058394849202)	('>500', 3.6349563649016168)	('>1k', 4.782362148492223)	('>5k', 2.8589282290632174)	('>10k+', 76.53889422584345)
052022_BEL_CBC_T1_60_MCAV_S92_R1_16S	(1.0, 1.2889779491341993)	(2.0, 0.391893262987013)	(3.0, 0.23779931006493504)	(4.0, 0.1572646103896104)	(5.0, 0.11942809794372294)	(6.0, 0.07990056818181819)	(7.0, 0.06954308712121213)	(8.0, 0.027056277056277056)	(9.0, 0.028535917207792208)	('>10', 0.8869385822510822)	('>50', 0.726080560064935)	('>100', 1.821859780844156)	('>500', 0.556344696969697)	('>1k', 1.8586394074675323)	('>5k', 0.0)	('>10k+', 91.74973789231602)
052022_BEL_CBC_T1_70_MCAV_S36_R1_16S	(1.0, 2.2487299204914915)	(2.0, 0.6209277597153973)	(3.0, 0.33671875341860336)	(4.0, 0.20566317622708716)	(5.0, 0.16846877201580543)	(6.0, 0.09845577585339278)	(7.0, 0.08117131742579715)	(8.0, 0.07351364597053328)	(9.0, 0.05907346551203567)	('>10', 1.3904143456629137)	('>50', 0.7438880842256343)	('>100', 2.15990093161043)	('>500', 1.1379299782522132)	('>1k', 2.770983113740488)	('>5k', 1.906760192360707)	('>10k+', 85.99740076751748)
052022_BEL_CBC_T2_45_PSTR_S31_R1_16S	(1.0, 1.520768276481237)	(2.0, 0.4761236553171912)	(3.0, 0.28253261481945346)	(4.0, 0.19366085335042352)	(5.0, 0.15079576180133913)	(6.0, 0.11204962856071728)	(7.0, 0.09529454391612405)	(8.0, 0.07065060691803483)	(9.0, 0.07539788090066957)	('>10', 0.8890317725273859)	('>50', 0.5136480636358115)	('>100', 1.5487632304082446)	('>500', 1.7486723340740478)	('>1k', 4.493015573153049)	('>5k', 2.349865714977859)	('>10k+', 85.47972948915842)
052022_BEL_CBC_T2_46_PSTR_S68_R1_16S	(1.0, 1.3335610005976266)	(2.0, 0.40700697748422504)	(3.0, 0.23842971678709746)	(4.0, 0.17633864470712418)	(5.0, 0.1404810505809396)	(6.0, 0.12573442096194593)	(7.0, 0.09779343852595794)	(8.0, 0.07450928649596797)	(9.0, 0.11735212623114953)	('>10', 1.646034320840092)	('>50', 1.176625815915494)	('>100', 1.960215145564757)	('>500', 0.9413006527323952)	('>1k', 2.6385601080384657)	('>5k', 1.3925475190736012)	('>10k+', 87.53350977546316)
052022_BEL_CBC_T3_50_MCAV_S47_R1_16S	(1.0, 3.66460616213148)	(2.0, 1.4148951634674622)	(3.0, 0.7932827090673735)	(4.0, 0.5163952015394945)	(5.0, 0.3789897759287845)	(6.0, 0.2803486013719776)	(7.0, 0.20351231803299114)	(8.0, 0.20212788049535174)	(9.0, 0.19001405204100702)	('>10', 2.5158691152751915)	('>50', 1.177118016377896)	('>100', 4.584911015277268)	('>500', 4.148120972152039)	('>1k', 16.067435952458414)	('>5k', 3.725175304403203)	('>10k+', 60.13719775998007)
052022_BEL_CBC_T3_54_PAST_S93_R1_16S	(1.0, 1.9493064079900706)	(2.0, 0.6028112957878432)	(3.0, 0.285164277190619)	(4.0, 0.17711642156443722)	(5.0, 0.13420501054834286)	(6.0, 0.10257707812612193)	(7.0, 0.06582029179759491)	(8.0, 0.061546246875673165)	(9.0, 0.04308237281297121)	('>10', 1.9823020347873064)	('>50', 1.1462988480594125)	('>100', 2.883099742531534)	('>500', 2.4170578842451866)	('>1k', 5.681573395609017)	('>5k', 0.9060975234474103)	('>10k+', 81.56194116862646)
052022_BEL_CBC_T3_60_MCAV_S80_R1_16S	(1.0, 2.0067916032997397)	(2.0, 0.7062762948661491)	(3.0, 0.37331747014353595)	(4.0, 0.22701738049269077)	(5.0, 0.1702630353695181)	(6.0, 0.13305740912210487)	(7.0, 0.09564158159645769)	(8.0, 0.07987648572890972)	(9.0, 0.06810521414780724)	('>10', 0.7390676942706489)	('>50', 0.8319766592500648)	('>100', 2.422359530368304)	('>500', 0.9699737984106681)	('>1k', 5.353406154062823)	('>5k', 0.9177387807695259)	('>10k+', 84.90513090810106)
062019_BEL_CBC_T1_18_PAST_S42_R1_16S	(1.0, 3.0352723605579177)	(2.0, 1.1628776883691283)	(3.0, 0.6562508416349713)	(4.0, 0.3698705153948128)	(5.0, 0.25884951117840865)	(6.0, 0.20109464914669437)	(7.0, 0.13196836350251817)	(8.0, 0.12209317983906444)	(9.0, 0.10234281251215695)	('>10', 2.0836637529887394)	('>50', 1.0195379012541483)	('>100', 1.9475059176289982)	('>500', 1.3065167234739101)	('>1k', 0.766074853892169)	('>5k', 2.074087817315087)	('>10k+', 84.76199311131127)
062019_BEL_CBC_T1_1_PAST_S7_R1_16S	(1.0, 2.3873595020614085)	(2.0, 0.694856796331156)	(3.0, 0.32847775826563747)	(4.0, 0.2055091615815783)	(5.0, 0.1094925860885458)	(6.0, 0.09348982350637373)	(7.0, 0.08843631953305624)	(8.0, 0.08254056489751915)	(9.0, 0.09475319949970311)	('>10', 1.6619711192247926)	('>50', 0.6369520633035598)	('>100', 4.321588147848681)	('>500', 0.1846634576916436)	('>1k', 2.3839904994125303)	('>5k', 1.8150501770832015)	('>10k+', 84.91086882367061)
062019_BEL_CBC_T1_24_MCAV_S69_R1_16S	(1.0, 1.7169436235432247)	(2.0, 0.5596952696076797)	(3.0, 0.30369639033241497)	(4.0, 0.1987952209095215)	(5.0, 0.15343255305097298)	(6.0, 0.10606859102219436)	(7.0, 0.08989146314616785)	(8.0, 0.04269427563157508)	(9.0, 0.04352814820250429)	('>10', 0.809690266372254)	('>50', 0.6761038805093961)	('>100', 2.288313109143913)	('>500', 0.8835713761565812)	('>1k', 2.2524565885939576)	('>5k', 0.9561182898274216)	('>10k+', 88.91900095395022)
062019_BEL_CBC_T1_3_MCAV_S23_R1_16S	(1.0, 2.103317972938202)	(2.0, 0.6911114560761455)	(3.0, 0.34704427578962144)	(4.0, 0.2228568633747079)	(5.0, 0.15204452033675203)	(6.0, 0.11865852076630438)	(7.0, 0.10866398586304934)	(8.0, 0.059541910061944855)	(9.0, 0.06507080171055402)	('>10', 1.354791103588038)	('>50', 0.623914157577665)	('>100', 3.0472698970988206)	('>500', 0.7304516466527877)	('>1k', 2.8794893005314117)	('>5k', 3.045143400310894)	('>10k+', 84.4506301873231)
062019_BEL_CBC_T1_6_MCAV_S9_R1_16S	(1.0, 1.483544910151381)	(2.0, 0.49152601365441806)	(3.0, 0.2704218970945574)	(4.0, 0.18287693738942581)	(5.0, 0.12181963732553688)	(6.0, 0.0941521264753302)	(7.0, 0.06731051147139834)	(8.0, 0.05285733416158889)	(9.0, 0.05096957222724642)	('>10', 0.6254981184322845)	('>50', 0.4932957904678641)	('>100', 1.3583037043198483)	('>500', 0.3085310911440958)	('>1k', 1.9769586857401413)	('>5k', 0.6688576503617129)	('>10k+', 91.75307601958316)
062019_BEL_CBC_T1_8_PAST_S29_R1_16S	(1.0, 3.279081869540966)	(2.0, 0.8968162710765846)	(3.0, 0.380476951697189)	(4.0, 0.20067744217280073)	(5.0, 0.12931853804613713)	(6.0, 0.13835525516261415)	(7.0, 0.10906382726782649)	(8.0, 0.10220838669670596)	(9.0, 0.08974394929466865)	('>10', 2.19810353584928)	('>50', 0.8572416823251161)	('>100', 7.062661842929392)	('>500', 1.311570425629376)	('>1k', 1.6960983194822272)	('>5k', 0.0)	('>10k+', 81.54858170282911)
062019_BEL_CBC_T1_9_MCAV_S76_R1_16S	(1.0, 1.6941931635826575)	(2.0, 0.5714529161992132)	(3.0, 0.30759617705951686)	(4.0, 0.17836601956913814)	(5.0, 0.1384608830254058)	(6.0, 0.11076870642032464)	(7.0, 0.07853217262876862)	(8.0, 0.063621000610648)	(9.0, 0.05240211880653819)	('>10', 0.6930144709374156)	('>50', 0.7556413934135223)	('>100', 2.2336935683144694)	('>500', 1.405626482241504)	('>1k', 2.259965633298777)	('>5k', 0.7607537952483064)	('>10k+', 88.6959114986438)
062019_BEL_CBC_T2_22_PAST_S60_R1_16S	(1.0, 1.5186842538431646)	(2.0, 0.4067586073481273)	(3.0, 0.22297906134978696)	(4.0, 0.12998627168488341)	(5.0, 0.10266539734902672)	(6.0, 0.08756255377206246)	(7.0, 0.060581069179508326)	(8.0, 0.06041137430785704)	(9.0, 0.05879927302716984)	('>10', 1.184979288740915)	('>50', 0.9155886799945019)	('>100', 2.7176633694953103)	('>500', 1.0272479055410466)	('>1k', 4.6108642050728585)	('>5k', 2.8603767565540403)	('>10k+', 84.03485193273974)
062019_BEL_CBC_T2_5_MCAV_S20_R1_16S	(1.0, 2.75371392794126)	(2.0, 0.8074828770372057)	(3.0, 0.33468040298252605)	(4.0, 0.22312026865501738)	(5.0, 0.1555770580757774)	(6.0, 0.13432750868006146)	(7.0, 0.09827916595518621)	(8.0, 0.08499819758286375)	(9.0, 0.07854744151630713)	('>10', 1.9409186635551257)	('>50', 1.3273379247538277)	('>100', 4.230557610943518)	('>500', 0.6405221317851518)	('>1k', 3.123304304931034)	('>5k', 5.307833874058474)	('>10k+', 78.75879864154666)
062019_BEL_CBC_T3_11_MCAV_S13_R1_16S	(1.0, 2.5020291876167806)	(2.0, 0.7495737344133877)	(3.0, 0.3497284429457812)	(4.0, 0.17758796324038112)	(5.0, 0.09396909097842251)	(6.0, 0.15852177086794755)	(7.0, 0.09342434262492443)	(8.0, 0.09151772338768106)	(9.0, 0.08824923326669246)	('>10', 1.6124551263543805)	('>50', 0.7035424985427982)	('>100', 4.061098975328347)	('>500', 0.21517559963175012)	('>1k', 1.4879801275800644)	('>5k', 2.1035457670329194)	('>10k+', 85.51160041618773)
062019_BEL_CBC_T3_14_MCAV_S33_R1_16S	(1.0, 1.5132978900814484)	(2.0, 0.4589389704558038)	(3.0, 0.22413298557143907)	(4.0, 0.1515565902435445)	(5.0, 0.11540180507100879)	(6.0, 0.07924701989847309)	(7.0, 0.08591764446905165)	(8.0, 0.09072049415986819)	(9.0, 0.06723989567143172)	('>10', 1.2144539093195297)	('>50', 0.7180260287770743)	('>100', 1.6922040410643646)	('>500', 0.6098284982422905)	('>1k', 3.0766254644422357)	('>5k', 0.715357778948843)	('>10k+', 89.18705098358359)
062024_BEL_CBC_T1_1356_PAST_S37_R1_16S	(1.0, 1.5263583414457076)	(2.0, 0.4777005956407676)	(3.0, 0.3354068011945815)	(4.0, 0.22122857095715018)	(5.0, 0.18842707938026962)	(6.0, 0.16275347732110154)	(7.0, 0.1339779233421882)	(8.0, 0.12196610952530235)	(9.0, 0.14433976273367763)	('>10', 2.5073671358093947)	('>50', 1.6295147425214909)	('>100', 5.195307472734172)	('>500', 2.957216163149471)	('>1k', 6.12312109162308)	('>5k', 2.705298067879948)	('>10k+', 75.5700166647417)
062024_BEL_CBC_T2_1372_OFAV_S67_R1_16S	(1.0, 1.3598789578566683)	(2.0, 0.48843878831331783)	(3.0, 0.38352856826544923)	(4.0, 0.2736100713811246)	(5.0, 0.23064432799468595)	(6.0, 0.189787332749913)	(7.0, 0.17528968927596134)	(8.0, 0.12757926257077487)	(9.0, 0.12810644960619127)	('>10', 1.776488512594498)	('>50', 0.9422150290480057)	('>100', 1.9001138723996498)	('>500', 0.7132840589184231)	('>1k', 3.9896196872726506)	('>5k', 2.489245384477505)	('>10k+', 84.83217000727518)
062024_BEL_CBC_T2_1384_MCAV_S91_R1_16S	(1.0, 2.5173913841522735)	(2.0, 0.8158807657715533)	(3.0, 0.4735595895816891)	(4.0, 0.3542519410436666)	(5.0, 0.27991409849305265)	(6.0, 0.22026027422404143)	(7.0, 0.25054606192984713)	(8.0, 0.17987922394963382)	(9.0, 0.18584460637653494)	('>10', 2.815201629926029)	('>50', 1.0567904407040987)	('>100', 2.399460362328151)	('>500', 2.063104568565188)	('>1k', 12.607147445898569)	('>5k', 7.855490905086176)	('>10k+', 65.9252767019695)
062024_BEL_CBC_T2_1393_PAST_S55_R1_16S	(1.0, 1.6859470961428453)	(2.0, 0.5060530859204073)	(3.0, 0.3059903982323314)	(4.0, 0.22757906562242358)	(5.0, 0.1665464980236827)	(6.0, 0.15392620438462104)	(7.0, 0.12599604633095995)	(8.0, 0.10427259006700133)	(9.0, 0.10427259006700133)	('>10', 1.9230431045094791)	('>50', 1.0724146242307568)	('>100', 3.503683160287039)	('>500', 1.6901883423658084)	('>1k', 7.2134288199922)	('>5k', 1.3648537235555713)	('>10k+', 79.85180465026787)
062024_BEL_CBC_T2_1399_PAST_S44_R1_16S	(1.0, 1.5376131962845412)	(2.0, 0.5157528462859972)	(3.0, 0.29754971901115224)	(4.0, 0.2176571644876685)	(5.0, 0.19290685146900388)	(6.0, 0.1506857292606936)	(7.0, 0.11720001164720613)	(8.0, 0.12666336662493083)	(9.0, 0.12939318056081298)	('>10', 2.287584078269225)	('>50', 0.9286827009871008)	('>100', 1.8426244067204378)	('>500', 0.66043298488775)	('>1k', 4.1560507235826805)	('>5k', 3.6126357627464114)	('>10k+', 83.2265672771744)
062024_BEL_CBC_T2_1402_MCAV_S95_R1_16S	(1.0, 1.8613586973638625)	(2.0, 0.5264176156431518)	(3.0, 0.26185901906351655)	(4.0, 0.18177155275199433)	(5.0, 0.10573345271465016)	(6.0, 0.08098732548356183)	(7.0, 0.06928915624704733)	(8.0, 0.04679267694605794)	(9.0, 0.056691127838493276)	('>10', 1.3709354486022938)	('>50', 0.723486774319819)	('>100', 1.9913883477235814)	('>500', 2.151113350760606)	('>1k', 2.967285619800501)	('>5k', 6.275617865804002)	('>10k+', 81.32927196893685)
062024_BEL_CBC_T3_1418_SSID_S21_R1_16S	(1.0, 4.104204246726302)	(2.0, 1.1660335773343757)	(3.0, 0.6852140293416897)	(4.0, 0.5097549113161897)	(5.0, 0.4309522197117545)	(6.0, 0.3379896694596475)	(7.0, 0.30166655379822815)	(8.0, 0.23394549070066675)	(9.0, 0.23825501289778428)	('>10', 4.3480000738775235)	('>50', 2.7285431968035656)	('>100', 8.58641515474263)	('>500', 4.994428403445155)	('>1k', 14.408271820034352)	('>5k', 8.446971329364468)	('>10k+', 48.479354310445665)
062024_BEL_CBC_T4_1458_MCAV_S58_R1_16S	(1.0, 0.7268528162382681)	(2.0, 0.1772494726469038)	(3.0, 0.10856615711718885)	(4.0, 0.0718301606635465)	(5.0, 0.05524081403410838)	(6.0, 0.04473992864186611)	(7.0, 0.04668960443130522)	(8.0, 0.04378219316635215)	(9.0, 0.03417063357280141)	('>10', 0.8002221946303192)	('>50', 0.47890194259538793)	('>100', 1.3797205669930834)	('>500', 0.6650104683907958)	('>1k', 1.957679721627343)	('>5k', 0.823173641204243)	('>10k+', 92.58616968404648)
082024_BEL_CBC_T2_1517_MCAV_S28_R1_16S	(1.0, 1.3597142303930574)	(2.0, 0.46569126357231866)	(3.0, 0.26437163950134296)	(4.0, 0.17624775966756195)	(5.0, 0.1315652290476167)	(6.0, 0.10649336464420293)	(7.0, 0.07993208255345768)	(8.0, 0.07149204899191247)	(9.0, 0.08377974491239741)	('>10', 0.9307619364415826)	('>50', 0.45613416674527485)	('>100', 1.211765406784794)	('>500', 0.8449963012794098)	('>1k', 2.325973955049374)	('>5k', 0.0)	('>10k+', 91.4910808704157)
082024_BEL_CBC_T3_1559_PSTR_S74_R1_16S	(1.0, 1.4811872987223311)	(2.0, 0.4620500806655993)	(3.0, 0.2651765680341701)	(4.0, 0.1780206330858764)	(5.0, 0.13289734761619246)	(6.0, 0.08808312574561594)	(7.0, 0.08437436255632684)	(8.0, 0.07788402697507094)	(9.0, 0.07927481317105434)	('>10', 2.298505986561915)	('>50', 1.3623523448655264)	('>100', 3.8733395558137955)	('>500', 1.1294729229380822)	('>1k', 3.7770662446918326)	('>5k', 0.8857762750418781)	('>10k+', 83.82453841351474)
082024_BEL_CBC_T3_1564_PAST_S48_R1_16S	(1.0, 2.5540329725208375)	(2.0, 0.9477705745839782)	(3.0, 0.5723730288923143)	(4.0, 0.43353159724852774)	(5.0, 0.34555746071699694)	(6.0, 0.294999389283235)	(7.0, 0.23269081806670264)	(8.0, 0.230062416799504)	(9.0, 0.18924489123830168)	('>10', 4.005374307532225)	('>50', 2.5006918879806306)	('>100', 6.311719113579403)	('>500', 2.6052094913115877)	('>1k', 13.251780741858527)	('>5k', 4.85558481155136)	('>10k+', 60.669376496835866)
082024_BEL_CBC_T4_1608_MCAV_S11_R1_16S	(1.0, 1.7457691851469492)	(2.0, 0.5745800468997053)	(3.0, 0.2893756134567481)	(4.0, 0.16997558556198178)	(5.0, 0.12513540041372892)	(6.0, 0.10401880159391216)	(7.0, 0.09671923656977797)	(8.0, 0.0740384452447896)	(9.0, 0.05748407456505672)	('>10', 0.9200058917917695)	('>50', 0.4878977122381118)	('>100', 1.4527437891781343)	('>500', 0.5057555766721544)	('>1k', 1.2250234303002336)	('>5k', 0.982182543872341)	('>10k+', 91.1892946664946)
092023_BEL_CBC_T1_188_SSID_S3_R1_16S	(1.0, 5.397123473264426)	(2.0, 1.4818934965593433)	(3.0, 0.7577864471042097)	(4.0, 0.4562027499738474)	(5.0, 0.3380697112501945)	(6.0, 0.3015836971303622)	(7.0, 0.25004401284920047)	(8.0, 0.22248814204541106)	(9.0, 0.23881754696617516)	('>10', 3.4159073918623433)	('>50', 1.491844227682934)	('>100', 7.040524990368202)	('>500', 2.8308554311855914)	('>1k', 5.329764677966275)	('>5k', 10.242364089597404)	('>10k+', 60.204729914194075)
092023_BEL_CBC_T1_194_SSID_S39_R1_16S	(1.0, 1.9848081575134389)	(2.0, 0.5448656966691269)	(3.0, 0.31926704482492585)	(4.0, 0.22748038295318881)	(5.0, 0.17980986152549852)	(6.0, 0.1681013124029079)	(7.0, 0.12733047170817277)	(8.0, 0.10203164235400379)	(9.0, 0.07903270657748655)	('>10', 2.6823031552449073)	('>50', 1.564554876506169)	('>100', 5.213858740536461)	('>500', 2.1391101084504363)	('>1k', 10.126013259931883)	('>5k', 2.900165801418825)	('>10k+', 71.64126678138257)
092023_BEL_CBC_T2_173_SSID_S14_R1_16S	(1.0, 3.6144814573878437)	(2.0, 1.2464905153326007)	(3.0, 0.6604182990264243)	(4.0, 0.3962850831235245)	(5.0, 0.30480188729918245)	(6.0, 0.22508447062093473)	(7.0, 0.19873935644598445)	(8.0, 0.13368653406576728)	(9.0, 0.12047134734370483)	('>10', 2.637921788262015)	('>50', 1.346584897343577)	('>100', 5.748179927751295)	('>500', 1.3729300115185272)	('>1k', 6.663864478686461)	('>5k', 2.6746685332762663)	('>10k+', 72.6553914125159)
092023_BEL_CBC_T2_192_OFAV_S64_R1_16S	(1.0, 2.102683318015534)	(2.0, 0.7491905594300577)	(3.0, 0.4775549188156638)	(4.0, 0.30803794008638036)	(5.0, 0.24027920443555414)	(6.0, 0.24436395091095853)	(7.0, 0.20519844058796322)	(8.0, 0.1691565599226301)	(9.0, 0.13948207817483918)	('>10', 2.3271040949583415)	('>50', 1.6457924107813278)	('>100', 1.907576604013864)	('>500', 0.7030569521784313)	('>1k', 3.3366371723943224)	('>5k', 0.759282286016351)	('>10k+', 84.68460350927778)
092023_BEL_CBC_T2_196_SSID_S63_R1_16S	(1.0, 2.770814627314822)	(2.0, 0.9718957713417157)	(3.0, 0.5486162398374607)	(4.0, 0.3269786498570426)	(5.0, 0.2451573757128717)	(6.0, 0.1700779294008047)	(7.0, 0.1485500473460182)	(8.0, 0.1317720894456685)	(9.0, 0.11307883954756205)	('>10', 2.3394908694199885)	('>50', 1.5827973069462278)	('>100', 2.8164751885413444)	('>500', 3.4046230552125056)	('>1k', 4.64067589888484)	('>5k', 3.1396232544028733)	('>10k+', 76.64937285678826)
092023_BEL_CBC_T3_172_PSTR_S57_R1_16S	(1.0, 2.975364572014466)	(2.0, 1.139827368116039)	(3.0, 0.7610458215617112)	(4.0, 0.5382905097042746)	(5.0, 0.46738215840006236)	(6.0, 0.46389942994700684)	(7.0, 0.37153747137197213)	(8.0, 0.39340900605716134)	(9.0, 0.3184606897474047)	('>10', 6.143950918604457)	('>50', 3.0496163426336116)	('>100', 5.93373342917802)	('>500', 3.019664877937333)	('>1k', 20.23311991173373)	('>5k', 17.08835542776264)	('>10k+', 37.10234206523011)
092023_BEL_CBC_T3_183_SSID_S79_R1_16S	(1.0, 3.2013522681843742)	(2.0, 1.062638614953578)	(3.0, 0.6708258755654495)	(4.0, 0.4591607377757577)	(5.0, 0.362451666199433)	(6.0, 0.34237997209868637)	(7.0, 0.310033027060293)	(8.0, 0.25346734368546164)	(9.0, 0.2373768120509788)	('>10', 4.453925509132621)	('>50', 2.171226480038617)	('>100', 6.712239918120759)	('>500', 3.2852884435147693)	('>1k', 15.682296599921372)	('>5k', 6.784730251360645)	('>10k+', 54.01060648033721)
092023_BEL_CBC_T3_196_SSID_S25_R1_16S	(1.0, 4.558179720270566)	(2.0, 1.3330066893447359)	(3.0, 0.6721136421864451)	(4.0, 0.41890221438442876)	(5.0, 0.3132416112026421)	(6.0, 0.29510164924045923)	(7.0, 0.2277780790715332)	(8.0, 0.18850599647299296)	(9.0, 0.15484421138852994)	('>10', 4.676931017651866)	('>50', 3.033113846027255)	('>100', 7.692652941385482)	('>500', 6.748439869766294)	('>1k', 6.830163203554685)	('>5k', 2.203724863529513)	('>10k+', 60.65330044452257)
092023_BEL_CBC_T4_84_OANN_S12_R1_16S	(1.0, 3.0425211952139137)	(2.0, 0.657106117734237)	(3.0, 0.25826558856221254)	(4.0, 0.1307673866137785)	(5.0, 0.11169714273260248)	(6.0, 0.09480635529498943)	(7.0, 0.07628097552470414)	(8.0, 0.09153717062964498)	(9.0, 0.10297931695835058)	('>10', 2.1287840812501364)	('>50', 0.8728723056469717)	('>100', 2.2323082623193775)	('>500', 1.0156267027003465)	('>1k', 4.0853911034587975)	('>5k', 0.0)	('>10k+', 85.09905629535994)
092023_BEL_CBC_T4_88_OFAV_S71_R1_16S	(1.0, 1.5219942988094572)	(2.0, 0.4971773517410989)	(3.0, 0.2959588619976525)	(4.0, 0.18948074450841204)	(5.0, 0.1334469845173551)	(6.0, 0.10480129674137835)	(7.0, 0.08509865295399921)	(8.0, 0.093901961880275)	(9.0, 0.0565927002403443)	('>10', 1.3871499636688838)	('>50', 1.027751383377117)	('>100', 2.5435973394444136)	('>500', 1.2225420602537589)	('>1k', 1.998490861326924)	('>5k', 2.9288469062657203)	('>10k+', 85.91316863227321)
092023_BEL_CBC_T4_91_MCAV_S78_R1_16S	(1.0, 1.5363119540067809)	(2.0, 0.46733036612733836)	(3.0, 0.30599884083024387)	(4.0, 0.2263402556949021)	(5.0, 0.1767138727715053)	(6.0, 0.14448419234893026)	(7.0, 0.11985412407145099)	(8.0, 0.11793133063714965)	(9.0, 0.10547895411024565)	('>10', 1.809165498493354)	('>50', 1.0344628676541279)	('>100', 3.2126215823491227)	('>500', 1.5440031277439865)	('>1k', 5.415501926913706)	('>5k', 2.9144054768481937)	('>10k+', 80.86939562939897)
102019_BEL_CBC_T1_25_PSTR_S65_R1_16S	(1.0, 1.2419218704064117)	(2.0, 0.39830855847074803)	(3.0, 0.23961737088954524)	(4.0, 0.17281112060635628)	(5.0, 0.14067246707895464)	(6.0, 0.10748008720639234)	(7.0, 0.07302323571963713)	(8.0, 0.07333935362318536)	(9.0, 0.05310780779609974)	('>10', 0.9611037994210827)	('>50', 0.6473040938322236)	('>100', 2.669194204926592)	('>500', 0.8199044691695477)	('>1k', 2.7442195207020346)	('>5k', 2.2330568706645746)	('>10k+', 87.42493516948662)
102019_BEL_CBC_T1_27_PSTR_S88_R1_16S	(1.0, 1.2327567257928076)	(2.0, 0.38932665472154315)	(3.0, 0.2447862200345032)	(4.0, 0.1758464274533574)	(5.0, 0.11573226049250321)	(6.0, 0.09291885087023999)	(7.0, 0.0792641093445058)	(8.0, 0.06794066515243354)	(9.0, 0.05245419000739354)	('>10', 0.9982948225216645)	('>50', 0.7819837342054606)	('>100', 1.576123518793587)	('>500', 1.0107839153805678)	('>1k', 2.536618020262304)	('>5k', 0.9450080263236774)	('>10k+', 89.70016185864345)
102019_BEL_CBC_T1_28_PSTR_S19_R1_16S	(1.0, 2.3738302684478714)	(2.0, 0.7537736682243887)	(3.0, 0.38303068469374824)	(4.0, 0.2081229384501369)	(5.0, 0.16415600772589212)	(6.0, 0.0910057867392665)	(7.0, 0.10214151591833287)	(8.0, 0.07679813226942321)	(9.0, 0.06393444511429482)	('>10', 1.9598883355156804)	('>50', 0.5216513134400571)	('>100', 5.267007906367717)	('>500', 0.8998821148669665)	('>1k', 4.721741167254812)	('>5k', 0.0)	('>10k+', 82.41303571497141)
102019_BEL_CBC_T1_31_PSTR_S22_R1_16S	(1.0, 2.1029175658323194)	(2.0, 0.7198905766323519)	(3.0, 0.3229462610055365)	(4.0, 0.1942030392775647)	(5.0, 0.10379817616559492)	(6.0, 0.09140936159099165)	(7.0, 0.06914297863933984)	(8.0, 0.05491258351986312)	(9.0, 0.07533738592664148)	('>10', 1.327444740027423)	('>50', 0.45369847969155197)	('>100', 3.350504676777502)	('>500', 0.5203302121333371)	('>1k', 2.867006075541634)	('>5k', 2.6671108782162785)	('>10k+', 85.07934700902207)
102019_BEL_CBC_T2_33_PSTR_S72_R1_16S	(1.0, 0.817428548193261)	(2.0, 0.2641390091172776)	(3.0, 0.15147873388211694)	(4.0, 0.10496164237501016)	(5.0, 0.09921477559208089)	(6.0, 0.0852271187053285)	(7.0, 0.07008285969874128)	(8.0, 0.06419141765083267)	(9.0, 0.06083004274006271)	('>10', 0.818115280701913)	('>50', 0.2858614426804254)	('>100', 1.2750454056691576)	('>500', 1.0148460725225672)	('>1k', 2.032439075079742)	('>5k', 0.3571370483152464)	('>10k+', 92.49900152707625)
102019_BEL_CBC_T3_36_PSTR_S83_R1_16S	(1.0, 0.8518339615879228)	(2.0, 0.26926017206689923)	(3.0, 0.1712742818053527)	(4.0, 0.12911622585460525)	(5.0, 0.12004133097692392)	(6.0, 0.09097869295093182)	(7.0, 0.08684329781679855)	(8.0, 0.07949148424500607)	(9.0, 0.058929380661399015)	('>10', 0.7537906352828466)	('>50', 0.24490728961033664)	('>100', 1.5013781778644935)	('>500', 0.5076197527148582)	('>1k', 0.807895388287757)	('>5k', 0.774467610953513)	('>10k+', 93.55217231732036)
112023_BEL_CBC_T2_308_PAST_S62_R1_16S	(1.0, 2.0093511676003257)	(2.0, 0.5898329130652363)	(3.0, 0.32795487340941887)	(4.0, 0.23321235442447563)	(5.0, 0.12794288888564984)	(6.0, 0.10688899577788466)	(7.0, 0.0997630627260257)	(8.0, 0.07255495470983687)	(9.0, 0.06704855189703675)	('>10', 1.4519088593162668)	('>50', 0.7033619828232622)	('>100', 1.5842244798473755)	('>500', 0.33265151110268953)	('>1k', 3.858854700605542)	('>5k', 0.0)	('>10k+', 88.43444870380898)
112023_BEL_CBC_T3_347_MCAV_S81_R1_16S	(1.0, 1.6834035941552135)	(2.0, 0.5110570350313983)	(3.0, 0.28961168043321794)	(4.0, 0.17517603287216338)	(5.0, 0.1428065485370897)	(6.0, 0.10282071494670458)	(7.0, 0.06531019486429569)	(8.0, 0.09139619106373742)	(9.0, 0.11310278644137506)	('>10', 2.6840014775717553)	('>50', 1.9037064963650974)	('>100', 3.0937610675075113)	('>500', 1.380082485062435)	('>1k', 4.863991043173275)	('>5k', 1.2932561035518846)	('>10k+', 81.60651654842285)
112023_BEL_CBC_T4_396_MCAV_S1_R1_16S	(1.0, 2.9984854415193234)	(2.0, 0.7113319605874445)	(3.0, 0.3982097578408182)	(4.0, 0.27228017630141416)	(5.0, 0.17017511018838385)	(6.0, 0.17868386569780303)	(7.0, 0.18463999455439647)	(8.0, 0.14975409696577777)	(9.0, 0.1148681993771591)	('>10', 1.7545053860422373)	('>50', 0.9436209859945884)	('>100', 3.122713271956844)	('>500', 1.1086908428773208)	('>1k', 10.291339788642514)	('>5k', 6.5006892091962625)	('>10k+', 71.10001191225771)
122022_BEL_CBC_T1_120_OANN_S35_R1_16S	(1.0, 1.4036624781213678)	(2.0, 0.4045464434605185)	(3.0, 0.21520929986417117)	(4.0, 0.14425687131150272)	(5.0, 0.10731064815631486)	(6.0, 0.09819659310742236)	(7.0, 0.08094848892887313)	(8.0, 0.07056042618497416)	(9.0, 0.07849847413078374)	('>10', 1.9569738201218736)	('>50', 0.9765758985184271)	('>100', 2.7815508005668352)	('>500', 1.9430577360687258)	('>1k', 3.225395481388708)	('>5k', 3.528217310432555)	('>10k+', 82.98503922963695)
122022_BEL_CBC_T1_136_OANN_S66_R1_16S	(1.0, 1.7859866211734732)	(2.0, 0.6509992254993137)	(3.0, 0.3803725378204534)	(4.0, 0.24760099160010646)	(5.0, 0.19885828431651065)	(6.0, 0.1462281218507875)	(7.0, 0.1245480833350777)	(8.0, 0.12200628571599449)	(9.0, 0.1305287836152735)	('>10', 2.564225245133953)	('>50', 1.6928372143094235)	('>100', 3.9367959594388906)	('>500', 1.6373662192106075)	('>1k', 3.9852396317084766)	('>5k', 0.7933398921679738)	('>10k+', 81.60306690310368)
122022_BEL_CBC_T1_139_PAST_S18_R1_16S	(1.0, 2.724482067394801)	(2.0, 0.7450842903366528)	(3.0, 0.34524379832409563)	(4.0, 0.22695096199909542)	(5.0, 0.14719696827771517)	(6.0, 0.14612644487205909)	(7.0, 0.09741762991470605)	(8.0, 0.11775757462217215)	(9.0, 0.0891210735208712)	('>10', 2.289581933847006)	('>50', 0.6259885614574106)	('>100', 4.932704222411942)	('>500', 0.5978873220589377)	('>1k', 1.8771627918179896)	('>5k', 2.620908927897572)	('>10k+', 82.41638543124698)
122022_BEL_CBC_T2_101_OFAV_S50_R1_16S	(1.0, 1.2260728714307398)	(2.0, 0.3235880162633658)	(3.0, 0.19514931690818893)	(4.0, 0.13452846527287918)	(5.0, 0.11533647571405965)	(6.0, 0.0891320284318253)	(7.0, 0.08073553299984175)	(8.0, 0.0690173470672933)	(9.0, 0.06892507788672204)	('>10', 1.600962552091719)	('>50', 1.1117513567029638)	('>100', 2.7550193280866)	('>500', 1.5279776302598624)	('>1k', 3.252903826449053)	('>5k', 2.8035529170670768)	('>10k+', 84.6453472573678)
122022_BEL_CBC_T2_102_OFAV_S27_R1_16S	(1.0, 1.716422902666707)	(2.0, 0.6397664730744671)	(3.0, 0.3575881047222307)	(4.0, 0.20433605984127465)	(5.0, 0.16054976130385867)	(6.0, 0.10654665977437892)	(7.0, 0.0979110286739441)	(8.0, 0.07492322194180072)	(9.0, 0.0733420500501718)	('>10', 1.0227749566698088)	('>50', 0.7284337276127345)	('>100', 2.0611183750418096)	('>500', 0.801046006020616)	('>1k', 1.4575972268677593)	('>5k', 2.213762276887524)	('>10k+', 88.28388116885091)
122022_BEL_CBC_T2_116_PSTR_S32_R1_16S	(1.0, 1.6816359979842033)	(2.0, 0.4915466843755348)	(3.0, 0.28659165516689195)	(4.0, 0.20346359084979018)	(5.0, 0.15110625477849)	(6.0, 0.11962905573112664)	(7.0, 0.10165329866916602)	(8.0, 0.10424369160822583)	(9.0, 0.09254767500459206)	('>10', 1.7179014991310408)	('>50', 0.8578125466074487)	('>100', 2.4392866842813388)	('>500', 1.1510764260113129)	('>1k', 6.1866433060321615)	('>5k', 2.489053627413579)	('>10k+', 81.9258080063551)
122022_BEL_CBC_T2_117_PSTR_S56_R1_16S	(1.0, 1.405583279408275)	(2.0, 0.41487998865165754)	(3.0, 0.23222071125035793)	(4.0, 0.1541132925341742)	(5.0, 0.1107689290089377)	(6.0, 0.08721411327502131)	(7.0, 0.07845767619921595)	(8.0, 0.059543772115476394)	(9.0, 0.06225826760897604)	('>10', 1.0576024700157705)	('>50', 0.7303744164929243)	('>100', 1.359611984760297)	('>500', 0.9255553989126256)	('>1k', 2.247689832988476)	('>5k', 0.6998144510983637)	('>10k+', 90.37431141567946)
122022_BEL_CBC_T2_119_OANN_S5_R1_16S	(1.0, 2.0353888590885973)	(2.0, 0.7360382739902475)	(3.0, 0.3728797671063801)	(4.0, 0.22150585792725372)	(5.0, 0.13453529772227402)	(6.0, 0.09999010514584493)	(7.0, 0.06683366402977482)	(8.0, 0.06666007009722996)	(9.0, 0.04530801639421099)	('>10', 1.3630595583423168)	('>50', 0.6131337697484798)	('>100', 3.9029123854063057)	('>500', 0.7915883324046058)	('>1k', 2.39802658417483)	('>5k', 0.0)	('>10k+', 87.15213945842166)
122022_BEL_CBC_T2_89_PAST_S17_R1_16S	(1.0, 1.8923828852454032)	(2.0, 0.5798159000904537)	(3.0, 0.2763778988894716)	(4.0, 0.1477664013864502)	(5.0, 0.11629763072081728)	(6.0, 0.08118030693453128)	(7.0, 0.07449129288000061)	(8.0, 0.08391672177502109)	(9.0, 0.061569333911020915)	('>10', 1.1482300716788665)	('>50', 0.7465851823136387)	('>100', 1.843735510303362)	('>500', 0.28428309731755336)	('>1k', 1.3432756405871131)	('>5k', 2.3496682097005905)	('>10k+', 88.9704239162657)
122022_BEL_CBC_T3_121_OFAV_S73_R1_16S	(1.0, 1.3264358864645502)	(2.0, 0.42729031904639936)	(3.0, 0.2816029753382715)	(4.0, 0.24399668946239297)	(5.0, 0.16582299283851948)	(6.0, 0.1510173684779374)	(7.0, 0.13887675650226006)	(8.0, 0.11252274514042394)	(9.0, 0.095940445856572)	('>10', 1.4368858441944927)	('>50', 0.8495467258102009)	('>100', 1.6773291838103457)	('>500', 1.5680636760292501)	('>1k', 1.664152178129428)	('>5k', 2.395253909054972)	('>10k+', 87.46526230384399)
122022_BEL_CBC_T4_12_PSTR_S86_R1_16S	(1.0, 2.2161275878417532)	(2.0, 0.5732102407417162)	(3.0, 0.31706000105357424)	(4.0, 0.21729968919559606)	(5.0, 0.1991913817626297)	(6.0, 0.15013433071695728)	(7.0, 0.12330111152083444)	(8.0, 0.14618342727703734)	(9.0, 0.10963757045777801)	('>10', 2.3601709424221675)	('>50', 1.0739872517515672)	('>100', 4.002429805615551)	('>500', 2.803495232576516)	('>1k', 9.869686034873308)	('>5k', 2.9964310172259387)	('>10k+', 72.84165437496708)
122022_BEL_CBC_T4_13_PSTR_S49_R1_16S	(1.0, 1.1446384778354164)	(2.0, 0.3339618512808345)	(3.0, 0.19405475605286626)	(4.0, 0.13213875184257798)	(5.0, 0.09787343522682218)	(6.0, 0.07752960527201316)	(7.0, 0.07268400494251234)	(8.0, 0.06430034722956647)	(9.0, 0.06472337582976098)	('>10', 1.2579716855420746)	('>50', 0.7757190813203262)	('>100', 2.408263363761909)	('>500', 1.0656090438899863)	('>1k', 5.126414405739037)	('>5k', 4.014272215827654)	('>10k+', 83.16984559840664)
122022_BEL_CBC_T4_14_MCAV_S38_R1_16S	(1.0, 1.5557530210578332)	(2.0, 0.4439686767607818)	(3.0, 0.2550738103403504)	(4.0, 0.17487018956322992)	(5.0, 0.13257702341573196)	(6.0, 0.11241655043350496)	(7.0, 0.10200761057855079)	(8.0, 0.08940731496465891)	(9.0, 0.08579157796241167)	('>10', 1.4563750373900075)	('>50', 0.6499561181009272)	('>100', 1.5622175205466995)	('>500', 0.8369883321262616)	('>1k', 4.810573729808026)	('>5k', 3.496198545597183)	('>10k+', 84.23582494135384)
122022_BEL_CBC_T4_15_MCAV_S2_R1_16S	(1.0, 3.8309100063853183)	(2.0, 1.2236183660897377)	(3.0, 0.5502063273727648)	(4.0, 0.3139214015071603)	(5.0, 0.1870588996436036)	(6.0, 0.13333220816701968)	(7.0, 0.1201115039816823)	(8.0, 0.11476696399186505)	(9.0, 0.11898633766803655)	('>10', 3.6646666835441613)	('>50', 1.1907072514155999)	('>100', 6.182788893483318)	('>500', 6.7920664523224845)	('>1k', 2.968188735397451)	('>5k', 5.22977302582538)	('>10k+', 67.37889694320441)
122022_BEL_CBC_T4_35_PSTR_S87_R1_16S	(1.0, 2.0019200646758626)	(2.0, 0.5186701025718762)	(3.0, 0.3296953160527512)	(4.0, 0.23647112323783537)	(5.0, 0.19011166691930675)	(6.0, 0.1675003789601334)	(7.0, 0.11318275984033146)	(8.0, 0.1344045273103936)	(9.0, 0.10914051841746249)	('>10', 2.0101308675660654)	('>50', 1.0071497145166994)	('>100', 3.933858824718307)	('>500', 2.148577636299328)	('>1k', 5.861123743115558)	('>5k', 3.803875498964176)	('>10k+', 77.43418725683392)
122022_BEL_CBC_T4_3_MCAV_S84_R1_16S	(1.0, 3.5943073791158504)	(2.0, 1.1280652933156528)	(3.0, 0.5266794912500233)	(4.0, 0.3380460564406178)	(5.0, 0.20427506863642306)	(6.0, 0.14847879274601722)	(7.0, 0.1356386455745849)	(8.0, 0.097118204060288)	(9.0, 0.10505574958444616)	('>10', 1.9075789552322433)	('>50', 0.8406794538968679)	('>100', 1.6433053807220366)	('>500', 5.138626898007209)	('>1k', 15.047018284369573)	('>5k', 7.324953775470183)	('>10k+', 61.82017257157798)
122022_BEL_CBC_T4_4_PSTR_S41_R1_16S	(1.0, 1.3432661483952189)	(2.0, 0.34847049356919446)	(3.0, 0.2048967566936185)	(4.0, 0.13627337737342798)	(5.0, 0.11356114781118998)	(6.0, 0.08857769529272819)	(7.0, 0.07608596903349729)	(8.0, 0.07916834304551532)	(9.0, 0.07446366692190887)	('>10', 1.7986463511180908)	('>50', 0.8106643651607378)	('>100', 1.436061829178077)	('>500', 0.9381773111315881)	('>1k', 2.677609635176701)	('>5k', 2.697077260515762)	('>10k+', 87.17699964958274)
122023_BEL_CBC_T2_517_SSID_S59_R1_16S	(1.0, 1.093601701193799)	(2.0, 0.27031681130284696)	(3.0, 0.1581052994109096)	(4.0, 0.10780634904107615)	(5.0, 0.09531170531863344)	(6.0, 0.07496786233465622)	(7.0, 0.07204443607908469)	(8.0, 0.06151209217202561)	(9.0, 0.05478420709071031)	('>10', 1.5054043338793066)	('>50', 1.638240017300276)	('>100', 4.365075868918372)	('>500', 1.69590760371155)	('>1k', 3.950349809977293)	('>5k', 1.6409231619458005)	('>10k+', 83.21564874032366)
122023_BEL_CBC_T2_519_PAST_S90_R1_16S	(1.0, 1.2567511425010387)	(2.0, 0.41317845780856066)	(3.0, 0.2744563516228352)	(4.0, 0.19122308791139997)	(5.0, 0.14370187410008478)	(6.0, 0.14000261793513213)	(7.0, 0.10158726545293124)	(8.0, 0.07512335596519285)	(9.0, 0.06530609921974151)	('>10', 0.9081673884958825)	('>50', 0.6863542976819892)	('>100', 1.2635805384978744)	('>500', 0.4746430217800821)	('>1k', 2.340490919748906)	('>5k', 2.231647421049337)	('>10k+', 89.433786160229)
122023_BEL_CBC_T4_538_OFAV_S45_R1_16S	(1.0, 1.4432482186947948)	(2.0, 0.46202403448001783)	(3.0, 0.28382941518833504)	(4.0, 0.1928091420249575)	(5.0, 0.16281091115139362)	(6.0, 0.12614640675037114)	(7.0, 0.11307025483112536)	(8.0, 0.13127430946380084)	(9.0, 0.0899946926206916)	('>10', 2.075262228125008)	('>50', 1.175828092189435)	('>100', 1.534524886993844)	('>500', 0.6299628483448412)	('>1k', 4.803819261940962)	('>5k', 0.0)	('>10k+', 86.77539529720042)
Negative_S96_R1_16S	(1.0, 7.401079485885139)	(2.0, 1.475556245874267)	(3.0, 0.6057546693589096)	(4.0, 0.40383644623927306)	(5.0, 0.19415213761503514)	(6.0, 0.2795790781656506)	(7.0, 0.08154389779831477)	(8.0, 0.09319302605521687)	(9.0, 0.17473692385353162)	('>10', 5.929406282763174)	('>50', 3.0947850735836604)	('>100', 3.121966372849765)	('>500', 0.0)	('>1k', 33.62326719217179)	('>5k', 0.0)	('>10k+', 43.52114316778628)
Undetermined_S0_R1_16S	(1.0, 7.091154825010733)	(2.0, 1.2221603214747574)	(3.0, 0.6477024555462397)	(4.0, 0.4724592926294271)	(5.0, 0.36553942238006676)	(6.0, 0.29317503800056793)	(7.0, 0.2524161765792854)	(8.0, 0.22153559749877927)	(9.0, 0.19646725054146813)	('>10', 4.332348589976465)	('>50', 4.628820643199876)	('>100', 8.318308385872314)	('>500', 1.42099268969767)	('>1k', 11.03426022371596)	('>5k', 3.1400965060268127)	('>10k+', 56.36256258184957)
