Sample	0	1	2	3	4	5	6	7	8	9	10	11	12	13	14	15	16	17	18	19	20	21	22	23	24	25	26	27	28	29	30	31	32	33	34	35	36	37	38	39	40	41	42	43	44	45	46	47	48	49	50	51	52	53	54	55	56	57
012024_BEL_CBC_T1_565_PAST_S53_R1_16S	(1, 0.0)	(2, 0.00016462260268334841)	(3, 0.0021400938348835295)	(4, 0.0007408017120750679)	(5, 0.0)	(6, 0.0)	(7, 0.0)	(8, 0.0)	(9, 0.0)	(10, 0.0)	(15, 0.0)	(20, 0.0)	(25, 0.0)	(30, 0.0)	(35, 0.0)	(40, 8.231130134167421e-05)	(45, 0.0)	(50, 0.0)	(55, 0.0)	(60, 0.0)	(65, 0.0)	(70, 0.0005926413696600543)	(75, 0.4668861634702445)	(80, 1.6462260268334844e-05)	(85, 0.0)	(90, 0.0015145279446868054)	(95, 0.006354432463577249)	(100, 0.00037863198617170136)	(105, 0.0)	(110, 0.0)	(115, 0.0)	(120, 0.0)	(125, 0.0)	(130, 0.00044448102724504074)	(135, 0.0)	(140, 0.0)	(145, 0.0)	(150, 0.0)	(155, 0.0)	(160, 0.0)	(165, 0.0)	(170, 0.0)	(175, 0.0)	(180, 0.0)	(185, 0.0)	(190, 0.000411556506708371)	(195, 0.0)	(200, 0.002699812906258051)	(205, 0.6069978595719868)	(210, 4.9387146665832575e-05)	(215, 0.0)	(220, 0.010470292274257782)	(225, 0.0)	(230, 0.0)	(235, 0.0)	(240, 0.0)	(245, 0.0)	(250, 0.0)
012024_BEL_CBC_T2_585_OFAV_S43_R1_16S	(1, 0.0)	(2, 0.00031897875760963695)	(3, 0.0017543831668530034)	(4, 0.00047846813641445543)	(5, 0.0)	(6, 0.0)	(7, 0.0)	(8, 0.0)	(9, 0.0)	(10, 0.0)	(15, 0.0)	(20, 0.0)	(25, 0.0)	(30, 0.0)	(35, 0.0)	(40, 0.00015948937880481848)	(45, 0.0)	(50, 0.0)	(55, 0.0)	(60, 9.569362728289108e-05)	(65, 0.0)	(70, 0.0009250383970679473)	(75, 0.45744743628798035)	(80, 3.18978757609637e-05)	(85, 0.0)	(90, 0.001881974669896858)	(95, 0.009377975473723328)	(100, 0.00041467238489252805)	(105, 0.0)	(110, 0.0)	(115, 0.0)	(120, 0.0)	(125, 0.0)	(130, 0.0006060596394583102)	(135, 0.0)	(140, 0.0)	(145, 0.0)	(150, 0.0)	(155, 0.0)	(160, 0.0)	(165, 0.0)	(170, 0.0)	(175, 0.0)	(180, 3.18978757609637e-05)	(185, 0.0)	(190, 0.0004784682890356759)	(195, 0.0)	(200, 0.0022009611501648805)	(205, 0.6009605799843762)	(210, 3.189827258094665e-05)	(215, 0.0)	(220, 0.017799627866561484)	(225, 0.0)	(230, 0.0)	(235, 0.0)	(240, 0.0)	(245, 0.0)	(250, 0.0)
012024_BEL_CBC_T2_593_MCAV_S6_R1_16S	(1, 0.0)	(2, 0.0004778504375915382)	(3, 0.0016724765315703836)	(4, 0.0002389252187957691)	(5, 0.0)	(6, 0.0)	(7, 0.0)	(8, 0.0)	(9, 0.0)	(10, 0.00014335513127746146)	(15, 0.0)	(20, 0.0)	(25, 0.0)	(30, 0.0)	(35, 0.0)	(40, 0.0002867102625549229)	(45, 0.0)	(50, 0.0)	(55, 0.0)	(60, 0.0)	(65, 4.778504375915383e-05)	(70, 0.46977476519624123)	(75, 0.004013943675768921)	(80, 0.0002389252187957691)	(85, 0.0)	(90, 0.00019114017503661532)	(95, 0.008314597614092766)	(100, 0.0007167756563873074)	(105, 0.0)	(110, 0.0)	(115, 0.0)	(120, 0.0)	(125, 0.0)	(130, 0.0008123457439056151)	(135, 0.0)	(140, 0.0)	(145, 0.0)	(150, 0.0)	(155, 0.0)	(160, 0.00014335513127746146)	(165, 0.0)	(170, 0.0)	(175, 0.0)	(180, 0.0)	(185, 0.0)	(190, 0.0007645607001464613)	(195, 0.0)	(200, 0.6143758305685545)	(205, 0.0027715524038438564)	(210, 0.00019114309784662963)	(215, 0.0)	(220, 0.010131019892639861)	(225, 0.0)	(230, 0.0)	(235, 0.0)	(240, 0.0)	(245, 0.0)	(250, 0.0)
012024_BEL_CBC_T3_625_SSID_S54_R1_16S	(1, 0.00011760024931252853)	(2, 0.0002744005817292333)	(3, 0.0015288032410628709)	(4, 0.000431200914145938)	(5, 0.0)	(6, 0.0)	(7, 0.0)	(8, 0.0)	(9, 0.0)	(10, 9.408019945002283e-05)	(15, 0.0)	(20, 0.0)	(25, 0.0)	(30, 0.0)	(35, 0.0)	(40, 0.0003214406814542447)	(45, 1.5680033241670473e-05)	(50, 7.840016620835236e-06)	(55, 0.0)	(60, 0.0)	(65, 0.0)	(70, 0.0005017610637334551)	(75, 0.46603410799230893)	(80, 7.056014958751713e-05)	(85, 0.0)	(90, 0.0004233608975251027)	(95, 0.013006587573965656)	(100, 0.0006507213795293246)	(105, 1.5680033241670473e-05)	(110, 0.0)	(115, 0.0)	(120, 0.0)	(125, 0.0)	(130, 0.0007526415956001826)	(135, 3.1360066483340945e-05)	(140, 0.0)	(145, 0.0)	(150, 7.840016620835236e-06)	(155, 0.0)	(160, 9.408019945002283e-05)	(165, 0.0)	(170, 0.0)	(175, 0.0)	(180, 0.0)	(185, 7.840016620835236e-06)	(190, 0.0006820814460126656)	(195, 1.5680033241670473e-05)	(200, 0.001936485016270786)	(205, 0.6112639177260577)	(210, 6.272051651599761e-05)	(215, 0.0)	(220, 0.01759350765070615)	(225, 1.5680650383199813e-05)	(230, 0.0)	(235, 0.0)	(240, 0.0)	(245, 0.0)	(250, 0.0)
012024_BEL_CBC_T3_642_PSTR_S40_R1_16S	(1, 0.0)	(2, 0.00047095280817385695)	(3, 0.0009419056163477139)	(4, 0.0005886910102173211)	(5, 0.0)	(6, 0.0)	(7, 0.0)	(8, 0.0)	(9, 0.0)	(10, 0.0)	(15, 0.0)	(20, 0.0)	(25, 0.0)	(30, 0.0)	(35, 0.0)	(40, 0.00018838112326954276)	(45, 0.0)	(50, 0.0)	(55, 0.0)	(60, 0.0)	(65, 2.3547640408692846e-05)	(70, 0.00322602673599092)	(75, 0.4669497093043791)	(80, 2.3547640408692846e-05)	(85, 0.0)	(90, 0.001671882469017192)	(95, 0.008241674143042497)	(100, 0.0004474051677651641)	(105, 0.0)	(110, 0.0)	(115, 0.0)	(120, 0.0)	(125, 0.0)	(130, 0.0005651433698086283)	(135, 0.0)	(140, 0.0)	(145, 0.0)	(150, 0.0)	(155, 0.0)	(160, 0.0)	(165, 0.0)	(170, 0.0)	(175, 0.0)	(180, 2.3547640408692846e-05)	(185, 0.0)	(190, 0.0004709530299705089)	(195, 2.354766813329393e-05)	(200, 0.008783280213718636)	(205, 0.600277156053929)	(210, 4.7095436075480795e-05)	(215, 0.0)	(220, 0.01412887369564004)	(225, 0.0)	(230, 0.0)	(235, 0.0)	(240, 0.0)	(245, 0.0)	(250, 0.0)
012024_BEL_CBC_T3_644_PSTR_S16_R1_16S	(1, 0.0)	(2, 0.00038920273765205663)	(3, 0.00116760821295617)	(4, 0.0006811047908910991)	(5, 0.0)	(6, 0.0)	(7, 0.0)	(8, 0.0)	(9, 0.0)	(10, 1.9460136882602834e-05)	(15, 0.0)	(20, 0.0)	(25, 0.0)	(30, 0.0)	(35, 0.0)	(40, 0.00023352164259123398)	(45, 0.0)	(50, 0.0)	(55, 0.0)	(60, 0.0)	(65, 3.892027376520567e-05)	(70, 0.46887253804943263)	(75, 0.0058380410647808495)	(80, 0.00015568109506082267)	(85, 0.0)	(90, 0.00046704328518246797)	(95, 0.008543000091462643)	(100, 0.0006421845171258934)	(105, 0.0)	(110, 0.0)	(115, 0.0)	(120, 0.0)	(125, 0.0)	(130, 0.0008562460228345246)	(135, 0.0)	(140, 0.0)	(145, 0.0)	(150, 0.0)	(155, 0.0)	(160, 1.9460136882602834e-05)	(165, 0.0)	(170, 0.0)	(175, 5.8380410647808496e-05)	(180, 1.9460136882602834e-05)	(185, 3.892030406098345e-05)	(190, 0.0007394866405900325)	(195, 1.9460189900317124e-05)	(200, 0.6107211600491099)	(205, 0.003191494744347649)	(210, 0.00017514450394600568)	(215, 0.0)	(220, 0.01257205089072786)	(225, 0.0)	(230, 0.0)	(235, 0.0)	(240, 0.0)	(245, 0.0)	(250, 0.0)
022024_BEL_CBC_T1_771_PAST_S10_R1_16S	(1, 0.00020710036705088387)	(2, 0.00041420073410176775)	(3, 0.0007593680125199075)	(4, 0.0008284014682035355)	(5, 0.0)	(6, 0.0)	(7, 0.0)	(8, 0.0)	(9, 0.0)	(10, 0.0)	(15, 0.0)	(20, 0.0)	(25, 0.0)	(30, 0.0)	(35, 0.0)	(40, 0.00013806691136725592)	(45, 0.0)	(50, 0.0)	(55, 1.3806691136725592e-05)	(60, 0.0)	(65, 0.0)	(70, 0.46282790028531523)	(75, 0.003465479475318123)	(80, 0.00011045352909380473)	(85, 0.0)	(90, 0.0004003940429650421)	(95, 0.008629181960453494)	(100, 0.0004556208075119445)	(105, 0.0)	(110, 0.0)	(115, 0.0)	(120, 1.3806710199223926e-05)	(125, 0.0)	(130, 0.0006489153793635244)	(135, 0.0)	(140, 0.0)	(145, 0.0)	(150, 2.7613420398447853e-05)	(155, 0.0)	(160, 0.0)	(165, 0.0)	(170, 0.0)	(175, 0.0)	(180, 0.0)	(185, 0.0)	(190, 0.0005384616977697331)	(195, 1.3806714011729908e-05)	(200, 0.6147864649778264)	(205, 0.0020019840352128284)	(210, 0.00013806929421738182)	(215, 0.0)	(220, 0.011377392100140934)	(225, 0.0)	(230, 0.0)	(235, 0.0)	(240, 0.0007211781165712308)	(245, 0.0)	(250, 0.0)
022024_BEL_CBC_T2_808_PAST_S15_R1_16S	(1, 0.0)	(2, 0.00022237244716430656)	(3, 0.00044474489432861313)	(4, 0.0006671173414929197)	(5, 0.0)	(6, 0.0)	(7, 0.0)	(8, 0.0)	(9, 0.0)	(10, 4.447448943286131e-05)	(15, 0.0)	(20, 0.0)	(25, 0.0)	(30, 0.0)	(35, 0.0)	(40, 8.894897886572263e-05)	(45, 0.0)	(50, 0.0)	(55, 0.0)	(60, 0.0)	(65, 0.0)	(70, 0.4671155625133423)	(75, 0.00440297445385327)	(80, 8.894897886572263e-05)	(85, 0.0)	(90, 0.0005336938731943358)	(95, 0.011296520315946773)	(100, 0.00031132142603002916)	(105, 0.0)	(110, 0.0)	(115, 0.0)	(120, 0.0)	(125, 0.0)	(130, 0.00044474489432861313)	(135, 0.0)	(140, 0.0)	(145, 0.0)	(150, 0.0)	(155, 0.0)	(160, 4.447448943286131e-05)	(165, 0.0)	(170, 0.0)	(175, 0.0)	(180, 0.0)	(185, 0.0)	(190, 0.0003113215644887055)	(195, 8.894945358350664e-05)	(200, 0.6093522968903509)	(205, 0.002001392969506777)	(210, 0.00017790357537263016)	(215, 0.0)	(220, 0.015255760828810347)	(225, 0.0)	(230, 0.0)	(235, 0.0)	(240, 0.0)	(245, 0.0)	(250, 0.0)
022024_BEL_CBC_T4_872_PSTR_S89_R1_16S	(1, 0.0)	(2, 0.0012111405552837219)	(3, 0.0004844562221134887)	(4, 0.00024222811105674435)	(5, 0.0)	(6, 0.0)	(7, 0.0)	(8, 0.0)	(9, 0.0)	(10, 0.0)	(15, 0.0)	(20, 0.0)	(25, 0.0)	(30, 0.0)	(35, 0.0)	(40, 4.844562221134887e-05)	(45, 0.0)	(50, 0.0)	(55, 0.0)	(60, 4.844562221134887e-05)	(65, 0.0)	(70, 0.001162694933072373)	(75, 0.4635761589403974)	(80, 9.689124442269774e-05)	(85, 0.0)	(90, 0.00033911935547944214)	(95, 0.011045601864187543)	(100, 0.00033911935547944214)	(105, 0.0)	(110, 0.0)	(115, 0.0)	(120, 0.0)	(125, 0.0)	(130, 0.00043601059990213987)	(135, 0.0)	(140, 0.0)	(145, 0.0)	(150, 0.0)	(155, 0.0)	(160, 0.0)	(165, 0.0)	(170, 0.0)	(175, 0.0)	(180, 0.0)	(185, 0.0)	(190, 0.000387564977690791)	(195, 0.0)	(200, 0.6099339294763289)	(205, 0.0018409550487223285)	(210, 4.844700696813301e-05)	(215, 0.0)	(220, 0.014098434201735512)	(225, 0.0)	(230, 0.0)	(235, 0.0)	(240, 0.0)	(245, 0.0)	(250, 0.0)
042024_BEL_CBC_T1_1146_OANN_S52_R1_16S	(1, 0.00015214864313840048)	(2, 0.00030429728627680096)	(3, 0.0006085945725536019)	(4, 0.0007607432156920025)	(5, 0.0)	(6, 0.0)	(7, 0.0)	(8, 0.0)	(9, 0.0)	(10, 0.0)	(15, 0.0)	(20, 0.0)	(25, 0.0)	(30, 0.0)	(35, 0.0)	(40, 9.12891858830403e-05)	(45, 0.0)	(50, 0.0)	(55, 0.0)	(60, 0.0)	(65, 0.0)	(70, 0.001521486431384005)	(75, 0.46222757785446067)	(80, 3.04297286276801e-05)	(85, 0.0)	(90, 0.004625318751407375)	(95, 0.011715445521656837)	(100, 0.0004260162007875214)	(105, 0.0)	(110, 0.0)	(115, 0.0)	(120, 0.0)	(125, 0.0)	(130, 0.0005781648439259219)	(135, 0.0)	(140, 0.0)	(145, 0.0)	(150, 0.0)	(155, 0.0)	(160, 0.0)	(165, 0.0)	(170, 0.0)	(175, 0.0)	(180, 0.0)	(185, 0.0)	(190, 0.0005477351152982418)	(195, 3.04297841858846e-05)	(200, 0.0033168888677906354)	(205, 0.5991717492802483)	(210, 0.0)	(215, 0.0)	(220, 0.021119015695628122)	(225, 0.0)	(230, 0.0)	(235, 0.0)	(240, 0.0)	(245, 0.0)	(250, 0.0)
042024_BEL_CBC_T1_929_PAST_S8_R1_16S	(1, 0.0)	(2, 0.0004881625464120541)	(3, 0.0014644876392361623)	(4, 0.0004881625464120541)	(5, 0.0)	(6, 0.0)	(7, 0.0)	(8, 0.0)	(9, 0.0)	(10, 0.0)	(15, 0.0)	(20, 0.0)	(25, 0.0)	(30, 0.0)	(35, 0.0)	(40, 0.00019526501856482166)	(45, 3.905300371296433e-05)	(50, 0.0)	(55, 0.0)	(60, 1.9526501856482165e-05)	(65, 1.9526501856482165e-05)	(70, 0.4775010763984148)	(75, 0.004100565389861254)	(80, 0.00019526501856482166)	(85, 1.9526501856482165e-05)	(90, 0.00031242402970371464)	(95, 0.006365639605213186)	(100, 0.000585795055694465)	(105, 0.0)	(110, 0.0)	(115, 0.0)	(120, 0.0)	(125, 0.0)	(130, 0.0007615335724028044)	(135, 0.0)	(140, 0.0)	(145, 0.0)	(150, 0.0)	(155, 0.0)	(160, 0.0)	(165, 0.0)	(170, 0.0)	(175, 0.0)	(180, 1.9526501856482165e-05)	(185, 0.0)	(190, 0.0006834288994744431)	(195, 5.857971146367853e-05)	(200, 0.6194233204425122)	(205, 0.0016597779373334243)	(210, 0.00017574349260900978)	(215, 0.0)	(220, 0.009197555285899463)	(225, 0.0)	(230, 0.0)	(235, 0.0)	(240, 0.0)	(245, 0.0)	(250, 0.0)
042024_BEL_CBC_T1_933_SSID_S82_R1_16S	(1, 0.0)	(2, 0.0005653110977634879)	(3, 0.0015546055188495921)	(4, 0.000847966646645232)	(5, 0.0)	(6, 0.0)	(7, 0.0)	(8, 0.0)	(9, 0.0)	(10, 0.0)	(15, 0.0)	(20, 0.0)	(25, 0.0)	(30, 0.0)	(35, 0.0)	(40, 8.47966646645232e-05)	(45, 0.0)	(50, 0.0)	(55, 0.0)	(60, 2.82655548881744e-05)	(65, 0.0)	(70, 0.0019785888421722077)	(75, 0.4570822880966682)	(80, 0.0)	(85, 0.0)	(90, 2.82655548881744e-05)	(95, 0.010062537540190085)	(100, 0.00028265554888174397)	(105, 0.0)	(110, 0.0)	(115, 0.0)	(120, 0.0)	(125, 0.0)	(130, 0.0004522488782107904)	(135, 0.0)	(140, 0.0)	(145, 0.0)	(150, 0.0)	(155, 0.0)	(160, 0.0)	(165, 0.0)	(170, 0.0)	(175, 0.0)	(180, 0.0)	(185, 5.65311097763488e-05)	(190, 0.00033918675453111104)	(195, 0.0)	(200, 0.6083607415539528)	(205, 0.003250557187900578)	(210, 5.6531685020149306e-05)	(215, 0.0)	(220, 0.013087388421533758)	(225, 0.0)	(230, 0.0)	(235, 0.0)	(240, 0.0)	(245, 0.0)	(250, 0.0)
042024_BEL_CBC_T2_1017_MCAV_S94_R1_16S	(1, 0.0)	(2, 0.0)	(3, 0.00040382339995073354)	(4, 0.0012114701998522006)	(5, 0.0)	(6, 0.0)	(7, 0.0)	(8, 0.0)	(9, 0.0)	(10, 0.0)	(15, 0.0)	(20, 0.0)	(25, 0.0)	(30, 0.0)	(35, 0.0)	(40, 8.076467999014671e-05)	(45, 0.0)	(50, 0.0)	(55, 0.0)	(60, 0.0)	(65, 0.0)	(70, 0.0007672644599063937)	(75, 0.4626604693235554)	(80, 0.0)	(85, 0.0)	(90, 0.00012114701998522006)	(95, 0.011508966898595907)	(100, 0.00040382339995073354)	(105, 0.0)	(110, 0.0)	(115, 0.0)	(120, 8.076467999014671e-05)	(125, 0.0)	(130, 0.0006057350999261003)	(135, 0.0)	(140, 0.0)	(145, 0.0)	(150, 8.076467999014671e-05)	(155, 0.0)	(160, 0.0)	(165, 0.0)	(170, 0.0)	(175, 4.0382339995073356e-05)	(180, 0.0)	(185, 0.0)	(190, 0.0006057350999261003)	(195, 0.0)	(200, 0.6026259031009207)	(205, 0.0015749163477124543)	(210, 0.0001211485365862523)	(215, 0.0)	(220, 0.013811212038853927)	(225, 0.0)	(230, 0.0)	(235, 0.0)	(240, 0.003784868097346807)	(245, 0.0)	(250, 0.0)
042024_BEL_CBC_T2_1028_PAST_S61_R1_16S	(1, 0.0)	(2, 0.0006653669831595616)	(3, 0.0011643922205292329)	(4, 0.0003326834915797808)	(5, 0.0)	(6, 0.0)	(7, 0.0)	(8, 0.0)	(9, 0.0)	(10, 0.0)	(15, 0.0)	(20, 0.0)	(25, 0.0)	(30, 0.0)	(35, 0.0)	(40, 9.980504747393425e-05)	(45, 0.0)	(50, 0.0)	(55, 6.653669831595617e-05)	(60, 0.0)	(65, 0.0)	(70, 0.003759323454851523)	(75, 0.45893687663430766)	(80, 0.00013307339663191234)	(85, 0.0)	(90, 0.0022289793935845316)	(95, 0.009315137764233863)	(100, 0.0003326834915797808)	(105, 0.0)	(110, 0.0)	(115, 0.0)	(120, 3.3268349157978084e-05)	(125, 0.0)	(130, 0.00046575688821169316)	(135, 0.0)	(140, 0.0)	(145, 0.0)	(150, 3.3268349157978084e-05)	(155, 0.0)	(160, 0.0)	(165, 0.0)	(170, 0.0)	(175, 0.0)	(180, 0.0)	(185, 0.0)	(190, 0.00043248853905371505)	(195, 0.0)	(200, 0.0072857684655971994)	(205, 0.5956705843526768)	(210, 6.653714103212413e-05)	(215, 0.0)	(220, 0.014871308289207354)	(225, 0.0)	(230, 0.0)	(235, 0.0)	(240, 0.0014253948343691204)	(245, 0.0)	(250, 0.0)
042024_BEL_CBC_T2_1040_SSID_S34_R1_16S	(1, 0.0002462520438919643)	(2, 0.00036937806583794644)	(3, 0.0008618821536218751)	(4, 0.0002462520438919643)	(5, 0.0)	(6, 0.0)	(7, 0.0)	(8, 0.0)	(9, 0.0)	(10, 0.0)	(15, 0.0)	(20, 0.0)	(25, 0.0)	(30, 0.0)	(35, 0.0)	(40, 0.0002462520438919643)	(45, 0.0)	(50, 0.0)	(55, 0.0)	(60, 0.0)	(65, 0.0)	(70, 0.001773014716022143)	(75, 0.46002344319457855)	(80, 0.0)	(85, 0.0)	(90, 0.0009850081755678572)	(95, 0.016966765824156342)	(100, 0.0004678788833947322)	(105, 0.0)	(110, 0.0)	(115, 0.0)	(120, 0.0)	(125, 0.0)	(130, 0.0006156301097299107)	(135, 0.0)	(140, 0.0)	(145, 0.0)	(150, 0.0)	(155, 0.0)	(160, 0.0)	(165, 0.0)	(170, 0.0)	(175, 0.0)	(180, 0.0)	(185, 0.0)	(190, 0.0004925040877839286)	(195, 0.0)	(200, 0.00485117004311385)	(205, 0.5940109355930802)	(210, 0.0)	(215, 0.0)	(220, 0.022113885525427642)	(225, 0.0)	(230, 0.0)	(235, 0.0)	(240, 0.0)	(245, 0.0)	(250, 0.0)
042024_BEL_CBC_T3_947_MCAV_S70_R1_16S	(1, 0.0002775129841387454)	(2, 0.00041626947620811806)	(3, 0.0020813473810405905)	(4, 0.00041626947620811806)	(5, 0.0)	(6, 0.0)	(7, 0.0)	(8, 0.0)	(9, 0.0)	(10, 5.550259682774908e-05)	(15, 0.0)	(20, 0.0)	(25, 0.0)	(30, 0.0)	(35, 0.0)	(40, 0.0003885181777942435)	(45, 0.0)	(50, 0.0)	(55, 0.0)	(60, 0.0)	(65, 0.0)	(70, 0.0018315856953157194)	(75, 0.4705232646072428)	(80, 0.0001387564920693727)	(85, 0.0)	(90, 0.00011100519365549816)	(95, 0.01087850897823882)	(100, 0.0007215337587607381)	(105, 0.0)	(110, 0.0)	(115, 0.0)	(120, 0.0)	(125, 0.0)	(130, 0.0008047876540023617)	(135, 0.0)	(140, 0.0)	(145, 0.0)	(150, 0.0)	(155, 0.0)	(160, 5.550259682774908e-05)	(165, 0.0)	(170, 0.0)	(175, 0.0)	(180, 0.0)	(185, 0.0)	(190, 0.0007215337587607381)	(195, 0.0)	(200, 0.6058663469717089)	(205, 0.0034134153885091115)	(210, 0.0)	(215, 0.0)	(220, 0.014236878343793136)	(225, 0.0)	(230, 0.0)	(235, 0.0)	(240, 0.0)	(245, 0.0)	(250, 0.0)
042024_BEL_CBC_T3_949_PSTR_S26_R1_16S	(1, 0.0)	(2, 0.0003023254876510116)	(3, 0.0013100771131543834)	(4, 0.00040310065020134875)	(5, 0.0)	(6, 0.0)	(7, 0.0)	(8, 0.0)	(9, 0.0)	(10, 0.0)	(15, 0.0)	(20, 0.0)	(25, 0.0)	(30, 0.0)	(35, 0.0)	(40, 0.0002418603901208093)	(45, 0.0)	(50, 0.0)	(55, 0.0)	(60, 0.0)	(65, 2.015503251006744e-05)	(70, 0.456370401125457)	(75, 0.0068930211184430636)	(80, 0.00010077516255033719)	(85, 0.0)	(90, 0.000644961040322158)	(95, 0.008203098231597448)	(100, 0.0005643409102818883)	(105, 0.0)	(110, 0.0)	(115, 0.0)	(120, 0.0)	(125, 0.0)	(130, 0.00078604626789263)	(135, 0.0)	(140, 0.0)	(145, 0.0)	(150, 0.0)	(155, 0.0)	(160, 0.0)	(165, 0.0)	(170, 0.0)	(175, 0.0)	(180, 0.0)	(185, 0.0)	(190, 0.0007054261378523604)	(195, 4.0310138140827904e-05)	(200, 0.5936503956661546)	(205, 0.005542700968259471)	(210, 0.00010077731559061351)	(215, 0.0)	(220, 0.01193241656630604)	(225, 0.0)	(230, 0.0)	(235, 0.0)	(240, 0.0)	(245, 0.0)	(250, 0.0)
042024_BEL_CBC_T3_962_SSID_S51_R1_16S	(1, 0.0)	(2, 0.0)	(3, 0.0010567733890370328)	(4, 0.0007045155926913553)	(5, 0.0)	(6, 0.0)	(7, 0.0)	(8, 0.0)	(9, 0.0)	(10, 0.0)	(15, 0.0)	(20, 0.0)	(25, 0.0)	(30, 0.0)	(35, 0.0)	(40, 7.045155926913553e-05)	(45, 0.0)	(50, 0.0)	(55, 0.0)	(60, 7.045155926913553e-05)	(65, 0.0)	(70, 0.0037339326412641825)	(75, 0.44934004501854635)	(80, 7.045155926913553e-05)	(85, 0.0)	(90, 0.005424770063723435)	(95, 0.011906313516483902)	(100, 0.00035225779634567763)	(105, 0.0)	(110, 0.0)	(115, 0.0)	(120, 0.0)	(125, 0.0)	(130, 0.0007749671519604908)	(135, 0.0)	(140, 0.0)	(145, 0.0)	(150, 0.0)	(155, 0.0)	(160, 0.0)	(165, 0.0)	(170, 0.0)	(175, 0.0)	(180, 0.0)	(185, 0.0)	(190, 0.00035225779634567763)	(195, 0.0)	(200, 0.011131401260243708)	(205, 0.5846111574920477)	(210, 7.045230379033395e-05)	(215, 0.0)	(220, 0.02451778173256173)	(225, 0.0)	(230, 0.0)	(235, 0.0)	(240, 0.0)	(245, 0.0)	(250, 0.0)
052022_BEL_CBC_T1_11_PSTR_S85_R1_16S	(1, 0.0001267616703131774)	(2, 0.0002535233406263548)	(3, 0.0013943783734449513)	(4, 0.0002535233406263548)	(5, 0.0)	(6, 0.0)	(7, 0.0)	(8, 0.0)	(9, 0.0)	(10, 0.0)	(15, 0.0)	(20, 0.0)	(25, 0.0)	(30, 0.0)	(35, 0.0)	(40, 0.0002028186725010838)	(45, 0.0)	(50, 0.0)	(55, 0.0)	(60, 0.0)	(65, 2.5352334062635475e-05)	(70, 0.0010140933625054191)	(75, 0.4707167865409529)	(80, 2.5352334062635475e-05)	(85, 0.0)	(90, 0.0002281710065637193)	(95, 0.012574757695067197)	(100, 0.0003549326768768967)	(105, 0.0)	(110, 0.0)	(115, 0.0)	(120, 2.5352334062635475e-05)	(125, 0.0)	(130, 0.0005070466812527096)	(135, 0.0)	(140, 0.0)	(145, 0.0)	(150, 2.5352334062635475e-05)	(155, 0.0)	(160, 0.0)	(165, 0.0)	(170, 0.0)	(175, 2.5352334062635475e-05)	(180, 0.0)	(185, 0.0)	(190, 0.000481694347190074)	(195, 0.0)	(200, 0.6122842199467093)	(205, 0.0016479063096811453)	(210, 2.5352501176356052e-05)	(215, 0.0)	(220, 0.01764553318285615)	(225, 0.0)	(230, 0.0)	(235, 0.0)	(240, 0.0009620564919572077)	(245, 0.0)	(250, 0.0)
052022_BEL_CBC_T1_12_MCAV_S24_R1_16S	(1, 0.0002854516701777222)	(2, 0.0002854516701777222)	(3, 0.001141806680710889)	(4, 0.0008563550105331666)	(5, 0.0)	(6, 0.0)	(7, 0.0)	(8, 0.0)	(9, 0.0)	(10, 0.0)	(15, 0.0)	(20, 0.0)	(25, 0.0)	(30, 0.0)	(35, 0.0)	(40, 0.00011418066807108888)	(45, 0.0)	(50, 0.0)	(55, 0.0)	(60, 0.0)	(65, 0.0)	(70, 0.46174662167948344)	(75, 0.010675892464646812)	(80, 0.00011418066807108888)	(85, 0.0)	(90, 0.0019981616912440555)	(95, 0.013758770502566211)	(100, 0.0002854516701777222)	(105, 0.0)	(110, 0.0)	(115, 0.0)	(120, 0.0)	(125, 0.0)	(130, 0.00034254200421326666)	(135, 0.0)	(140, 0.0)	(145, 0.0)	(150, 0.0)	(155, 0.0)	(160, 0.0)	(165, 0.0)	(170, 0.0)	(175, 0.0)	(180, 0.0)	(185, 0.0)	(190, 0.0002854516701777222)	(195, 0.0)	(200, 0.6000214660391275)	(205, 0.007821473999593511)	(210, 0.00011418379709082522)	(215, 0.0)	(220, 0.023122878975422378)	(225, 0.0)	(230, 0.0)	(235, 0.0)	(240, 0.0)	(245, 0.0)	(250, 0.0)
052022_BEL_CBC_T1_13_MCAV_S75_R1_16S	(1, 0.0)	(2, 0.0002022559630114295)	(3, 0.000809023852045718)	(4, 0.000404511926022859)	(5, 0.0)	(6, 0.0)	(7, 0.0)	(8, 0.0)	(9, 0.0)	(10, 0.0)	(15, 0.0)	(20, 0.0)	(25, 0.0)	(30, 0.0)	(35, 0.0)	(40, 0.00016180477040914358)	(45, 0.0)	(50, 0.0)	(55, 0.0)	(60, 4.0451192602285896e-05)	(65, 0.0)	(70, 0.0017798524745005794)	(75, 0.4515162118267152)	(80, 0.0)	(85, 0.0)	(90, 0.00016180477040914358)	(95, 0.022045899968245814)	(100, 0.00044496311862514485)	(105, 0.0)	(110, 0.0)	(115, 0.0)	(120, 4.0451192602285896e-05)	(125, 0.0)	(130, 0.0006472190816365743)	(135, 0.0)	(140, 0.0)	(145, 0.0)	(150, 4.0451192602285896e-05)	(155, 0.0)	(160, 0.0)	(165, 0.0)	(170, 0.0)	(175, 0.0)	(180, 0.0)	(185, 0.0)	(190, 0.0005663169255139529)	(195, 0.0)	(200, 0.5729146440914916)	(205, 0.0025484560603700923)	(210, 4.0451814405457436e-05)	(215, 0.0)	(220, 0.031553347001056636)	(225, 0.0)	(230, 0.0)	(235, 0.0)	(240, 0.0008275884898992824)	(245, 0.0)	(250, 0.0)
052022_BEL_CBC_T1_39_MCAV_S77_R1_16S	(1, 0.0)	(2, 0.0004478039693343842)	(3, 0.0012538511141362758)	(4, 8.956079386687683e-05)	(5, 0.0)	(6, 0.0)	(7, 0.0)	(8, 0.0)	(9, 0.0)	(10, 0.0)	(15, 0.0)	(20, 0.0)	(25, 0.0)	(30, 0.0)	(35, 0.0)	(40, 0.00017912158773375367)	(45, 0.0)	(50, 0.0)	(55, 0.0)	(60, 0.0)	(65, 1.7912158773375365e-05)	(70, 0.0008239593035752669)	(75, 0.47006878268968977)	(80, 3.582431754675073e-05)	(85, 0.0)	(90, 0.0)	(95, 0.007451458049724153)	(100, 0.0004478039693343842)	(105, 0.0)	(110, 0.0)	(115, 0.0)	(120, 0.0)	(125, 0.0)	(130, 0.0005731890807480117)	(135, 0.0)	(140, 0.0)	(145, 0.0)	(150, 0.0)	(155, 0.0)	(160, 0.0)	(165, 0.0)	(170, 0.0)	(175, 3.582431754675073e-05)	(180, 0.0)	(185, 3.582431754675073e-05)	(190, 0.0005015404456545102)	(195, 0.0)	(200, 0.6185306265893834)	(205, 0.0005911117217275294)	(210, 3.5825164598718746e-05)	(215, 0.0)	(220, 0.0087952937475851)	(225, 0.0)	(230, 0.0)	(235, 0.0)	(240, 0.0)	(245, 0.0)	(250, 0.0)
052022_BEL_CBC_T1_40_MCAV_S46_R1_16S	(1, 0.00023704265582591587)	(2, 0.0009481706233036635)	(3, 0.0014222559349554953)	(4, 0.00047408531165183174)	(5, 0.0)	(6, 0.0)	(7, 0.0)	(8, 0.0)	(9, 0.0)	(10, 0.0)	(15, 0.0)	(20, 0.0)	(25, 0.0)	(30, 0.0)	(35, 0.0)	(40, 0.00014222559349554953)	(45, 0.0)	(50, 0.0)	(55, 0.0)	(60, 0.0)	(65, 0.0)	(70, 0.0015170729972858615)	(75, 0.47384826899600585)	(80, 0.00014222559349554953)	(85, 0.0)	(90, 0.005404572552830882)	(95, 0.013416614319746839)	(100, 0.00047408531165183174)	(105, 0.0)	(110, 0.0)	(115, 0.0)	(120, 0.0)	(125, 0.0)	(130, 0.0005689023739821981)	(135, 0.0)	(140, 0.0)	(145, 0.0)	(150, 0.0)	(155, 0.0)	(160, 0.0)	(165, 0.0)	(170, 0.0)	(175, 0.0)	(180, 0.0)	(185, 0.0)	(190, 0.0005689023739821981)	(195, 0.0)	(200, 0.0038875272008381885)	(205, 0.6075989695091135)	(210, 0.0)	(215, 0.0)	(220, 0.02536436984001009)	(225, 0.0)	(230, 0.0)	(235, 0.0)	(240, 0.0)	(245, 0.0)	(250, 0.0)
052022_BEL_CBC_T1_41_OANN_S4_R1_16S	(1, 0.0)	(2, 0.00037139859425632074)	(3, 0.0022283915655379244)	(4, 0.00037139859425632074)	(5, 0.0)	(6, 0.0)	(7, 0.0)	(8, 0.0)	(9, 0.0)	(10, 0.0)	(15, 0.0)	(20, 0.0)	(25, 0.0)	(30, 0.0)	(35, 0.0)	(40, 0.0)	(45, 0.0)	(50, 0.0)	(55, 0.0)	(60, 0.0)	(65, 0.0)	(70, 0.4633197463347601)	(75, 0.003491146786009415)	(80, 0.00018569929712816037)	(85, 0.0)	(90, 0.0009284964856408018)	(95, 0.012553272485863642)	(100, 0.0002599790159794245)	(105, 0.0)	(110, 0.0)	(115, 0.0)	(120, 0.0)	(125, 0.0)	(130, 0.0002971188754050566)	(135, 0.0)	(140, 0.0)	(145, 0.0)	(150, 0.0)	(155, 0.0)	(160, 0.0)	(165, 0.0)	(170, 0.0)	(175, 0.0)	(180, 0.0)	(185, 0.0)	(190, 0.0002599794987595264)	(195, 3.714001115685935e-05)	(200, 0.6147070642844462)	(205, 0.0010399311268470847)	(210, 0.00018570433196209255)	(215, 0.0)	(220, 0.017048227541467308)	(225, 0.0)	(230, 0.0)	(235, 0.0)	(240, 0.0)	(245, 0.0)	(250, 0.0)
052022_BEL_CBC_T1_52_PAST_S30_R1_16S	(1, 0.00020288317276820903)	(2, 0.00010144158638410451)	(3, 0.0011158574502251495)	(4, 0.00030432475915231357)	(5, 0.0)	(6, 0.0)	(7, 0.0)	(8, 0.0)	(9, 0.0)	(10, 0.00010144158638410451)	(15, 0.0)	(20, 0.0)	(25, 0.0)	(30, 0.0)	(35, 0.0)	(40, 0.00030432475915231357)	(45, 0.0)	(50, 0.0)	(55, 4.05766345536418e-05)	(60, 0.0)	(65, 0.0)	(70, 0.4672602352024622)	(75, 0.006553126480413151)	(80, 0.00010144158638410451)	(85, 0.0)	(90, 0.0014810471612079258)	(95, 0.009210896043676689)	(100, 0.00048691961464370165)	(105, 0.0)	(110, 0.0)	(115, 0.0)	(120, 0.0)	(125, 0.00010144158638410451)	(130, 0.000628937835581448)	(135, 0.0)	(140, 0.0)	(145, 0.0)	(150, 4.05766345536418e-05)	(155, 0.0)	(160, 0.0001420182209377463)	(165, 0.0)	(170, 0.0)	(175, 0.0)	(180, 0.0)	(185, 8.11532691072836e-05)	(190, 0.00048691961464370165)	(195, 0.0)	(200, 0.5988117497354394)	(205, 0.004199711498079697)	(210, 0.0001825985601089099)	(215, 0.0)	(220, 0.013188128655267391)	(225, 0.0)	(230, 0.0)	(235, 0.0)	(240, 0.0)	(245, 0.0)	(250, 0.0)
052022_BEL_CBC_T1_60_MCAV_S92_R1_16S	(1, 0.0)	(2, 0.0)	(3, 0.000845508658008658)	(4, 0.0006341314935064935)	(5, 0.0)	(6, 0.0)	(7, 0.0)	(8, 0.0)	(9, 0.0)	(10, 0.0)	(15, 0.0)	(20, 0.0)	(25, 0.0)	(30, 0.0)	(35, 0.0)	(40, 4.22754329004329e-05)	(45, 0.0)	(50, 0.0)	(55, 0.0)	(60, 0.0)	(65, 0.0)	(70, 0.0008877840909090909)	(75, 0.47069466991341996)	(80, 0.0)	(85, 0.0)	(90, 0.0001268262987012987)	(95, 0.007271374458874459)	(100, 0.0002959280303030303)	(105, 0.0)	(110, 0.0)	(115, 0.0)	(120, 0.0)	(125, 0.0)	(130, 0.00046502976190476193)	(135, 0.0)	(140, 0.0)	(145, 0.0)	(150, 0.0)	(155, 0.0)	(160, 0.0)	(165, 0.0)	(170, 0.0)	(175, 0.0)	(180, 0.0)	(185, 8.45508658008658e-05)	(190, 0.0005073054092707527)	(195, 0.0)	(200, 0.6108812966748188)	(205, 0.001226002066447621)	(210, 0.0)	(215, 0.0)	(220, 0.00968154072631003)	(225, 0.0)	(230, 0.0)	(235, 0.0)	(240, 0.0)	(245, 0.0)	(250, 0.0)
052022_BEL_CBC_T1_70_MCAV_S36_R1_16S	(1, 0.0)	(2, 0.0)	(3, 0.00043758122601507903)	(4, 0.00021879061300753952)	(5, 0.0)	(6, 0.0)	(7, 0.0)	(8, 0.0)	(9, 0.0)	(10, 0.0)	(15, 0.0)	(20, 0.0)	(25, 0.0)	(30, 0.0)	(35, 0.0)	(40, 0.0001312743678045237)	(45, 0.0)	(50, 0.0)	(55, 0.0)	(60, 0.0)	(65, 0.0)	(70, 0.002144148007473887)	(75, 0.4612543703424948)	(80, 0.00017503249040603163)	(85, 0.0)	(90, 0.0034131335629176167)	(95, 0.011814693102407134)	(100, 0.0005250974712180948)	(105, 0.0)	(110, 0.0)	(115, 0.0)	(120, 0.0)	(125, 0.0)	(130, 0.0007001299616241265)	(135, 0.0)	(140, 0.0)	(145, 0.0)	(150, 0.0)	(155, 0.0)	(160, 0.0)	(165, 0.0)	(170, 0.0)	(175, 0.0)	(180, 0.0)	(185, 0.0)	(190, 0.0006126137164211107)	(195, 0.0)	(200, 0.00555728886568733)	(205, 0.5978690604183377)	(210, 8.751712600759562e-05)	(215, 4.37590225634648e-05)	(220, 0.02179207906061261)	(225, 0.0)	(230, 0.0)	(235, 0.0)	(240, 0.0)	(245, 0.0)	(250, 0.0)
052022_BEL_CBC_T2_45_PSTR_S31_R1_16S	(1, 3.4906426342902586e-05)	(2, 0.0002094385580574155)	(3, 0.001151912069315785)	(4, 0.0005235963951435387)	(5, 0.0)	(6, 0.0)	(7, 0.0)	(8, 0.0)	(9, 0.0)	(10, 5.5850282148644125e-05)	(15, 0.0)	(20, 0.0)	(25, 0.0)	(30, 0.0)	(35, 0.0)	(40, 0.0002583075549374791)	(45, 6.981285268580516e-06)	(50, 0.0)	(55, 0.0)	(60, 0.0)	(65, 1.3962570537161031e-05)	(70, 0.46724346045555676)	(75, 0.0024294872734660195)	(80, 0.00014660699064019084)	(85, 0.0)	(90, 0.001110024357704302)	(95, 0.00799357163252469)	(100, 0.0005794466772921829)	(105, 0.0)	(110, 0.0)	(115, 0.0)	(120, 0.0)	(125, 6.981285268580516e-06)	(130, 0.000635296959440827)	(135, 0.0)	(140, 0.0)	(145, 0.0)	(150, 6.981285268580516e-06)	(155, 0.0)	(160, 6.981285268580517e-05)	(165, 0.0)	(170, 6.981285268580516e-06)	(175, 0.0)	(180, 1.3962570537161031e-05)	(185, 2.7925141074322062e-05)	(190, 0.0006073719455736093)	(195, 6.981305738745018e-06)	(200, 0.6143434299712858)	(205, 0.0011519250972224782)	(210, 0.00010472146498906603)	(215, 0.0)	(220, 0.01098216741766167)	(225, 0.0)	(230, 0.0)	(235, 0.0)	(240, 0.0)	(245, 0.0)	(250, 0.0)
052022_BEL_CBC_T2_46_PSTR_S68_R1_16S	(1, 0.00015522768019993327)	(2, 0.0004656830405997997)	(3, 0.0006209107207997331)	(4, 0.0)	(5, 0.0)	(6, 0.0)	(7, 0.0)	(8, 0.0)	(9, 0.0)	(10, 0.0)	(15, 0.0)	(20, 0.0)	(25, 0.0)	(30, 0.0)	(35, 0.0)	(40, 9.313660811995994e-05)	(45, 0.0)	(50, 0.0)	(55, 0.0)	(60, 0.0)	(65, 0.0)	(70, 0.002080050914679106)	(75, 0.46673858882515934)	(80, 0.0)	(85, 0.0)	(90, 0.00034150089643985313)	(95, 0.005432968806997664)	(100, 0.0003725464324798398)	(105, 0.0)	(110, 0.0)	(115, 0.0)	(120, 0.0)	(125, 0.0)	(130, 0.000527774112679773)	(135, 0.0)	(140, 0.0)	(145, 0.0)	(150, 0.0)	(155, 0.0)	(160, 0.0)	(165, 0.0)	(170, 0.0)	(175, 0.0)	(180, 6.20910720799733e-05)	(185, 0.0)	(190, 0.0004035919685198265)	(195, 3.104556495477282e-05)	(200, 0.6090539732094488)	(205, 0.003135638079064649)	(210, 0.0)	(215, 0.0)	(220, 0.006706139750363948)	(225, 0.0)	(230, 0.0)	(235, 0.0)	(240, 0.0)	(245, 0.0)	(250, 0.0)
052022_BEL_CBC_T3_50_MCAV_S47_R1_16S	(1, 0.0)	(2, 0.0003461093844098489)	(3, 0.0006922187688196978)	(4, 0.0006922187688196978)	(5, 0.0)	(6, 0.0)	(7, 0.0)	(8, 0.0)	(9, 0.0)	(10, 0.00013844375376393953)	(15, 0.0)	(20, 0.0)	(25, 0.0)	(30, 0.0)	(35, 0.0)	(40, 0.0005537750150557581)	(45, 0.0)	(50, 0.0)	(55, 0.0)	(60, 6.922187688196977e-05)	(65, 0.0)	(70, 0.0035303157209804585)	(75, 0.45721049680541037)	(80, 0.0)	(85, 6.922187688196977e-05)	(90, 0.008375847102718343)	(95, 0.012875269100046379)	(100, 0.0007614406457016675)	(105, 0.0)	(110, 0.0)	(115, 0.0)	(120, 0.0)	(125, 0.0)	(130, 0.0008306625225836373)	(135, 0.0)	(140, 0.0)	(145, 0.0)	(150, 0.0)	(155, 0.0)	(160, 0.00020766563064590933)	(165, 0.0)	(170, 0.0)	(175, 0.0)	(180, 0.0)	(185, 0.0)	(190, 0.0008306625225836373)	(195, 0.0)	(200, 0.0067145452972224625)	(205, 0.5740590118542874)	(210, 0.0)	(215, 6.922432071904686e-05)	(220, 0.029559685296652555)	(225, 0.0)	(230, 0.0)	(235, 0.0)	(240, 0.0)	(245, 0.0)	(250, 0.0)
052022_BEL_CBC_T3_54_PAST_S93_R1_16S	(1, 0.0)	(2, 0.0001709617968768699)	(3, 0.002051541562522439)	(4, 0.0)	(5, 0.0)	(6, 0.0)	(7, 0.0)	(8, 0.0)	(9, 0.0)	(10, 0.0)	(15, 0.0)	(20, 0.0)	(25, 0.0)	(30, 0.0)	(35, 0.0)	(40, 3.4192359375373976e-05)	(45, 0.0)	(50, 0.0)	(55, 0.0)	(60, 0.0)	(65, 0.0)	(70, 0.0006838471875074796)	(75, 0.4596478870831524)	(80, 0.0)	(85, 0.0)	(90, 0.00010257707812612195)	(95, 0.010189323093861447)	(100, 0.0005128853906306097)	(105, 0.0)	(110, 0.0)	(115, 0.0)	(120, 0.0)	(125, 0.0)	(130, 0.0005470777500059836)	(135, 0.0)	(140, 0.0)	(145, 0.0)	(150, 0.0)	(155, 0.0)	(160, 0.0)	(165, 0.0)	(170, 3.4192359375373976e-05)	(175, 0.0)	(180, 3.4192359375373976e-05)	(185, 3.4192359375373976e-05)	(190, 0.0005128853906306097)	(195, 0.0)	(200, 0.6073278021209629)	(205, 0.001162548963826947)	(210, 0.00010257932288072829)	(215, 0.0)	(220, 0.01159180039124891)	(225, 0.0)	(230, 0.0)	(235, 0.0)	(240, 0.0)	(245, 0.0)	(250, 0.0)
052022_BEL_CBC_T3_60_MCAV_S80_R1_16S	(1, 0.0)	(2, 0.0007357044738189053)	(3, 0.0007357044738189053)	(4, 0.0007357044738189053)	(5, 0.0)	(6, 0.0)	(7, 0.0)	(8, 0.0)	(9, 0.0)	(10, 0.0)	(15, 0.0)	(20, 0.0)	(25, 0.0)	(30, 0.0)	(35, 0.0)	(40, 0.00012612076694038375)	(45, 0.0)	(50, 0.0)	(55, 0.0)	(60, 0.0)	(65, 4.204025564679459e-05)	(70, 0.0014503888198144133)	(75, 0.46902211212346384)	(80, 0.0)	(85, 0.0)	(90, 0.00012612076694038375)	(95, 0.014335727175556954)	(100, 0.000504483067761535)	(105, 0.0)	(110, 0.0)	(115, 0.0)	(120, 6.306038347019188e-05)	(125, 0.0)	(130, 0.0006306038347019189)	(135, 0.0)	(140, 0.0)	(145, 0.0)	(150, 6.306038347019188e-05)	(155, 0.0)	(160, 2.1020127823397295e-05)	(165, 0.0)	(170, 0.0)	(175, 0.0)	(180, 0.0)	(185, 2.1020127823397295e-05)	(190, 0.0005675434512317269)	(195, 4.204028215755773e-05)	(200, 0.6141036797874443)	(205, 0.001702632143172445)	(210, 6.30606883452497e-05)	(215, 0.0)	(220, 0.01887667393846036)	(225, 0.0)	(230, 0.0)	(235, 0.0)	(240, 0.0021088000224938667)	(245, 0.0)	(250, 0.0)
062019_BEL_CBC_T1_18_PAST_S42_R1_16S	(1, 0.0)	(2, 0.0002992479898016285)	(3, 0.000598495979603257)	(4, 0.000598495979603257)	(5, 0.0)	(6, 0.0)	(7, 0.0)	(8, 0.0)	(9, 0.0)	(10, 0.0)	(15, 0.0)	(20, 0.0)	(25, 0.0)	(30, 0.0)	(35, 0.0)	(40, 0.00011969919592065141)	(45, 0.0)	(50, 5.984959796032571e-05)	(55, 0.0)	(60, 0.0)	(65, 0.0)	(70, 0.0014363903510478167)	(75, 0.46329573781088124)	(80, 0.0001795487938809771)	(85, 0.0)	(90, 0.006703154971556479)	(95, 0.016458639439089567)	(100, 0.0003590975877619542)	(105, 0.0)	(110, 0.0)	(115, 0.0)	(120, 0.0)	(125, 0.0)	(130, 0.00047879678368260565)	(135, 0.0)	(140, 0.0)	(145, 0.0)	(150, 0.0)	(155, 0.0)	(160, 0.0)	(165, 0.0)	(170, 0.0)	(175, 0.0)	(180, 0.0)	(185, 0.0)	(190, 0.0005386463816429313)	(195, 0.0)	(200, 0.005566035929061171)	(205, 0.588685578101088)	(210, 0.0)	(215, 0.0)	(220, 0.031602327798736264)	(225, 0.0)	(230, 0.0)	(235, 0.0)	(240, 0.0)	(245, 0.0)	(250, 0.0)
062019_BEL_CBC_T1_1_PAST_S7_R1_16S	(1, 0.0)	(2, 0.00021056266555489578)	(3, 0.0012633759933293749)	(4, 0.00042112533110979155)	(5, 0.0)	(6, 0.0)	(7, 0.0)	(8, 0.0)	(9, 0.0)	(10, 0.00016845013244391662)	(15, 0.0)	(20, 0.0)	(25, 0.0)	(30, 0.0)	(35, 0.0)	(40, 0.00033690026488783324)	(45, 0.0)	(50, 0.0)	(55, 0.0)	(60, 0.0)	(65, 0.0)	(70, 0.470902345246969)	(75, 0.0029899898508795202)	(80, 8.422506622195831e-05)	(85, 0.0)	(90, 0.0014739386588842704)	(95, 0.010275458079078915)	(100, 0.000547462930442729)	(105, 0.0)	(110, 0.0)	(115, 0.0)	(120, 0.0)	(125, 4.2112533110979155e-05)	(130, 0.0006738005297756665)	(135, 0.0)	(140, 0.0)	(145, 0.0)	(150, 0.0)	(155, 0.0)	(160, 0.00016845013244391662)	(165, 0.0)	(170, 0.0)	(175, 0.0)	(180, 0.0)	(185, 8.422506622195831e-05)	(190, 0.0006316890607457468)	(195, 0.0)	(200, 0.6158141650312897)	(205, 0.0013476180850347011)	(210, 0.0002105683407972791)	(215, 0.0)	(220, 0.015540598022427314)	(225, 0.0)	(230, 0.0)	(235, 0.0)	(240, 0.0)	(245, 0.0)	(250, 0.0)
062019_BEL_CBC_T1_24_MCAV_S69_R1_16S	(1, 0.0)	(2, 0.0003335490283716803)	(3, 0.0011674215993008811)	(4, 0.00016677451418584016)	(5, 0.0)	(6, 0.0)	(7, 0.0)	(8, 0.0)	(9, 0.0)	(10, 0.0)	(15, 0.0)	(20, 0.0)	(25, 0.0)	(30, 0.0)	(35, 0.0)	(40, 0.0002001294170230082)	(45, 0.0)	(50, 0.0)	(55, 0.0)	(60, 0.0)	(65, 0.0)	(70, 0.0013675510163238893)	(75, 0.46923677311327994)	(80, 0.0)	(85, 3.3354902837168036e-05)	(90, 0.0)	(95, 0.010106535559661916)	(100, 0.0004336137368831845)	(105, 0.0)	(110, 0.0)	(115, 0.0)	(120, 0.0)	(125, 0.0)	(130, 0.0005670333482318566)	(135, 0.0)	(140, 0.0)	(145, 0.0)	(150, 0.0)	(155, 0.0)	(160, 0.0)	(165, 0.0)	(170, 0.0)	(175, 0.0)	(180, 0.0)	(185, 0.0)	(190, 0.0005003243769710696)	(195, 0.0)	(200, 0.617171942909177)	(205, 0.003669087041084769)	(210, 3.335559263214985e-05)	(215, 0.0)	(220, 0.014309935865469258)	(225, 0.0)	(230, 0.0)	(235, 0.0)	(240, 0.0)	(245, 0.0)	(250, 0.0)
062019_BEL_CBC_T1_3_MCAV_S23_R1_16S	(1, 0.00021264967879266019)	(2, 0.00021264967879266019)	(3, 0.001063248393963301)	(4, 0.0006379490363779806)	(5, 0.0)	(6, 0.0)	(7, 0.0)	(8, 0.0)	(9, 0.0)	(10, 4.252993575853204e-05)	(15, 0.0)	(20, 0.0)	(25, 0.0)	(30, 0.0)	(35, 0.0)	(40, 0.00029770955030972423)	(45, 0.0)	(50, 0.0)	(55, 0.0)	(60, 0.0)	(65, 0.0)	(70, 0.46510737745530634)	(75, 0.003827694218267883)	(80, 8.505987151706408e-05)	(85, 0.0)	(90, 0.0015736076230656855)	(95, 0.011185373104493926)	(100, 0.0006379490363779806)	(105, 0.0)	(110, 0.0)	(115, 0.0)	(120, 0.0)	(125, 0.0)	(130, 0.0007230089078950447)	(135, 0.0)	(140, 0.0)	(145, 0.0)	(150, 0.0)	(155, 0.0)	(160, 8.505987151706408e-05)	(165, 0.0)	(170, 0.0)	(175, 0.0)	(180, 0.0)	(185, 4.252993575853204e-05)	(190, 0.0007230095228860158)	(195, 0.0)	(200, 0.6143042209385705)	(205, 0.0014034968336260828)	(210, 0.00012759110962160303)	(215, 0.0)	(220, 0.016162379170265986)	(225, 0.0)	(230, 0.0)	(235, 0.0)	(240, 0.0)	(245, 0.0)	(250, 0.0)
062019_BEL_CBC_T1_6_MCAV_S9_R1_16S	(1, 0.00029496280224100937)	(2, 0.0003539553626892113)	(3, 0.0009438809671712301)	(4, 0.00011798512089640376)	(5, 0.0)	(6, 0.0)	(7, 0.0)	(8, 0.0)	(9, 0.0)	(10, 0.0)	(15, 0.0)	(20, 0.0)	(25, 0.0)	(30, 0.0)	(35, 0.0)	(40, 0.0002005747055238864)	(45, 0.0)	(50, 3.5395536268921125e-05)	(55, 0.0)	(60, 2.359702417928075e-05)	(65, 1.1798512089640375e-05)	(70, 0.4694391990226113)	(75, 0.0027844488531551287)	(80, 0.00016517916925496527)	(85, 3.5395536268921125e-05)	(90, 0.00029496280224100937)	(95, 0.009792765034401511)	(100, 0.0005427315561234573)	(105, 0.0)	(110, 0.0)	(115, 0.0)	(120, 1.1798512089640375e-05)	(125, 0.0)	(130, 0.0006725151891095014)	(135, 0.0)	(140, 0.0)	(145, 0.0)	(150, 1.1798512089640375e-05)	(155, 0.0)	(160, 0.0)	(165, 0.0)	(170, 0.0)	(175, 0.0)	(180, 2.359702417928075e-05)	(185, 0.0)	(190, 0.0006017243295552124)	(195, 1.1798527402197877e-05)	(200, 0.6167465331383424)	(205, 0.0015692206223906545)	(210, 0.00011798847582958878)	(215, 0.0)	(220, 0.013285985197099831)	(225, 0.0)	(230, 0.0)	(235, 0.0)	(240, 0.0005357649920438898)	(245, 0.0)	(250, 0.0)
062019_BEL_CBC_T1_8_PAST_S29_R1_16S	(1, 0.0)	(2, 0.0)	(3, 0.0012464437402037313)	(4, 0.0009348328051527984)	(5, 0.0)	(6, 0.0)	(7, 0.0)	(8, 0.0)	(9, 0.0)	(10, 0.0)	(15, 0.0)	(20, 0.0)	(25, 0.0)	(30, 0.0)	(35, 0.0)	(40, 0.0)	(45, 0.0)	(50, 0.0)	(55, 0.0)	(60, 0.0)	(65, 0.0)	(70, 0.4475979471071599)	(75, 0.01302533708512899)	(80, 0.0002492887480407462)	(85, 0.0)	(90, 0.0033030759115398878)	(95, 0.01377320332925123)	(100, 0.0003116109350509328)	(105, 0.0)	(110, 0.0)	(115, 0.0)	(120, 0.0)	(125, 0.0)	(130, 0.00037393312206111936)	(135, 0.0)	(140, 0.0)	(145, 0.0)	(150, 0.0)	(155, 0.0)	(160, 0.0)	(165, 0.0)	(170, 0.0)	(175, 0.0)	(180, 0.0)	(185, 0.0001246443740203731)	(190, 0.00043625558095532495)	(195, 6.232238121354141e-05)	(200, 0.5920640974824188)	(205, 0.009099164061044173)	(210, 6.232389604124845e-05)	(215, 0.0)	(220, 0.020194125379341035)	(225, 0.0)	(230, 0.0)	(235, 0.0)	(240, 0.0)	(245, 0.0)	(250, 0.0)
062019_BEL_CBC_T1_9_MCAV_S76_R1_16S	(1, 0.0)	(2, 0.00028402232415467856)	(3, 0.00014201116207733928)	(4, 0.0007100558103866964)	(5, 0.0)	(6, 0.0)	(7, 0.0)	(8, 0.0)	(9, 0.0)	(10, 0.0)	(15, 0.0)	(20, 0.0)	(25, 0.0)	(30, 0.0)	(35, 0.0)	(40, 0.00011360892966187142)	(45, 0.0)	(50, 0.0)	(55, 0.0)	(60, 0.0)	(65, 0.0)	(70, 0.0010792848317877784)	(75, 0.47514094607836177)	(80, 0.0)	(85, 0.0)	(90, 0.0)	(95, 0.01127568626894074)	(100, 0.0004544357186474857)	(105, 0.0)	(110, 0.0)	(115, 0.0)	(120, 0.0)	(125, 0.0)	(130, 0.0005964468807248249)	(135, 0.0)	(140, 0.0)	(145, 0.0)	(150, 2.8402232415467856e-05)	(155, 0.0)	(160, 0.0)	(165, 0.0)	(170, 0.0)	(175, 2.8402232415467856e-05)	(180, 0.0)	(185, 2.8402232415467856e-05)	(190, 0.0005964468807248249)	(195, 0.0)	(200, 0.616840033991811)	(205, 0.0008236682491511247)	(210, 0.0)	(215, 0.0)	(220, 0.014485624012279265)	(225, 0.0)	(230, 0.0)	(235, 0.0)	(240, 0.0)	(245, 0.0)	(250, 0.0)
062019_BEL_CBC_T2_22_PAST_S60_R1_16S	(1, 0.0)	(2, 0.0002545423074769257)	(3, 0.0012727115373846287)	(4, 8.484743582564192e-05)	(5, 0.0)	(6, 0.0)	(7, 0.0)	(8, 0.0)	(9, 0.0)	(10, 0.0)	(15, 0.0)	(20, 0.0)	(25, 0.0)	(30, 0.0)	(35, 0.0)	(40, 6.787794866051354e-05)	(45, 0.0)	(50, 3.393897433025677e-05)	(55, 3.393897433025677e-05)	(60, 1.6969487165128384e-05)	(65, 0.0)	(70, 0.0016121012806871965)	(75, 0.46216398294227146)	(80, 6.787794866051354e-05)	(85, 0.0)	(90, 0.0015781623063569397)	(95, 0.006261740763932373)	(100, 0.00027151179464205414)	(105, 0.0)	(110, 0.0)	(115, 0.0)	(120, 0.0)	(125, 0.0)	(130, 0.00040726852129963455)	(135, 0.0)	(140, 0.0)	(145, 0.0)	(150, 0.0)	(155, 0.0)	(160, 0.0)	(165, 0.0)	(170, 0.0)	(175, 0.0)	(180, 1.696954475802278e-05)	(185, 0.0)	(190, 0.00030545180564441)	(195, 0.0)	(200, 0.0037333137843447903)	(205, 0.6016618458486521)	(210, 3.394015502165806e-05)	(215, 1.697031366061036e-05)	(220, 0.009045249326442878)	(225, 0.0)	(230, 0.0)	(235, 0.0)	(240, 0.0)	(245, 0.0)	(250, 0.0)
062019_BEL_CBC_T2_5_MCAV_S20_R1_16S	(1, 0.0)	(2, 0.0007589124784184263)	(3, 0.0015178249568368527)	(4, 0.0007589124784184263)	(5, 0.0)	(6, 0.0)	(7, 0.0)	(8, 0.0)	(9, 0.0)	(10, 0.0)	(15, 0.0)	(20, 0.0)	(25, 0.0)	(30, 0.0)	(35, 0.0)	(40, 0.0)	(45, 0.0)	(50, 0.0)	(55, 0.0)	(60, 0.0)	(65, 7.589124784184264e-05)	(70, 0.4604322006564593)	(75, 0.00804447227123532)	(80, 0.00015178249568368528)	(85, 0.0)	(90, 0.0014419337089950101)	(95, 0.012066708406852979)	(100, 0.00015178249568368528)	(105, 0.0)	(110, 0.0)	(115, 0.0)	(120, 0.0)	(125, 0.0)	(130, 0.00015178249568368528)	(135, 0.0)	(140, 0.0)	(145, 0.0)	(150, 0.0)	(155, 0.0)	(160, 0.0)	(165, 0.0)	(170, 0.0)	(175, 0.0)	(180, 0.00015178249568368528)	(185, 0.0)	(190, 0.00015178249568368528)	(195, 7.589124784184264e-05)	(200, 0.5988578367199803)	(205, 0.003946350877645668)	(210, 0.0)	(215, 0.0)	(220, 0.013736983070117054)	(225, 0.0)	(230, 0.0)	(235, 0.0)	(240, 0.0)	(245, 0.0)	(250, 0.0)
062019_BEL_CBC_T3_11_MCAV_S13_R1_16S	(1, 0.0)	(2, 0.0008171225302471524)	(3, 0.001089496706996203)	(4, 0.0005447483534981015)	(5, 0.0)	(6, 0.0)	(7, 0.0)	(8, 0.0)	(9, 0.0)	(10, 0.0)	(15, 0.0)	(20, 0.0)	(25, 0.0)	(30, 0.0)	(35, 0.0)	(40, 0.0001089496706996203)	(45, 5.447483534981015e-05)	(50, 0.0)	(55, 0.0)	(60, 0.0)	(65, 5.447483534981015e-05)	(70, 0.4613473805775422)	(75, 0.008498074314570385)	(80, 0.00027237417674905076)	(85, 0.0)	(90, 0.0018521444018935454)	(95, 0.011221816082060892)	(100, 0.0004357986827984812)	(105, 0.0)	(110, 0.0)	(115, 0.0)	(120, 0.0)	(125, 0.0)	(130, 0.000708172859547532)	(135, 0.0)	(140, 0.0)	(145, 0.0)	(150, 0.0)	(155, 0.0)	(160, 0.0)	(165, 0.0)	(170, 0.0)	(175, 0.0)	(180, 0.0)	(185, 5.447483534981015e-05)	(190, 0.0005447483534981015)	(195, 0.0001089496706996203)	(200, 0.6143153954182106)	(205, 0.005502003328439638)	(210, 0.00016342682073820983)	(215, 0.0)	(220, 0.018358989612734276)	(225, 0.0)	(230, 0.0)	(235, 0.0)	(240, 0.0)	(245, 0.0)	(250, 0.0)
062019_BEL_CBC_T3_14_MCAV_S33_R1_16S	(1, 0.0)	(2, 0.0004002374742347126)	(3, 0.0013341249141157086)	(4, 0.0004002374742347126)	(5, 0.0)	(6, 0.0)	(7, 0.0)	(8, 0.0)	(9, 0.0)	(10, 0.0)	(15, 0.0)	(20, 0.0)	(25, 0.0)	(30, 0.0)	(35, 0.0)	(40, 0.00021345998625851338)	(45, 0.0)	(50, 0.0)	(55, 0.0)	(60, 0.0)	(65, 0.0)	(70, 0.0013341249141157086)	(75, 0.4708393646897159)	(80, 5.3364996564628345e-05)	(85, 0.0)	(90, 0.002134599862585134)	(95, 0.009285509402245332)	(100, 0.000613697460493226)	(105, 0.0)	(110, 0.0)	(115, 0.0)	(120, 0.0)	(125, 0.0)	(130, 0.0007471099519047969)	(135, 0.0)	(140, 0.0)	(145, 0.0)	(150, 0.0)	(155, 0.0)	(160, 0.0)	(165, 0.0)	(170, 0.0)	(175, 0.0)	(180, 0.0)	(185, 0.0)	(190, 0.0006937449553401686)	(195, 0.0)	(200, 0.004269205420823583)	(205, 0.6088955856137345)	(210, 0.0)	(215, 0.0)	(220, 0.014729128131674136)	(225, 0.0)	(230, 0.0)	(235, 0.0)	(240, 0.0)	(245, 0.0)	(250, 0.0)
062024_BEL_CBC_T1_1356_PAST_S37_R1_16S	(1, 0.0001319979540317125)	(2, 0.00039599386209513755)	(3, 0.0014519774943488376)	(4, 0.00032999488507928125)	(5, 0.0)	(6, 0.0)	(7, 0.0)	(8, 0.0)	(9, 0.0)	(10, 0.0)	(15, 0.0)	(20, 0.0)	(25, 0.0)	(30, 0.0)	(35, 0.0)	(40, 6.599897701585625e-05)	(45, 0.0)	(50, 0.0)	(55, 0.0)	(60, 0.0)	(65, 0.0)	(70, 0.0006731895655617338)	(75, 0.47754219809592946)	(80, 5.2799181612685e-05)	(85, 0.0)	(90, 0.0005675912023363638)	(95, 0.004949923276189219)	(100, 0.000263995908063425)	(105, 0.0)	(110, 0.0)	(115, 0.0)	(120, 0.0)	(125, 0.0)	(130, 0.0004223940104529318)	(135, 0.0)	(140, 0.0)	(145, 0.0)	(150, 0.0)	(155, 0.0)	(160, 0.0)	(165, 0.0)	(170, 0.0)	(175, 0.0)	(180, 1.3199812826654119e-05)	(185, 0.0)	(190, 0.000329995320666353)	(195, 0.0)	(200, 0.0027719632548550937)	(205, 0.6215281916481109)	(210, 9.239938498969351e-05)	(215, 0.0)	(220, 0.006336076590493825)	(225, 0.0)	(230, 0.0)	(235, 0.0)	(240, 0.0)	(245, 0.0)	(250, 0.0)
062024_BEL_CBC_T2_1372_OFAV_S67_R1_16S	(1, 0.0)	(2, 0.00013179675885410626)	(3, 0.0006589837942705313)	(4, 0.0002635935177082125)	(5, 0.0)	(6, 0.0)	(7, 0.0)	(8, 0.0)	(9, 0.0)	(10, 0.0)	(15, 0.0)	(20, 0.0)	(25, 0.0)	(30, 0.0)	(35, 0.0)	(40, 0.00023723416593739128)	(45, 2.635935177082125e-05)	(50, 0.0)	(55, 0.0)	(60, 0.0)	(65, 5.27187035416425e-05)	(70, 0.0021087481416657)	(75, 0.46877471189228515)	(80, 5.27187035416425e-05)	(85, 0.0)	(90, 0.00013179675885410626)	(95, 0.008698586084371013)	(100, 0.00042174962833314)	(105, 0.0)	(110, 0.0)	(115, 0.0)	(120, 2.635935177082125e-05)	(125, 0.0)	(130, 0.0005535463871872463)	(135, 0.0)	(140, 0.0)	(145, 0.0)	(150, 2.635935177082125e-05)	(155, 0.0)	(160, 0.0)	(165, 0.0)	(170, 0.0)	(175, 0.0)	(180, 0.0)	(185, 0.0)	(190, 0.0004481095706978516)	(195, 2.6359414304357924e-05)	(200, 0.5994691184572276)	(205, 0.0038748635230891784)	(210, 5.271949564312908e-05)	(215, 0.0)	(220, 0.011018606947574365)	(225, 0.0)	(230, 0.0)	(235, 0.0)	(240, 0.0014519899522295306)	(245, 0.0)	(250, 0.0)
062024_BEL_CBC_T2_1384_MCAV_S91_R1_16S	(1, 0.0)	(2, 0.0004588755713000863)	(3, 0.0009177511426001726)	(4, 0.0009177511426001726)	(5, 0.0)	(6, 0.0)	(7, 0.0)	(8, 0.0)	(9, 0.0)	(10, 0.0)	(15, 0.0)	(20, 0.0)	(25, 0.0)	(30, 0.0)	(35, 0.0)	(40, 0.0)	(45, 0.0)	(50, 0.0)	(55, 0.0)	(60, 0.0)	(65, 0.0)	(70, 0.0023861529707604485)	(75, 0.4626383509847469)	(80, 0.0)	(85, 0.0)	(90, 0.0005506506855601036)	(95, 0.00569005708412107)	(100, 0.0004588755713000863)	(105, 0.0)	(110, 0.0)	(115, 0.0)	(120, 0.0)	(125, 0.0)	(130, 0.0005506506855601036)	(135, 0.0)	(140, 0.0)	(145, 0.0)	(150, 0.0)	(155, 0.0)	(160, 0.0)	(165, 0.0)	(170, 0.0)	(175, 0.0)	(180, 0.0)	(185, 0.0)	(190, 0.0005506506855601036)	(195, 0.0)	(200, 0.6156274664561957)	(205, 0.002936811742107548)	(210, 0.0)	(215, 0.0)	(220, 0.006424658942391001)	(225, 0.0)	(230, 0.0)	(235, 0.0)	(240, 0.0)	(245, 0.0)	(250, 0.0)
062024_BEL_CBC_T2_1393_PAST_S55_R1_16S	(1, 0.0)	(2, 0.0010344502982837435)	(3, 0.0012413403579404922)	(4, 0.0006206701789702461)	(5, 0.0)	(6, 0.0)	(7, 0.0)	(8, 0.0)	(9, 0.0)	(10, 0.00012413403579404923)	(15, 0.0)	(20, 0.0)	(25, 0.0)	(30, 0.0)	(35, 0.0)	(40, 0.00033102409545079795)	(45, 0.0)	(50, 0.0)	(55, 0.0)	(60, 0.0)	(65, 2.0689005965674872e-05)	(70, 0.002710259781503408)	(75, 0.4688542531941239)	(80, 6.206701789702462e-05)	(85, 0.0)	(90, 0.0015309864414599405)	(95, 0.006703237932878658)	(100, 0.0005999811730045713)	(105, 0.0)	(110, 0.0)	(115, 0.0)	(120, 0.0)	(125, 0.0)	(130, 0.0007448042147642953)	(135, 0.0)	(140, 0.0)	(145, 0.0)	(150, 0.0)	(155, 0.0)	(160, 0.00014482304175972408)	(165, 0.0)	(170, 0.0)	(175, 0.0)	(180, 0.0)	(185, 0.0)	(190, 0.0006206708210233621)	(195, 2.06890273674454e-05)	(200, 0.005213642447159631)	(205, 0.6084666867075166)	(210, 2.0689168620241415e-05)	(215, 0.0)	(220, 0.010096571220965116)	(225, 0.0)	(230, 0.0)	(235, 0.0)	(240, 0.0)	(245, 0.0)	(250, 0.0)
062024_BEL_CBC_T2_1399_PAST_S44_R1_16S	(1, 0.0)	(2, 0.0003639751914509507)	(3, 0.0018198759572547534)	(4, 0.000545962787176426)	(5, 0.0)	(6, 0.0)	(7, 0.0)	(8, 0.0)	(9, 0.0)	(10, 0.0)	(15, 0.0)	(20, 0.0)	(25, 0.0)	(30, 0.0)	(35, 0.0)	(40, 0.0001091925574352852)	(45, 0.0)	(50, 0.0)	(55, 0.0)	(60, 7.279503829019013e-05)	(65, 0.0)	(70, 0.0008371429403371867)	(75, 0.46112017004920947)	(80, 0.0)	(85, 0.0)	(90, 0.002001863552980229)	(95, 0.006951926156713159)	(100, 0.000545962787176426)	(105, 0.0)	(110, 0.0)	(115, 0.0)	(120, 0.0)	(125, 0.0)	(130, 0.0008007454211920917)	(135, 0.0)	(140, 0.0)	(145, 0.0)	(150, 0.0)	(155, 0.0)	(160, 0.0)	(165, 0.0)	(170, 0.0)	(175, 0.0)	(180, 0.0)	(185, 0.0)	(190, 0.0006551553446117113)	(195, 0.0)	(200, 0.001965466033835134)	(205, 0.6081661473953935)	(210, 0.0)	(215, 0.0)	(220, 0.013977084860560379)	(225, 0.0)	(230, 0.0)	(235, 0.0)	(240, 0.0)	(245, 0.0)	(250, 0.0)
062024_BEL_CBC_T2_1402_MCAV_S95_R1_16S	(1, 0.0004499295860197879)	(2, 0.0004499295860197879)	(3, 0.0013497887580593637)	(4, 0.0)	(5, 0.0)	(6, 0.0)	(7, 0.0)	(8, 0.0)	(9, 0.0)	(10, 0.0)	(15, 0.0)	(20, 0.0)	(25, 0.0)	(30, 0.0)	(35, 0.0)	(40, 0.0)	(45, 0.0)	(50, 0.0)	(55, 0.0)	(60, 0.0)	(65, 0.0)	(70, 0.004679267694605794)	(75, 0.4609078679186708)	(80, 0.0)	(85, 0.0)	(90, 0.00026995775161187276)	(95, 0.005939070535461201)	(100, 0.00026995775161187276)	(105, 0.0)	(110, 0.0)	(115, 0.0)	(120, 0.0)	(125, 0.0)	(130, 0.000629901420427703)	(135, 0.0)	(140, 0.0)	(145, 0.0)	(150, 0.0)	(155, 0.0)	(160, 0.0)	(165, 0.0)	(170, 0.0)	(175, 0.0)	(180, 0.0)	(185, 0.0)	(190, 0.000449929990893417)	(195, 0.0)	(200, 0.6253149521272766)	(205, 0.0023396443740551437)	(210, 0.0)	(215, 0.0)	(220, 0.00710916893815113)	(225, 0.0)	(230, 0.0)	(235, 0.0)	(240, 0.0)	(245, 0.0)	(250, 0.0)
062024_BEL_CBC_T3_1418_SSID_S21_R1_16S	(1, 0.0)	(2, 0.0)	(3, 0.0006156460281596493)	(4, 0.00030782301407982464)	(5, 0.0)	(6, 0.0)	(7, 0.0)	(8, 0.0)	(9, 0.0)	(10, 0.0)	(15, 0.0)	(20, 0.0)	(25, 0.0)	(30, 0.0)	(35, 0.0)	(40, 0.0001846938084478948)	(45, 0.0)	(50, 0.0)	(55, 0.0)	(60, 0.0)	(65, 6.156460281596493e-05)	(70, 0.46111887509157734)	(75, 0.00898843201113088)	(80, 6.156460281596493e-05)	(85, 0.0)	(90, 0.0011081628506873688)	(95, 0.013790471030776144)	(100, 0.0004925168225277195)	(105, 0.0)	(110, 0.0)	(115, 0.0)	(120, 0.0)	(125, 0.0)	(130, 0.0005540814253436844)	(135, 0.0)	(140, 0.0)	(145, 0.0)	(150, 0.0)	(155, 0.0)	(160, 0.0)	(165, 0.0)	(170, 0.0)	(175, 0.0)	(180, 0.0)	(185, 0.0)	(190, 0.0005540817664619232)	(195, 0.0)	(200, 0.6126342657777488)	(205, 0.004925292546985751)	(210, 0.0002462685694197235)	(215, 0.0)	(220, 0.019086542694441076)	(225, 0.0)	(230, 0.0)	(235, 0.0)	(240, 0.0)	(245, 0.0)	(250, 0.0)
062024_BEL_CBC_T4_1458_MCAV_S58_R1_16S	(1, 3.420483841121262e-05)	(2, 0.00037625322252333884)	(3, 0.0014708080516821426)	(4, 0.00037625322252333884)	(5, 0.0)	(6, 0.0)	(7, 0.0)	(8, 0.0)	(9, 0.0)	(10, 0.0)	(15, 0.0)	(20, 0.0)	(25, 0.0)	(30, 0.0)	(35, 0.0)	(40, 0.0001710241920560631)	(45, 0.0)	(50, 1.3681935364485048e-05)	(55, 6.840967682242524e-06)	(60, 0.0)	(65, 0.0)	(70, 0.0013476706334017772)	(75, 0.46478902626692153)	(80, 2.7363870728970095e-05)	(85, 0.0)	(90, 0.0005678003176261294)	(95, 0.006375781879850032)	(100, 0.0005404364468971594)	(105, 0.0)	(110, 0.0)	(115, 0.0)	(120, 0.0)	(125, 0.0)	(130, 0.0006840967682242524)	(135, 0.0)	(140, 0.0)	(145, 0.0)	(150, 0.0)	(155, 0.0)	(160, 0.0)	(165, 0.0)	(170, 0.0)	(175, 0.0)	(180, 0.0)	(185, 0.0)	(190, 0.0006020051560373421)	(195, 1.3681937236438857e-05)	(200, 0.00217543114582558)	(205, 0.6080550256824645)	(210, 2.7364188964775106e-05)	(215, 0.0)	(220, 0.009112423290943462)	(225, 0.0)	(230, 0.0)	(235, 0.0)	(240, 0.0)	(245, 0.0)	(250, 0.0)
082024_BEL_CBC_T2_1517_MCAV_S28_R1_16S	(1, 0.00012411814061095915)	(2, 0.0002482362812219183)	(3, 0.0011170632654986324)	(4, 0.0)	(5, 0.0)	(6, 0.0)	(7, 0.0)	(8, 0.0)	(9, 0.0)	(10, 0.0)	(15, 0.0)	(20, 0.0)	(25, 0.0)	(30, 0.0)	(35, 0.0)	(40, 0.00014894176873315096)	(45, 0.0)	(50, 0.0)	(55, 0.0)	(60, 0.0)	(65, 0.0)	(70, 0.4723688195371883)	(75, 0.004120722268283843)	(80, 0.00012411814061095915)	(85, 0.0)	(90, 0.0001737653968553428)	(95, 0.00692579224609152)	(100, 0.0003475307937106856)	(105, 0.0)	(110, 0.0)	(115, 0.0)	(120, 0.0)	(125, 0.0)	(130, 0.0005212961905660283)	(135, 0.0)	(140, 0.0)	(145, 0.0)	(150, 0.0)	(155, 0.0)	(160, 0.0)	(165, 0.0)	(170, 0.0)	(175, 0.0)	(180, 0.0)	(185, 2.4823628122191825e-05)	(190, 0.00039717824714317136)	(195, 2.4823658932855727e-05)	(200, 0.617564519952686)	(205, 0.0036739334422273965)	(210, 0.0001489449484576006)	(215, 0.0)	(220, 0.008862519239362494)	(225, 0.0)	(230, 0.0)	(235, 0.0)	(240, 0.0)	(245, 0.0)	(250, 0.0)
082024_BEL_CBC_T3_1559_PSTR_S74_R1_16S	(1, 0.0)	(2, 0.0007726589977685608)	(3, 0.0012362543964296972)	(4, 0.0007726589977685608)	(5, 0.0)	(6, 0.0)	(7, 0.0)	(8, 0.0)	(9, 0.0)	(10, 0.0)	(15, 0.0)	(20, 0.0)	(25, 0.0)	(30, 0.0)	(35, 0.0)	(40, 0.00012362543964296974)	(45, 0.0)	(50, 0.0)	(55, 0.0)	(60, 0.0)	(65, 6.181271982148487e-05)	(70, 0.0015453179955371215)	(75, 0.4692821688847131)	(80, 6.181271982148487e-05)	(85, 0.0)	(90, 0.00012362543964296974)	(95, 0.007232088219113729)	(100, 0.00040178267883965164)	(105, 0.0)	(110, 0.0)	(115, 0.0)	(120, 0.0)	(125, 0.0)	(130, 0.0004945025227355262)	(135, 0.0)	(140, 0.0)	(145, 0.0)	(150, 0.0)	(155, 0.0)	(160, 0.0)	(165, 0.0)	(170, 0.0)	(175, 0.0)	(180, 0.0)	(185, 0.0)	(190, 0.000401783299722615)	(195, 0.0)	(200, 0.6100943730074964)	(205, 0.0025343489273059096)	(210, 3.0906952148002266e-05)	(215, 0.0)	(220, 0.009921398416470634)	(225, 0.0)	(230, 0.0)	(235, 0.0)	(240, 0.0)	(245, 0.0)	(250, 0.0)
082024_BEL_CBC_T3_1564_PAST_S48_R1_16S	(1, 0.0001546118392469785)	(2, 0.000309223678493957)	(3, 0.0010822828747288494)	(4, 0.0001546118392469785)	(5, 0.0)	(6, 0.0)	(7, 0.0)	(8, 0.0)	(9, 0.0)	(10, 0.0)	(15, 0.0)	(20, 0.0)	(25, 0.0)	(30, 0.0)	(35, 0.0)	(40, 0.0001855342070963742)	(45, 0.0)	(50, 0.0)	(55, 0.0)	(60, 0.0)	(65, 0.0)	(70, 0.0015770407603191805)	(75, 0.45975376518481526)	(80, 0.0001236894713975828)	(85, 0.0)	(90, 0.0023191775887046774)	(95, 0.008101660376541673)	(100, 0.00046383551774093547)	(105, 0.0)	(110, 0.0)	(115, 0.0)	(120, 0.0)	(125, 0.0)	(130, 0.0007112144605361011)	(135, 0.0)	(140, 0.0)	(145, 0.0)	(150, 0.0)	(155, 0.0)	(160, 0.0)	(165, 0.0)	(170, 0.0)	(175, 0.0)	(180, 0.0)	(185, 0.0)	(190, 0.0005566026212891226)	(195, 3.09223678493957e-05)	(200, 0.004360068697366086)	(205, 0.6074727340756797)	(210, 0.0)	(215, 3.092272164479193e-05)	(220, 0.013296873101136945)	(225, 0.0)	(230, 0.0)	(235, 0.0)	(240, 0.0)	(245, 0.0)	(250, 0.0)
082024_BEL_CBC_T4_1608_MCAV_S11_R1_16S	(1, 0.00013034937543096763)	(2, 0.0005213975017238705)	(3, 0.0015641925051716114)	(4, 0.00013034937543096763)	(5, 0.0)	(6, 0.0)	(7, 0.0)	(8, 0.0)	(9, 0.0)	(10, 0.0)	(15, 0.0)	(20, 0.0)	(25, 0.0)	(30, 0.0)	(35, 0.0)	(40, 0.00015641925051716114)	(45, 0.0)	(50, 0.0)	(55, 2.6069875086193525e-05)	(60, 2.6069875086193525e-05)	(65, 0.0)	(70, 0.46339202965708987)	(75, 0.005448603893014447)	(80, 0.00013034937543096763)	(85, 0.0)	(90, 0.00018248912560335466)	(95, 0.010323670534132636)	(100, 0.0002867686259481288)	(105, 0.0)	(110, 0.0)	(115, 0.0)	(120, 2.6069875086193525e-05)	(125, 0.0)	(130, 0.0005996071269824511)	(135, 0.0)	(140, 0.0)	(145, 0.0)	(150, 2.6069875086193525e-05)	(155, 0.0)	(160, 0.0)	(165, 0.0)	(170, 0.0)	(175, 0.0)	(180, 0.0)	(185, 0.0)	(190, 0.0004171181101212667)	(195, 0.0)	(200, 0.613454228821999)	(205, 0.002893800644770068)	(210, 0.00013035209404121473)	(215, 0.0)	(220, 0.011836306488381647)	(225, 0.0)	(230, 0.0)	(235, 0.0)	(240, 0.001206942332295363)	(245, 0.0)	(250, 0.0)
092023_BEL_CBC_T1_188_SSID_S3_R1_16S	(1, 0.0)	(2, 0.00025514695188693927)	(3, 0.0005102939037738785)	(4, 0.00025514695188693927)	(5, 0.0)	(6, 0.0)	(7, 0.0)	(8, 0.0)	(9, 0.0)	(10, 0.0)	(15, 0.0)	(20, 0.0)	(25, 0.0)	(30, 0.0)	(35, 0.0)	(40, 0.00010205878075477571)	(45, 0.0)	(50, 0.0)	(55, 5.1029390377387855e-05)	(60, 0.0)	(65, 0.0)	(70, 0.4426799615238396)	(75, 0.006633820749060421)	(80, 0.00015308817113216357)	(85, 0.0)	(90, 0.002806616470756332)	(95, 0.022708078717937598)	(100, 0.00020411756150955142)	(105, 0.0)	(110, 0.0)	(115, 0.0)	(120, 5.1029390377387855e-05)	(125, 0.0)	(130, 0.0005102952057765418)	(135, 0.0)	(140, 0.0)	(145, 0.0)	(150, 0.00010205904115530833)	(155, 0.0)	(160, 0.0)	(165, 0.0)	(170, 0.0)	(175, 5.102952057765417e-05)	(180, 0.0)	(185, 0.0)	(190, 0.0003572066440435792)	(195, 0.0)	(200, 0.5878099474037927)	(205, 0.0019391346458553294)	(210, 0.0003572110188372679)	(215, 0.0)	(220, 0.031537515098968086)	(225, 0.0)	(230, 0.0)	(235, 0.0)	(240, 0.001950249144328188)	(245, 0.0)	(250, 0.0)
092023_BEL_CBC_T1_194_SSID_S39_R1_16S	(1, 0.0)	(2, 0.00041816246866395007)	(3, 0.00125448740599185)	(4, 0.00020908123433197503)	(5, 0.0)	(6, 0.0)	(7, 0.0)	(8, 0.0)	(9, 0.0)	(10, 0.0)	(15, 0.0)	(20, 0.0)	(25, 0.0)	(30, 0.0)	(35, 0.0)	(40, 0.000376346221797555)	(45, 0.0)	(50, 0.0)	(55, 0.0)	(60, 0.0)	(65, 4.1816246866394996e-05)	(70, 0.00727602695475273)	(75, 0.451824547391398)	(80, 8.363249373278999e-05)	(85, 0.0)	(90, 0.00183991486212138)	(95, 0.018357332374347404)	(100, 0.000794508690461505)	(105, 0.0)	(110, 0.0)	(115, 0.0)	(120, 0.0)	(125, 0.0)	(130, 0.00091995743106069)	(135, 0.0)	(140, 0.0)	(145, 0.0)	(150, 0.0)	(155, 0.0)	(160, 8.363249373278999e-05)	(165, 0.0)	(170, 0.0)	(175, 0.0)	(180, 0.0)	(185, 0.0)	(190, 0.0008363249373279001)	(195, 0.0)	(200, 0.011959591634307468)	(205, 0.5829776058986077)	(210, 4.181759333059568e-05)	(215, 0.0)	(220, 0.02826983980284714)	(225, 0.0)	(230, 0.0)	(235, 0.0)	(240, 0.0)	(245, 0.0)	(250, 0.0)
092023_BEL_CBC_T2_173_SSID_S14_R1_16S	(1, 0.00017051853834919298)	(2, 8.525926917459649e-05)	(3, 0.0009378519609205613)	(4, 0.0004262963458729825)	(5, 0.0)	(6, 0.0)	(7, 0.0)	(8, 0.0)	(9, 0.0)	(10, 6.82074153396772e-05)	(15, 0.0)	(20, 0.0)	(25, 0.0)	(30, 0.0)	(35, 0.0)	(40, 0.0002557778075237895)	(45, 0.0)	(50, 0.0)	(55, 0.0)	(60, 0.0)	(65, 3.41037076698386e-05)	(70, 0.4476452668743014)	(75, 0.012345542176481572)	(80, 0.00011936297684443508)	(85, 0.0)	(90, 0.0011254223531046736)	(95, 0.01841600214171284)	(100, 0.0005797630303872561)	(105, 0.0)	(110, 1.70518538349193e-05)	(115, 1.70518538349193e-05)	(120, 6.82074153396772e-05)	(125, 3.41037076698386e-05)	(130, 0.0006820741533967719)	(135, 0.0)	(140, 3.41037076698386e-05)	(145, 6.82074153396772e-05)	(150, 5.115556150475789e-05)	(155, 0.0)	(160, 8.525926917459649e-05)	(165, 0.0)	(170, 0.0)	(175, 0.0)	(180, 0.0)	(185, 0.0)	(190, 0.0006138667380570946)	(195, 1.7051862557895335e-05)	(200, 0.5981470707197477)	(205, 0.001671098773021304)	(210, 0.00011936539897202518)	(215, 0.0)	(220, 0.02609080007694228)	(225, 0.0)	(230, 0.0)	(235, 0.0)	(240, 0.0004098091928398138)	(245, 0.0)	(250, 0.0)
092023_BEL_CBC_T2_192_OFAV_S64_R1_16S	(1, 0.0)	(2, 0.0006006980110888853)	(3, 0.0012013960221777707)	(4, 0.00048055840887110826)	(5, 0.0)	(6, 0.0)	(7, 0.0)	(8, 0.0)	(9, 0.0)	(10, 0.0)	(15, 0.0)	(20, 0.0)	(25, 0.0)	(30, 0.0)	(35, 0.0)	(40, 0.00019222336354844332)	(45, 0.0)	(50, 0.0)	(55, 2.4027920443555415e-05)	(60, 0.0)	(65, 2.4027920443555415e-05)	(70, 0.4367795378229503)	(75, 0.019991229809038103)	(80, 0.00019222336354844332)	(85, 0.0)	(90, 0.0006247259315324407)	(95, 0.02472473013641852)	(100, 0.0006247259315324407)	(105, 0.0)	(110, 0.0)	(115, 0.0)	(120, 0.0)	(125, 0.0)	(130, 0.0007448655337502178)	(135, 0.0)	(140, 0.0)	(145, 0.0)	(150, 0.0)	(155, 0.0)	(160, 0.0)	(165, 0.0)	(170, 2.4027920443555415e-05)	(175, 0.0)	(180, 0.0)	(185, 0.0)	(190, 0.000648754007858093)	(195, 0.0)	(200, 0.5730946123916362)	(205, 0.020303890369564443)	(210, 7.208575321202102e-05)	(215, 0.0)	(220, 0.032343275085802196)	(225, 0.0)	(230, 0.0)	(235, 0.0)	(240, 0.0)	(245, 0.0)	(250, 0.0)
092023_BEL_CBC_T2_196_SSID_S63_R1_16S	(1, 0.0)	(2, 0.0001532233598205448)	(3, 0.0006128934392821792)	(4, 0.0008427284790129964)	(5, 0.0)	(6, 0.0)	(7, 0.0)	(8, 0.0)	(9, 0.0)	(10, 1.532233598205448e-05)	(15, 0.0)	(20, 0.0)	(25, 0.0)	(30, 0.0)	(35, 0.0)	(40, 0.0002911243836590351)	(45, 0.0)	(50, 0.0)	(55, 1.532233598205448e-05)	(60, 0.0)	(65, 0.0)	(70, 0.4489597666101783)	(75, 0.010710312851456082)	(80, 0.0001532233598205448)	(85, 0.0)	(90, 0.00280398748471597)	(95, 0.020639186567827386)	(100, 0.00042902547323424994)	(105, 0.0)	(110, 0.0)	(115, 0.0)	(120, 0.0)	(125, 0.0)	(130, 0.0006128943783795379)	(135, 0.0)	(140, 0.0)	(145, 0.0)	(150, 0.0)	(155, 0.0)	(160, 1.5322359459488447e-05)	(165, 0.0)	(170, 0.0)	(175, 0.0)	(180, 0.0)	(185, 0.0)	(190, 0.0005056382495416695)	(195, 3.0644784656033744e-05)	(200, 0.579830059320651)	(205, 0.010220098321329698)	(210, 6.129059295124471e-05)	(215, 0.0)	(220, 0.028975944756005227)	(225, 0.0)	(230, 0.0)	(235, 0.0)	(240, 0.0)	(245, 0.0)	(250, 0.0)
092023_BEL_CBC_T3_172_PSTR_S57_R1_16S	(1, 0.00013930913812222427)	(2, 0.00027861827624444855)	(3, 0.0011144731049777942)	(4, 0.0009751639668555699)	(5, 0.0)	(6, 0.0)	(7, 0.0)	(8, 0.0)	(9, 0.0)	(10, 0.0)	(15, 0.0)	(20, 0.0)	(25, 0.0)	(30, 0.0)	(35, 0.0)	(40, 0.000195032793371114)	(45, 0.0)	(50, 2.7861827624444854e-05)	(55, 0.0)	(60, 0.0)	(65, 0.0)	(70, 0.003594175763553386)	(75, 0.4610853853569379)	(80, 2.7861827624444854e-05)	(85, 0.0)	(90, 0.001560262346968912)	(95, 0.0039006558674222797)	(100, 0.00044578924199111767)	(105, 0.0)	(110, 0.0)	(115, 0.0)	(120, 0.0)	(125, 0.0)	(130, 0.00047365106961556246)	(135, 0.0)	(140, 0.0)	(145, 0.0)	(150, 0.0)	(155, 0.0)	(160, 0.0)	(165, 0.0)	(170, 0.0)	(175, 0.0)	(180, 0.0)	(185, 0.0)	(190, 0.00044578924199111767)	(195, 0.0)	(200, 0.00813565593308033)	(205, 0.5978884582368267)	(210, 2.786216919246518e-05)	(215, 0.0)	(220, 0.006380532743835263)	(225, 0.0)	(230, 0.0)	(235, 0.0)	(240, 0.0)	(245, 0.0)	(250, 0.0)
092023_BEL_CBC_T3_183_SSID_S79_R1_16S	(1, 0.0)	(2, 0.0006635270777106325)	(3, 0.0006635270777106325)	(4, 0.0009952906165659487)	(5, 0.0)	(6, 0.0)	(7, 0.0)	(8, 0.0)	(9, 0.0)	(10, 0.00019905812331318974)	(15, 0.0)	(20, 0.0)	(25, 0.0)	(30, 0.0)	(35, 0.0)	(40, 0.000265410831084253)	(45, 0.0)	(50, 0.0)	(55, 0.0)	(60, 0.0)	(65, 3.3176353885531626e-05)	(70, 0.003019048203583378)	(75, 0.46981034737301336)	(80, 0.0)	(85, 0.0)	(90, 0.00019905812331318974)	(95, 0.004677865897859959)	(100, 0.0006635270777106325)	(105, 0.0)	(110, 0.0)	(115, 3.3176353885531626e-05)	(120, 3.3176353885531626e-05)	(125, 0.00016588176942765814)	(130, 0.0009952906165659487)	(135, 6.635270777106325e-05)	(140, 3.3176353885531626e-05)	(145, 0.0)	(150, 6.635270777106325e-05)	(155, 0.0)	(160, 0.00019905812331318974)	(165, 0.0)	(170, 0.0)	(175, 0.0)	(180, 0.0)	(185, 3.3176353885531626e-05)	(190, 0.0007298800276292767)	(195, 0.0)	(200, 0.6153910465230854)	(205, 0.0006967108281801615)	(210, 9.953097686004319e-05)	(215, 0.0)	(220, 0.008228096094872602)	(225, 0.0)	(230, 0.0)	(235, 0.0)	(240, 0.0)	(245, 0.0)	(250, 0.0)
092023_BEL_CBC_T3_196_SSID_S25_R1_16S	(1, 0.0)	(2, 0.0001870099171359057)	(3, 0.0009350495856795286)	(4, 0.0011220595028154344)	(5, 0.0)	(6, 0.0)	(7, 0.0)	(8, 0.0)	(9, 0.0)	(10, 0.0)	(15, 0.0)	(20, 0.0)	(25, 0.0)	(30, 0.0)	(35, 0.0)	(40, 7.480396685436229e-05)	(45, 0.0)	(50, 0.0)	(55, 0.0)	(60, 3.7401983427181144e-05)	(65, 0.0)	(70, 0.4277664844566707)	(75, 0.010846575193882532)	(80, 7.480396685436229e-05)	(85, 0.0)	(90, 0.0027677467736114047)	(95, 0.022179376172318417)	(100, 0.00029921586741744915)	(105, 0.0)	(110, 0.0)	(115, 0.0)	(120, 0.00011220595028154342)	(125, 0.0)	(130, 0.0004114218176989926)	(135, 0.0)	(140, 0.0)	(145, 0.0)	(150, 0.00011220595028154342)	(155, 0.0)	(160, 0.0)	(165, 0.0)	(170, 0.0)	(175, 0.0)	(180, 0.0)	(185, 7.480396685436229e-05)	(190, 0.0003366178508446303)	(195, 0.0)	(200, 0.5851931836925368)	(205, 0.007405625956793783)	(210, 0.00033662024299493275)	(215, 0.0)	(220, 0.035869964459186415)	(225, 0.0)	(230, 0.0)	(235, 0.0)	(240, 0.0019522226054362892)	(245, 0.0)	(250, 0.0)
092023_BEL_CBC_T4_84_OANN_S12_R1_16S	(1, 0.0)	(2, 0.0)	(3, 0.0010897282217814878)	(4, 0.0005448641108907439)	(5, 0.0)	(6, 0.0)	(7, 0.0)	(8, 0.0)	(9, 0.0)	(10, 0.0)	(15, 0.0)	(20, 0.0)	(25, 0.0)	(30, 0.0)	(35, 0.0)	(40, 0.00010897282217814878)	(45, 0.00010897282217814878)	(50, 0.0)	(55, 0.0)	(60, 0.0)	(65, 0.0)	(70, 0.44101301135496807)	(75, 0.014275439705337489)	(80, 0.0)	(85, 0.0)	(90, 0.0006538369330688926)	(95, 0.010352418106924133)	(100, 0.0004358912887125951)	(105, 0.0)	(110, 0.0)	(115, 0.0)	(120, 0.0)	(125, 0.0)	(130, 0.0004358912887125951)	(135, 0.0)	(140, 0.0)	(145, 0.0)	(150, 0.0)	(155, 0.0)	(160, 0.0)	(165, 0.0)	(170, 0.0)	(175, 0.0)	(180, 0.0)	(185, 0.0)	(190, 0.0005448641108907439)	(195, 0.0)	(200, 0.6091580759758517)	(205, 0.007737196846274976)	(210, 0.00032692666054224054)	(215, 0.0)	(220, 0.016346849635138317)	(225, 0.0)	(230, 0.0)	(235, 0.0)	(240, 0.0)	(245, 0.0)	(250, 0.0)
092023_BEL_CBC_T4_88_OFAV_S71_R1_16S	(1, 0.0)	(2, 0.0004192051869655134)	(3, 0.001397350623218378)	(4, 0.0004192051869655134)	(5, 0.0)	(6, 0.0)	(7, 0.0)	(8, 0.0)	(9, 0.0)	(10, 5.589402492873512e-05)	(15, 0.0)	(20, 0.0)	(25, 0.0)	(30, 0.0)	(35, 0.0)	(40, 0.000251523112179308)	(45, 0.0)	(50, 0.0)	(55, 0.0)	(60, 0.0)	(65, 0.0)	(70, 0.00469509809401375)	(75, 0.467078419316975)	(80, 0.0)	(85, 0.0)	(90, 0.00019562908725057293)	(95, 0.009977083449779219)	(100, 0.0006148342742160863)	(105, 0.0)	(110, 0.0)	(115, 0.0)	(120, 0.0)	(125, 0.0)	(130, 0.0007266223240735565)	(135, 0.0)	(140, 0.0)	(145, 0.0)	(150, 0.0)	(155, 0.0)	(160, 8.384103739310268e-05)	(165, 0.0)	(170, 0.0)	(175, 0.0)	(180, 0.0)	(185, 2.794701246436756e-05)	(190, 0.0006707282991448214)	(195, 0.0)	(200, 0.6166233999972612)	(205, 0.0013973568715303628)	(210, 2.7947332692594152e-05)	(215, 0.0)	(220, 0.01391819566523665)	(225, 0.0)	(230, 0.0)	(235, 0.0)	(240, 0.0)	(245, 0.0)	(250, 0.0)
092023_BEL_CBC_T4_91_MCAV_S78_R1_16S	(1, 0.0)	(2, 0.0002746847763287647)	(3, 0.0011903006974246472)	(4, 0.0002746847763287647)	(5, 0.0)	(6, 0.0)	(7, 0.0)	(8, 0.0)	(9, 0.0)	(10, 9.156159210958823e-05)	(15, 0.0)	(20, 0.0)	(25, 0.0)	(30, 0.0)	(35, 0.0)	(40, 0.00036624636843835294)	(45, 0.0)	(50, 0.0)	(55, 0.0)	(60, 5.493695526575294e-05)	(65, 0.0)	(70, 0.0010987391053150588)	(75, 0.47718239343833)	(80, 1.8312318421917648e-05)	(85, 1.8312318421917648e-05)	(90, 1.8312318421917648e-05)	(95, 0.004523142650213659)	(100, 0.0006043065079232824)	(105, 0.0)	(110, 0.0)	(115, 0.0)	(120, 0.0)	(125, 0.0)	(130, 0.0007141804184547883)	(135, 0.0)	(140, 0.0)	(145, 0.0)	(150, 0.0)	(155, 0.0)	(160, 9.156159210958823e-05)	(165, 0.0)	(170, 0.0)	(175, 1.8312318421917648e-05)	(180, 0.0)	(185, 0.0)	(190, 0.0006409311447671176)	(195, 1.8312368723206715e-05)	(200, 0.6220364772533119)	(205, 0.0010071872884906694)	(210, 0.0)	(215, 0.0)	(220, 0.005677080691277971)	(225, 0.0)	(230, 0.0)	(235, 0.0)	(240, 0.0)	(245, 0.0)	(250, 0.0)
102019_BEL_CBC_T1_25_PSTR_S65_R1_16S	(1, 0.00010537263451607092)	(2, 0.0005268631725803545)	(3, 0.0005268631725803545)	(4, 0.00010537263451607092)	(5, 0.0)	(6, 0.0)	(7, 0.0)	(8, 0.0)	(9, 0.0)	(10, 0.0)	(15, 0.0)	(20, 0.0)	(25, 0.0)	(30, 0.0)	(35, 0.0)	(40, 6.322358070964254e-05)	(45, 2.1074526903214184e-05)	(50, 0.0)	(55, 0.0)	(60, 0.0)	(65, 0.0)	(70, 0.00141199330251535)	(75, 0.4695826084574184)	(80, 6.322358070964254e-05)	(85, 2.1074526903214184e-05)	(90, 0.00012644716141928507)	(95, 0.0077554259003828185)	(100, 0.00048471411877392615)	(105, 0.0)	(110, 0.0)	(115, 0.0)	(120, 2.1074526903214184e-05)	(125, 0.0)	(130, 0.0005690122263867829)	(135, 0.0)	(140, 0.0)	(145, 0.0)	(150, 2.1074526903214184e-05)	(155, 0.0)	(160, 0.0)	(165, 0.0)	(170, 0.0)	(175, 0.0)	(180, 2.1074526903214184e-05)	(185, 2.1074544668656526e-05)	(190, 0.0004847148338334326)	(195, 2.107459796516327e-05)	(200, 0.6067804639956974)	(205, 0.0038566676831690598)	(210, 2.1074846685759073e-05)	(215, 0.0)	(220, 0.010685203985180655)	(225, 0.0)	(230, 0.0)	(235, 0.0)	(240, 0.0013086607166226084)	(245, 0.0)	(250, 0.0)
102019_BEL_CBC_T1_27_PSTR_S88_R1_16S	(1, 0.0)	(2, 0.00016652123811870966)	(3, 0.0006660849524748386)	(4, 0.0)	(5, 0.0)	(6, 0.0)	(7, 0.0)	(8, 0.0)	(9, 0.0)	(10, 0.0)	(15, 0.0)	(20, 0.0)	(25, 0.0)	(30, 0.0)	(35, 0.0)	(40, 0.00013321699049496772)	(45, 0.0)	(50, 0.0)	(55, 0.0)	(60, 0.0)	(65, 3.330424762374193e-05)	(70, 0.003863292724354064)	(75, 0.464194603379715)	(80, 3.330424762374193e-05)	(85, 0.0)	(90, 6.660849524748386e-05)	(95, 0.006794066515243355)	(100, 0.0006327807048510968)	(105, 0.0)	(110, 0.0)	(115, 0.0)	(120, 0.0)	(125, 0.0)	(130, 0.0007993019429698064)	(135, 0.0)	(140, 0.0)	(145, 0.0)	(150, 0.0)	(155, 0.0)	(160, 0.0)	(165, 0.0)	(170, 0.0)	(175, 0.0)	(180, 0.0)	(185, 3.330424762374193e-05)	(190, 0.0007326934477223225)	(195, 0.0)	(200, 0.6078035312552559)	(205, 0.0049956604363009995)	(210, 0.0)	(215, 0.0)	(220, 0.009092583482739246)	(225, 0.0)	(230, 0.0)	(235, 0.0)	(240, 0.0)	(245, 0.0)	(250, 0.0)
102019_BEL_CBC_T1_28_PSTR_S19_R1_16S	(1, 0.0)	(2, 0.000383990661347116)	(3, 0.0009599766533677901)	(4, 0.000383990661347116)	(5, 0.0)	(6, 0.0)	(7, 0.0)	(8, 0.0)	(9, 0.0)	(10, 0.0)	(15, 0.0)	(20, 0.0)	(25, 0.0)	(30, 0.0)	(35, 0.0)	(40, 0.00026879346294298123)	(45, 0.0)	(50, 0.0)	(55, 0.0)	(60, 0.0)	(65, 0.0)	(70, 0.4599440141615756)	(75, 0.006143850581553856)	(80, 0.000191995330673558)	(85, 0.0)	(90, 0.0021119486374091383)	(95, 0.011826912369491174)	(100, 0.0006527841242900973)	(105, 0.0)	(110, 0.0)	(115, 0.0)	(120, 3.839906613471161e-05)	(125, 0.0)	(130, 0.0008063803888289437)	(135, 0.0)	(140, 0.0)	(145, 0.0)	(150, 3.839906613471161e-05)	(155, 0.0)	(160, 0.0)	(165, 0.0)	(170, 0.0)	(175, 7.679813226942322e-05)	(180, 3.839906613471161e-05)	(185, 0.0)	(190, 0.0006911831904248089)	(195, 7.679813226942322e-05)	(200, 0.6013700839406809)	(205, 0.0035327724161129752)	(210, 7.680025559125061e-05)	(215, 0.0)	(220, 0.018970493586129882)	(225, 0.0)	(230, 0.0)	(235, 0.0)	(240, 0.001281344899606627)	(245, 0.0)	(250, 0.0)
102019_BEL_CBC_T1_31_PSTR_S22_R1_16S	(1, 0.0)	(2, 0.00016741641317031438)	(3, 0.000837082065851572)	(4, 0.0006696656526812575)	(5, 0.0)	(6, 0.0)	(7, 0.0)	(8, 0.0)	(9, 0.0)	(10, 0.00010044984790218865)	(15, 0.0)	(20, 0.0)	(25, 0.0)	(30, 0.0)	(35, 0.0)	(40, 0.00036831610897469167)	(45, 0.0)	(50, 0.0)	(55, 3.348328263406287e-05)	(60, 0.0)	(65, 0.0)	(70, 0.4665895435056662)	(75, 0.0049555258298413065)	(80, 6.696656526812575e-05)	(85, 0.0)	(90, 0.0010379817616559491)	(95, 0.01058071731236387)	(100, 0.000535732522145006)	(105, 0.0)	(110, 0.0)	(115, 0.0)	(120, 0.0)	(125, 0.0)	(130, 0.0006361823700471947)	(135, 0.0)	(140, 0.0)	(145, 0.0)	(150, 0.0)	(155, 0.0)	(160, 0.0001339331305362515)	(165, 0.0)	(170, 0.0)	(175, 0.0)	(180, 0.0)	(185, 0.0)	(190, 0.000569215804779069)	(195, 0.0)	(200, 0.6084949552141954)	(205, 0.003113985948891789)	(210, 0.0)	(215, 0.0)	(220, 0.014633390047486523)	(225, 0.0)	(230, 0.0)	(235, 0.0)	(240, 0.0)	(245, 0.0)	(250, 0.0)
102019_BEL_CBC_T2_33_PSTR_S72_R1_16S	(1, 3.614381624483821e-05)	(2, 0.0003252943462035439)	(3, 0.001048170671100308)	(4, 0.0003614381624483821)	(5, 0.0)	(6, 0.0)	(7, 0.0)	(8, 0.0)	(9, 0.0)	(10, 0.0)	(15, 0.0)	(20, 0.0)	(25, 0.0)	(30, 0.0)	(35, 0.0)	(40, 0.00016626155472625577)	(45, 0.0)	(50, 0.0)	(55, 2.168628974690293e-05)	(60, 7.228763248967643e-06)	(65, 0.0)	(70, 0.0013445499643079816)	(75, 0.47061417379754045)	(80, 5.783010599174114e-05)	(85, 0.0)	(90, 6.505886924070878e-05)	(95, 0.008226332577325177)	(100, 0.000484327137680832)	(105, 0.0)	(110, 0.0)	(115, 0.0)	(120, 1.4457526497935285e-05)	(125, 0.0)	(130, 0.0006505886924070878)	(135, 0.0)	(140, 0.0)	(145, 0.0)	(150, 2.891505299587057e-05)	(155, 0.0)	(160, 7.228763248967643e-06)	(165, 0.0)	(170, 0.0)	(175, 7.228763248967643e-06)	(180, 7.228763248967643e-06)	(185, 0.0)	(190, 0.0005710722966684438)	(195, 2.1686300720462284e-05)	(200, 0.6124373607464388)	(205, 0.001727687280216853)	(210, 1.4457805545117824e-05)	(215, 0.0)	(220, 0.009896674811242073)	(225, 0.0)	(230, 0.0)	(235, 0.0)	(240, 0.0008789740614754459)	(245, 0.0)	(250, 0.0)
102019_BEL_CBC_T3_36_PSTR_S83_R1_16S	(1, 0.0)	(2, 0.000172308130588886)	(3, 0.0009764127400036873)	(4, 0.0002871802176481434)	(5, 0.0)	(6, 0.0)	(7, 0.0)	(8, 0.0)	(9, 0.0)	(10, 0.0)	(15, 0.0)	(20, 0.0)	(25, 0.0)	(30, 0.0)	(35, 0.0)	(40, 0.00011487208705925734)	(45, 0.0)	(50, 1.1487208705925733e-05)	(55, 0.0)	(60, 1.1487208705925733e-05)	(65, 0.0)	(70, 0.0008500534442385043)	(75, 0.4664036478779967)	(80, 2.2974417411851466e-05)	(85, 0.0)	(90, 0.00010338487835333161)	(95, 0.0070531461454384)	(100, 0.00045948834823702936)	(105, 0.0)	(110, 0.0)	(115, 0.0)	(120, 0.0)	(125, 0.0)	(130, 0.0006777453136496183)	(135, 0.0)	(140, 0.0)	(145, 0.0)	(150, 2.2974417411851466e-05)	(155, 0.0)	(160, 0.0)	(165, 0.0)	(170, 1.1487208705925733e-05)	(175, 0.0)	(180, 0.0)	(185, 2.2974417411851466e-05)	(190, 0.0005398988091785095)	(195, 0.0)	(200, 0.6098465246191833)	(205, 0.0009993939307610695)	(210, 2.297467077009603e-05)	(215, 0.0)	(220, 0.00891438525606629)	(225, 0.0)	(230, 0.0)	(235, 0.0)	(240, 0.0)	(245, 0.0)	(250, 0.0)
112023_BEL_CBC_T2_308_PAST_S62_R1_16S	(1, 0.0)	(2, 0.00032390604781177174)	(3, 0.003401013502023603)	(4, 0.0004858590717176575)	(5, 0.0)	(6, 0.0)	(7, 0.0)	(8, 0.0)	(9, 0.0)	(10, 0.00012956241912470868)	(15, 0.0)	(20, 0.0)	(25, 0.0)	(30, 0.0)	(35, 0.0)	(40, 0.0003886872573741261)	(45, 0.0)	(50, 0.0)	(55, 0.0)	(60, 0.0)	(65, 0.0)	(70, 0.0058626994653930686)	(75, 0.4651614752624854)	(80, 3.239060478117717e-05)	(85, 0.0)	(90, 0.0026884201968377054)	(95, 0.010688899577788466)	(100, 0.000583030886061189)	(105, 0.0)	(110, 0.0)	(115, 0.0)	(120, 0.0)	(125, 0.0)	(130, 0.0008097651195294293)	(135, 3.239060478117717e-05)	(140, 0.0)	(145, 0.0)	(150, 3.239060478117717e-05)	(155, 0.0)	(160, 0.00012956241912470868)	(165, 0.0)	(170, 0.0)	(175, 0.0)	(180, 0.0)	(185, 0.0)	(190, 0.0006478125152843265)	(195, 0.0)	(200, 0.009328551586890275)	(205, 0.5840416159208105)	(210, 3.239105592251023e-05)	(215, 0.0)	(220, 0.0173942900084866)	(225, 0.0)	(230, 0.0)	(235, 0.0)	(240, 0.0)	(245, 0.0)	(250, 0.0)
112023_BEL_CBC_T3_347_MCAV_S81_R1_16S	(1, 0.0)	(2, 0.0005712261941483588)	(3, 0.0005712261941483588)	(4, 0.0003808174627655726)	(5, 0.0)	(6, 0.0)	(7, 0.0)	(8, 0.0)	(9, 0.0)	(10, 0.0)	(15, 0.0)	(20, 0.0)	(25, 0.0)	(30, 0.0)	(35, 0.0)	(40, 7.616349255311452e-05)	(45, 0.0)	(50, 0.0)	(55, 0.0)	(60, 0.0)	(65, 0.0)	(70, 0.0021706595377637638)	(75, 0.46269321726017065)	(80, 0.00015232698510622903)	(85, 0.0)	(90, 7.616349255311452e-05)	(95, 0.00639773337446162)	(100, 0.0001904087313827863)	(105, 0.0)	(110, 0.0)	(115, 0.0)	(120, 0.0)	(125, 0.0)	(130, 0.0003808174627655726)	(135, 0.0)	(140, 0.0)	(145, 0.0)	(150, 0.0)	(155, 0.0)	(160, 3.808174627655726e-05)	(165, 0.0)	(170, 0.0)	(175, 0.0)	(180, 0.0)	(185, 0.0)	(190, 0.00022849047765934353)	(195, 0.0)	(200, 0.6205801373227771)	(205, 0.0037320168199713164)	(210, 7.616407264529249e-05)	(215, 0.0)	(220, 0.008301997734849425)	(225, 0.0)	(230, 0.0)	(235, 0.0)	(240, 0.0)	(245, 0.0)	(250, 0.0)
112023_BEL_CBC_T4_396_MCAV_S1_R1_16S	(1, 0.0)	(2, 0.0)	(3, 0.0017017511018838382)	(4, 0.0)	(5, 0.0)	(6, 0.0)	(7, 0.0)	(8, 0.0)	(9, 0.0)	(10, 0.0)	(15, 0.0)	(20, 0.0)	(25, 0.0)	(30, 0.0)	(35, 0.0)	(40, 0.00017017511018838387)	(45, 0.0)	(50, 0.0)	(55, 0.0)	(60, 0.0)	(65, 0.0)	(70, 0.45198509266034753)	(75, 0.01276313326412879)	(80, 0.00017017511018838387)	(85, 0.0)	(90, 0.00034035022037676773)	(95, 0.006807004407535353)	(100, 0.0005105253305651515)	(105, 0.0)	(110, 0.0)	(115, 0.0)	(120, 0.0)	(125, 0.0)	(130, 0.0006807004407535355)	(135, 0.0)	(140, 0.0)	(145, 0.0)	(150, 0.0)	(155, 0.0)	(160, 0.0)	(165, 0.0)	(170, 0.0)	(175, 0.0)	(180, 0.0)	(185, 0.0)	(190, 0.0006807004407535355)	(195, 0.0)	(200, 0.617230376515635)	(205, 0.009870240374388427)	(210, 0.0001701768477802132)	(215, 0.0)	(220, 0.009189987678609114)	(225, 0.0)	(230, 0.0)	(235, 0.0)	(240, 0.0)	(245, 0.0)	(250, 0.0)
122022_BEL_CBC_T1_120_OANN_S35_R1_16S	(1, 9.800059192357523e-05)	(2, 0.00019600118384715046)	(3, 0.0007840047353886018)	(4, 0.0005880035515414513)	(5, 0.0)	(6, 0.0)	(7, 0.0)	(8, 0.0)	(9, 0.0)	(10, 0.0)	(15, 0.0)	(20, 0.0)	(25, 0.0)	(30, 0.0)	(35, 0.0)	(40, 0.00015680094707772036)	(45, 0.0)	(50, 0.0)	(55, 0.0)	(60, 0.0)	(65, 0.0)	(70, 0.0013328080501606228)	(75, 0.4638172014558968)	(80, 3.920023676943009e-05)	(85, 0.0)	(90, 0.0019012114833173593)	(95, 0.008330050313503893)	(100, 0.0005684034331567363)	(105, 0.0)	(110, 0.0)	(115, 0.0)	(120, 1.9600118384715044e-05)	(125, 0.0)	(130, 0.0006860041434650266)	(135, 0.0)	(140, 0.0)	(145, 0.0)	(150, 1.9600118384715044e-05)	(155, 0.0)	(160, 0.0)	(165, 0.0)	(170, 0.0)	(175, 0.0)	(180, 1.9600118384715044e-05)	(185, 0.0)	(190, 0.0006076037890172283)	(195, 0.0)	(200, 0.0037632389570496833)	(205, 0.5991412335120029)	(210, 1.9600429563014305e-05)	(215, 0.0)	(220, 0.013034436392930435)	(225, 0.0)	(230, 0.0)	(235, 0.0)	(240, 0.0009149967975112088)	(245, 0.0)	(250, 0.0)
122022_BEL_CBC_T1_136_OANN_S66_R1_16S	(1, 0.0)	(2, 0.0004485525210146856)	(3, 0.0013456575630440568)	(4, 0.0008971050420293712)	(5, 0.0)	(6, 0.0)	(7, 0.0)	(8, 0.0)	(9, 0.0)	(10, 0.0)	(15, 0.0)	(20, 0.0)	(25, 0.0)	(30, 0.0)	(35, 0.0)	(40, 0.0001495175070048952)	(45, 0.0)	(50, 0.0)	(55, 0.0)	(60, 8.971050420293713e-05)	(65, 2.990350140097904e-05)	(70, 0.002631508123286156)	(75, 0.4540547652724657)	(80, 2.990350140097904e-05)	(85, 0.0)	(90, 0.00017942100840587425)	(95, 0.009688734453917209)	(100, 0.0004186490196137066)	(105, 0.0)	(110, 0.0)	(115, 0.0)	(120, 0.0)	(125, 0.0)	(130, 0.0005083595238166437)	(135, 0.0)	(140, 0.0)	(145, 0.0)	(150, 0.0)	(155, 0.0)	(160, 0.0)	(165, 0.0)	(170, 0.0)	(175, 0.0)	(180, 0.0)	(185, 0.0)	(190, 0.00044855386234779075)	(195, 0.0)	(200, 0.6018724522018717)	(205, 0.005592019978164209)	(210, 2.9904377761669287e-05)	(215, 0.0)	(220, 0.013906072108815464)	(225, 0.0)	(230, 0.0)	(235, 0.0)	(240, 0.0)	(245, 0.0)	(250, 0.0)
122022_BEL_CBC_T1_139_PAST_S18_R1_16S	(1, 0.0)	(2, 0.0002676308514140276)	(3, 0.0010705234056561104)	(4, 0.0005352617028280552)	(5, 0.0)	(6, 0.0)	(7, 0.0)	(8, 0.0)	(9, 0.0)	(10, 0.0)	(15, 0.0)	(20, 0.0)	(25, 0.0)	(30, 0.0)	(35, 0.0)	(40, 0.00016057851084841655)	(45, 0.0)	(50, 0.0)	(55, 0.0)	(60, 0.0)	(65, 0.0)	(70, 0.4657847338009736)	(75, 0.008617713415531688)	(80, 0.0003211570216968331)	(85, 0.0)	(90, 0.001980468300463804)	(95, 0.009527658310339382)	(100, 0.0004282093622624442)	(105, 0.0)	(110, 0.0)	(115, 0.0)	(120, 0.0)	(125, 0.0)	(130, 0.0005887878731108608)	(135, 0.0)	(140, 0.0)	(145, 0.0)	(150, 0.0)	(155, 0.0)	(160, 0.0)	(165, 0.0)	(170, 0.0)	(175, 0.0)	(180, 0.0)	(185, 5.3526170282805525e-05)	(190, 0.00042820959146663926)	(195, 0.0)	(200, 0.6055976838056414)	(205, 0.005673810493658981)	(210, 0.00021410777543091867)	(215, 0.0)	(220, 0.014773958435930268)	(225, 0.0)	(230, 0.0)	(235, 0.0)	(240, 0.0)	(245, 0.0)	(250, 0.0)
122022_BEL_CBC_T2_101_OFAV_S50_R1_16S	(1, 4.613459028562386e-05)	(2, 0.000692018854284358)	(3, 0.0015685760697112113)	(4, 0.0006458842639987341)	(5, 0.0)	(6, 0.0)	(7, 0.0)	(8, 0.0)	(9, 0.0)	(10, 0.0)	(15, 0.0)	(20, 0.0)	(25, 0.0)	(30, 0.0)	(35, 0.0)	(40, 9.226918057124773e-05)	(45, 0.0)	(50, 0.0)	(55, 0.0)	(60, 0.0)	(65, 0.0)	(70, 0.000692018854284358)	(75, 0.4653503852930308)	(80, 6.45884263998734e-05)	(85, 0.0)	(90, 0.0006274304278844845)	(95, 0.004844131979990505)	(100, 0.00040598439451348993)	(105, 9.226918057124772e-06)	(110, 0.0)	(115, 0.0)	(120, 0.0)	(125, 0.0)	(130, 0.0005536153899173166)	(135, 0.0)	(140, 0.0)	(145, 0.0)	(150, 0.0)	(155, 0.0)	(160, 0.0)	(165, 0.0)	(170, 0.0)	(175, 1.8453861655089945e-05)	(180, 0.0)	(185, 9.226930827544972e-06)	(190, 0.0004982544485818018)	(195, 9.226939341178076e-06)	(200, 0.0045857960457520355)	(205, 0.6142488459363025)	(210, 3.690806726384535e-05)	(215, 0.0)	(220, 0.0080830330492707)	(225, 0.0)	(230, 0.0)	(235, 0.0)	(240, 0.0)	(245, 0.0)	(250, 0.0)
122022_BEL_CBC_T2_102_OFAV_S27_R1_16S	(1, 0.0)	(2, 0.00024325721409675555)	(3, 0.0007297716422902667)	(4, 0.00012162860704837777)	(5, 0.0)	(6, 0.0)	(7, 0.0)	(8, 0.0)	(9, 0.0)	(10, 0.0)	(15, 0.0)	(20, 0.0)	(25, 0.0)	(30, 0.0)	(35, 0.0)	(40, 4.8651442819351106e-05)	(45, 0.0)	(50, 0.0)	(55, 0.0)	(60, 0.0)	(65, 0.0)	(70, 0.4537476814546781)	(75, 0.00591115030255116)	(80, 9.730288563870221e-05)	(85, 0.0)	(90, 0.0007054459208805911)	(95, 0.01133578617690881)	(100, 0.00046218870678383555)	(105, 0.0)	(110, 0.0)	(115, 0.0)	(120, 2.4325721409675553e-05)	(125, 0.0)	(130, 0.00065679447806124)	(135, 0.0)	(140, 0.0)	(145, 0.0)	(150, 2.4325721409675553e-05)	(155, 0.0)	(160, 0.0)	(165, 2.4325721409675553e-05)	(170, 0.0)	(175, 0.0)	(180, 0.0)	(185, 0.0)	(190, 0.0005594926812275853)	(195, 0.0)	(200, 0.5937934596119495)	(205, 0.00571658903052245)	(210, 0.00017028340510373422)	(215, 0.0)	(220, 0.015180095780565877)	(225, 0.0)	(230, 0.0)	(235, 0.0)	(240, 0.0009430314689601191)	(245, 0.0)	(250, 0.0)
122022_BEL_CBC_T2_116_PSTR_S32_R1_16S	(1, 0.0)	(2, 0.00023549026718725717)	(3, 0.0010204578244781143)	(4, 0.00031398702291634287)	(5, 0.0)	(6, 0.0)	(7, 0.0)	(8, 0.0)	(9, 0.0)	(10, 0.0)	(15, 0.0)	(20, 0.0)	(25, 0.0)	(30, 0.0)	(35, 0.0)	(40, 9.419610687490287e-05)	(45, 0.0)	(50, 0.0)	(55, 0.0)	(60, 0.0)	(65, 0.0)	(70, 0.007331596985096606)	(75, 0.4584053541067148)	(80, 3.1398702291634284e-05)	(85, 0.0)	(90, 0.002056615000102046)	(95, 0.0073158976339507895)	(100, 0.0003610850763537943)	(105, 0.0)	(110, 0.0)	(115, 0.0)	(120, 0.0)	(125, 0.0)	(130, 0.00045528118322869717)	(135, 0.0)	(140, 0.0)	(145, 0.0)	(150, 0.0)	(155, 0.0)	(160, 0.0)	(165, 0.0)	(170, 0.0)	(175, 0.0)	(180, 0.0)	(185, 0.0)	(190, 0.00043958217714062784)	(195, 0.0)	(200, 0.012826404118390379)	(205, 0.5955890895275415)	(210, 6.27983214636656e-05)	(215, 0.0)	(220, 0.011947551348566121)	(225, 0.0)	(230, 0.0)	(235, 0.0)	(240, 0.0)	(245, 0.0)	(250, 0.0)
122022_BEL_CBC_T2_117_PSTR_S56_R1_16S	(1, 0.00017512874151610704)	(2, 0.00043782185379026757)	(3, 0.0013134655613708027)	(4, 0.00017512874151610704)	(5, 0.0)	(6, 0.0)	(7, 0.0)	(8, 0.0)	(9, 0.0)	(10, 0.0)	(15, 0.0)	(20, 0.0)	(25, 0.0)	(30, 0.0)	(35, 0.0)	(40, 0.00017512874151610704)	(45, 0.0)	(50, 0.0)	(55, 0.0)	(60, 0.0)	(65, 0.0)	(70, 0.0020490062757384524)	(75, 0.4714115464130569)	(80, 7.005149660644281e-05)	(85, 0.0)	(90, 0.0026094182485899946)	(95, 0.009054155936382733)	(100, 0.00043782185379026757)	(105, 0.0)	(110, 0.0)	(115, 0.0)	(120, 0.0)	(125, 0.0)	(130, 0.0005428990986999318)	(135, 0.0)	(140, 0.0)	(145, 0.0)	(150, 0.0)	(155, 0.0)	(160, 0.0)	(165, 0.0)	(170, 0.0)	(175, 0.0)	(180, 0.0)	(185, 0.0)	(190, 0.00047284760209348903)	(195, 0.0)	(200, 0.005726714862138534)	(205, 0.6053699592053466)	(210, 1.7513076576452722e-05)	(215, 0.0)	(220, 0.013275125934184449)	(225, 0.0)	(230, 0.0)	(235, 0.0)	(240, 0.0)	(245, 0.0)	(250, 0.0)
122022_BEL_CBC_T2_119_OANN_S5_R1_16S	(1, 0.0)	(2, 0.00017359393254486968)	(3, 0.0013887514603589575)	(4, 0.00034718786508973937)	(5, 0.0)	(6, 0.0)	(7, 0.0)	(8, 0.0)	(9, 0.0)	(10, 0.0)	(15, 0.0)	(20, 0.0)	(25, 0.0)	(30, 0.0)	(35, 0.0)	(40, 0.00010415635952692181)	(45, 0.0)	(50, 0.0)	(55, 0.0)	(60, 0.0)	(65, 0.0)	(70, 0.46936327481481865)	(75, 0.00343715986438842)	(80, 0.0003819066515987133)	(85, 0.0)	(90, 0.0010068448087602443)	(95, 0.011769668626542166)	(100, 0.00034718786508973937)	(105, 0.0)	(110, 0.0)	(115, 0.0)	(120, 0.0)	(125, 0.0)	(130, 0.0005902193706525569)	(135, 0.0)	(140, 0.0)	(145, 0.0)	(150, 0.0)	(155, 0.0)	(160, 0.0)	(165, 0.0)	(170, 0.0)	(175, 0.0)	(180, 0.0)	(185, 0.0)	(190, 0.0003819069167856075)	(195, 0.0)	(200, 0.6110874829660362)	(205, 0.0014234791427322536)	(210, 6.943860967238171e-05)	(215, 0.0)	(220, 0.017985305519301394)	(225, 0.0)	(230, 0.0)	(235, 0.0)	(240, 0.0)	(245, 0.0)	(250, 0.0)
122022_BEL_CBC_T2_89_PAST_S17_R1_16S	(1, 0.0)	(2, 0.0001520230466938788)	(3, 0.001520230466938788)	(4, 0.0004560691400816364)	(5, 0.0)	(6, 0.0)	(7, 0.0)	(8, 0.0)	(9, 0.0)	(10, 0.0)	(15, 0.0)	(20, 0.0)	(25, 0.0)	(30, 0.0)	(35, 0.0)	(40, 0.0001520230466938788)	(45, 0.0)	(50, 3.040460933877576e-05)	(55, 0.0)	(60, 3.040460933877576e-05)	(65, 0.0)	(70, 0.4733085535767222)	(75, 0.005624852727673516)	(80, 0.00012161843735510303)	(85, 0.0)	(90, 0.0007297106241306182)	(95, 0.008634909052212316)	(100, 0.00048647374942041214)	(105, 0.0)	(110, 0.0)	(115, 0.0)	(120, 0.0)	(125, 0.0)	(130, 0.0006080931112171896)	(135, 0.0)	(140, 0.0)	(145, 0.0)	(150, 0.0)	(155, 0.0)	(160, 0.0)	(165, 0.0)	(170, 0.0)	(175, 0.0)	(180, 0.0)	(185, 0.0)	(190, 0.00048647448897375166)	(195, 0.0)	(200, 0.6087325343991196)	(205, 0.0030404858939697436)	(210, 0.00018243109501528317)	(215, 0.0)	(220, 0.011098283050002784)	(225, 0.0)	(230, 0.0)	(235, 0.0)	(240, 0.0)	(245, 0.0)	(250, 0.0)
122022_BEL_CBC_T3_121_OFAV_S73_R1_16S	(1, 0.0)	(2, 0.000296112487211642)	(3, 0.000592224974423284)	(4, 0.0007402812180291049)	(5, 0.0)	(6, 0.0)	(7, 0.0)	(8, 0.0)	(9, 0.0)	(10, 0.0)	(15, 0.0)	(20, 0.0)	(25, 0.0)	(30, 0.0)	(35, 0.0)	(40, 0.000148056243605821)	(45, 0.0)	(50, 0.0)	(55, 2.9611248721164197e-05)	(60, 0.0)	(65, 0.0)	(70, 0.0013028949437312246)	(75, 0.46901256849451967)	(80, 2.9611248721164197e-05)	(85, 0.0)	(90, 8.883374616349259e-05)	(95, 0.007077088444358243)	(100, 0.00044416873081746296)	(105, 0.0)	(110, 0.0)	(115, 0.0)	(120, 0.0)	(125, 0.0)	(130, 0.0005626137257021197)	(135, 0.0)	(140, 0.0)	(145, 0.0)	(150, 0.0)	(155, 0.0)	(160, 0.0)	(165, 0.0)	(170, 0.0)	(175, 0.0)	(180, 0.0)	(185, 0.0)	(190, 0.00047377997953862715)	(195, 0.0)	(200, 0.6189350538673669)	(205, 0.0017174549686268354)	(210, 5.922300600580504e-05)	(215, 0.0)	(220, 0.009061409706605768)	(225, 0.0)	(230, 0.0)	(235, 0.0)	(240, 0.0)	(245, 0.0)	(250, 0.0)
122022_BEL_CBC_T4_12_PSTR_S86_R1_16S	(1, 0.00016462097666333035)	(2, 0.0)	(3, 0.0011523468366433124)	(4, 0.0004938629299899911)	(5, 0.0)	(6, 0.0)	(7, 0.0)	(8, 0.0)	(9, 0.0)	(10, 6.584839066533214e-05)	(15, 0.0)	(20, 0.0)	(25, 0.0)	(30, 0.0)	(35, 0.0)	(40, 0.00019754517199599642)	(45, 3.292419533266607e-05)	(50, 0.0)	(55, 0.0)	(60, 0.0)	(65, 3.292419533266607e-05)	(70, 0.0021400726966232944)	(75, 0.47812516462097665)	(80, 0.0)	(85, 0.0)	(90, 0.00019754517199599642)	(95, 0.005630037401885898)	(100, 0.0004938629299899911)	(105, 0.0)	(110, 0.0)	(115, 0.0)	(120, 0.0)	(125, 3.292419533266607e-05)	(130, 0.0006914081019859874)	(135, 0.0)	(140, 0.0)	(145, 0.0)	(150, 0.0)	(155, 0.0)	(160, 6.584839066533214e-05)	(165, 0.0)	(170, 0.0)	(175, 0.0)	(180, 0.0)	(185, 0.0)	(190, 0.0006255597113206553)	(195, 0.0)	(200, 0.6112065732692276)	(205, 0.0025351922548230385)	(210, 3.292474818329471e-05)	(215, 0.0)	(220, 0.008297301533156939)	(225, 0.0)	(230, 0.0)	(235, 0.0)	(240, 0.0)	(245, 0.0)	(250, 0.0)
122022_BEL_CBC_T4_13_PSTR_S49_R1_16S	(1, 7.69142909444575e-05)	(2, 0.00038457145472228744)	(3, 0.0011537143641668624)	(4, 0.00030765716377783)	(5, 0.0)	(6, 0.0)	(7, 0.0)	(8, 0.0)	(9, 0.0)	(10, 0.0)	(15, 0.0)	(20, 0.0)	(25, 0.0)	(30, 0.0)	(35, 0.0)	(40, 0.00016152001098336074)	(45, 0.0)	(50, 0.0)	(55, 0.0)	(60, 0.0)	(65, 0.0)	(70, 0.00040764574200562474)	(75, 0.4658698602505791)	(80, 7.69142909444575e-06)	(85, 0.0)	(90, 0.0009460457786168272)	(95, 0.0055839775225676146)	(100, 0.000430720029288962)	(105, 0.0)	(110, 0.0)	(115, 0.0)	(120, 0.0)	(125, 0.0)	(130, 0.0005307086075167568)	(135, 0.0)	(140, 0.0)	(145, 0.0)	(150, 0.0)	(155, 0.0)	(160, 0.0)	(165, 0.0)	(170, 0.0)	(175, 7.69142909444575e-06)	(180, 0.0)	(185, 1.53828581888915e-05)	(190, 0.000492251462044528)	(195, 1.5382860555215127e-05)	(200, 0.001638277547290843)	(205, 0.6106016418644121)	(210, 6.153189182570353e-05)	(215, 7.69153558046673e-06)	(220, 0.008045433470418495)	(225, 0.0)	(230, 0.0)	(235, 0.0)	(240, 0.0)	(245, 0.0)	(250, 0.0)
122022_BEL_CBC_T4_14_MCAV_S38_R1_16S	(1, 0.0)	(2, 0.0004382711517875437)	(3, 0.0017530846071501748)	(4, 0.0004382711517875437)	(5, 0.0)	(6, 0.0)	(7, 0.0)	(8, 0.0)	(9, 0.0)	(10, 2.1913557589377182e-05)	(15, 0.0)	(20, 0.0)	(25, 0.0)	(30, 0.0)	(35, 0.0)	(40, 6.574067276813155e-05)	(45, 0.0)	(50, 0.0)	(55, 0.0)	(60, 0.0)	(65, 0.0)	(70, 0.0017092574919714203)	(75, 0.4707470441350007)	(80, 4.3827115178754364e-05)	(85, 0.0)	(90, 0.0020379608558120784)	(95, 0.007034251986190076)	(100, 0.000482098266966298)	(105, 0.0)	(110, 0.0)	(115, 0.0)	(120, 0.0)	(125, 0.0)	(130, 0.0007450627540061366)	(135, 0.0)	(140, 0.0)	(145, 0.0)	(150, 0.0)	(155, 0.0)	(160, 2.1913629620214887e-05)	(165, 0.0)	(170, 2.1913629620214887e-05)	(175, 0.0)	(180, 2.1913629620214887e-05)	(185, 0.0)	(190, 0.0006135816293660167)	(195, 0.0)	(200, 0.0046456955877287025)	(205, 0.606222236636606)	(210, 8.765542127962452e-05)	(215, 0.0)	(220, 0.012622629613697131)	(225, 0.0)	(230, 0.0)	(235, 0.0)	(240, 0.0)	(245, 0.0)	(250, 0.0)
122022_BEL_CBC_T4_15_MCAV_S2_R1_16S	(1, 0.0)	(2, 0.00028129157841143396)	(3, 0.0016877494704686039)	(4, 0.0005625831568228679)	(5, 0.0)	(6, 0.0)	(7, 0.0)	(8, 0.0)	(9, 0.0)	(10, 0.0)	(15, 0.0)	(20, 0.0)	(25, 0.0)	(30, 0.0)	(35, 0.0)	(40, 5.6258315682286785e-05)	(45, 0.0)	(50, 0.0)	(55, 5.6258315682286785e-05)	(60, 0.0)	(65, 0.0)	(70, 0.45456719071287727)	(75, 0.005963381462322399)	(80, 0.0)	(85, 0.0)	(90, 0.00331924062525492)	(95, 0.01699001133605061)	(100, 0.0003938082097760075)	(105, 0.0)	(110, 0.0)	(115, 0.0)	(120, 5.6258315682286785e-05)	(125, 0.0)	(130, 0.0005063248411405811)	(135, 0.0)	(140, 0.0)	(145, 0.0)	(150, 5.6258315682286785e-05)	(155, 0.0)	(160, 0.0)	(165, 0.0)	(170, 0.0)	(175, 0.0)	(180, 0.0)	(185, 0.0)	(190, 0.00045006728505911635)	(195, 0.0)	(200, 0.5991544327582764)	(205, 0.0038255955974145724)	(210, 5.625951840727053e-05)	(215, 0.0)	(220, 0.02711815583037537)	(225, 0.0)	(230, 0.0)	(235, 0.0)	(240, 0.001285000192750029)	(245, 0.0)	(250, 0.0)
122022_BEL_CBC_T4_35_PSTR_S87_R1_16S	(1, 0.00012632004446465564)	(2, 0.0002526400889293113)	(3, 0.001389520489111212)	(4, 0.00037896013339396695)	(5, 0.0)	(6, 0.0)	(7, 0.0)	(8, 0.0)	(9, 0.0)	(10, 2.526400889293113e-05)	(15, 0.0)	(20, 0.0)	(25, 0.0)	(30, 0.0)	(35, 0.0)	(40, 0.00015158405335758679)	(45, 0.0)	(50, 0.0)	(55, 0.0)	(60, 0.0)	(65, 2.526400889293113e-05)	(70, 0.003056945076044667)	(75, 0.4727653984134202)	(80, 2.526400889293113e-05)	(85, 0.0)	(90, 0.00010105603557172452)	(95, 0.003511697236117427)	(100, 0.0006316002223232782)	(105, 0.0)	(110, 0.0)	(115, 0.0)	(120, 0.0)	(125, 0.0)	(130, 0.0008337133466137974)	(135, 0.0)	(140, 0.0)	(145, 0.0)	(150, 0.0)	(155, 0.0)	(160, 2.5264040806478714e-05)	(165, 0.0)	(170, 0.0)	(175, 0.0)	(180, 2.5264040806478714e-05)	(185, 0.0)	(190, 0.0007073931425814039)	(195, 2.5264053571920318e-05)	(200, 0.6248060981438982)	(205, 0.000985302072140786)	(210, 0.0)	(215, 0.0)	(220, 0.005634104574033903)	(225, 0.0)	(230, 0.0)	(235, 0.0)	(240, 0.0)	(245, 0.0)	(250, 0.0)
122022_BEL_CBC_T4_3_MCAV_S84_R1_16S	(1, 0.0)	(2, 0.0007003716638963076)	(3, 0.0007003716638963076)	(4, 0.00046691444259753845)	(5, 0.0)	(6, 0.0)	(7, 0.0)	(8, 0.0)	(9, 0.0)	(10, 0.0)	(15, 0.0)	(20, 0.0)	(25, 0.0)	(30, 0.0)	(35, 0.0)	(40, 0.00018676577703901538)	(45, 0.0)	(50, 0.0)	(55, 4.6691444259753846e-05)	(60, 0.0)	(65, 4.6691444259753846e-05)	(70, 0.0025680294342864613)	(75, 0.44282165735950546)	(80, 0.0)	(85, 0.0)	(90, 0.00018676577703901538)	(95, 0.022692041910240365)	(100, 0.0003268401098182769)	(105, 0.0)	(110, 0.0)	(115, 0.0)	(120, 4.6691444259753846e-05)	(125, 0.0)	(130, 0.00042022299833778456)	(135, 0.0)	(140, 0.0)	(145, 0.0)	(150, 9.338288851950769e-05)	(155, 0.0)	(160, 0.0)	(165, 0.0)	(170, 0.0)	(175, 0.0)	(180, 0.0)	(185, 0.0)	(190, 0.0003735324261164534)	(195, 4.6691662269868466e-05)	(200, 0.6019522827214667)	(205, 0.002988290105071082)	(210, 9.338642040045031e-05)	(215, 0.0)	(220, 0.030865148717718834)	(225, 0.0)	(230, 0.0)	(235, 0.0)	(240, 0.0019372148661868833)	(245, 0.0)	(250, 0.0)
122022_BEL_CBC_T4_4_PSTR_S41_R1_16S	(1, 0.0)	(2, 0.0003244604223176857)	(3, 0.0016223021115884283)	(4, 0.0004866906334765285)	(5, 0.0)	(6, 0.0)	(7, 0.0)	(8, 0.0)	(9, 0.0)	(10, 0.0)	(15, 0.0)	(20, 0.0)	(25, 0.0)	(30, 0.0)	(35, 0.0)	(40, 0.00012978416892707426)	(45, 0.0)	(50, 0.0)	(55, 0.0)	(60, 3.2446042231768566e-05)	(65, 3.2446042231768566e-05)	(70, 0.0008111510557942142)	(75, 0.45758653359463214)	(80, 3.2446042231768566e-05)	(85, 0.0)	(90, 0.0022387769139920314)	(95, 0.009247122036054042)	(100, 0.0005840287601718342)	(105, 0.0)	(110, 0.0)	(115, 0.0)	(120, 0.0)	(125, 0.0)	(130, 0.0007462589713306771)	(135, 0.0)	(140, 0.0)	(145, 0.0)	(150, 0.0)	(155, 0.0)	(160, 0.0)	(165, 0.0)	(170, 0.0)	(175, 0.0)	(180, 0.0)	(185, 0.0)	(190, 0.0006489208446353714)	(195, 0.0)	(200, 0.002465899209614411)	(205, 0.61319834901398)	(210, 0.0)	(215, 0.0)	(220, 0.01690483776871716)	(225, 0.0)	(230, 0.0)	(235, 0.0)	(240, 0.0)	(245, 0.0)	(250, 0.0)
122023_BEL_CBC_T2_517_SSID_S59_R1_16S	(1, 4.004693500782917e-05)	(2, 0.0003203754800626334)	(3, 0.0012414549852427044)	(4, 0.0004405162850861209)	(5, 0.0)	(6, 0.0)	(7, 0.0)	(8, 0.0)	(9, 0.0)	(10, 8.009387001565835e-06)	(15, 0.0)	(20, 0.0)	(25, 0.0)	(30, 0.0)	(35, 0.0)	(40, 0.00019222528803758006)	(45, 0.0)	(50, 8.009387001565835e-06)	(55, 0.0)	(60, 1.601877400313167e-05)	(65, 0.0)	(70, 0.0010812672452113878)	(75, 0.4581529552635689)	(80, 5.606570901096085e-05)	(85, 0.0)	(90, 0.0005846852511143059)	(95, 0.00853800654366918)	(100, 0.0004485256720876868)	(105, 0.0)	(110, 0.0)	(115, 0.0)	(120, 0.0)	(125, 0.0)	(130, 0.000632741573123701)	(135, 0.0)	(140, 0.0)	(145, 0.0)	(150, 0.0)	(155, 0.0)	(160, 8.009387001565835e-06)	(165, 0.0)	(170, 0.0)	(175, 0.0)	(180, 0.0)	(185, 8.009387001565835e-06)	(190, 0.0005366289291049109)	(195, 0.0)	(200, 0.0025550003880557017)	(205, 0.5939556322183025)	(210, 2.402844006165698e-05)	(215, 8.009535191454724e-06)	(220, 0.012479048734449848)	(225, 0.0)	(230, 0.0)	(235, 0.0)	(240, 0.0)	(245, 0.0)	(250, 0.0)
122023_BEL_CBC_T2_519_PAST_S90_R1_16S	(1, 0.0)	(2, 0.0007113954163370535)	(3, 0.0015650699159415174)	(4, 0.0005691163330696428)	(5, 0.0)	(6, 0.0)	(7, 0.0)	(8, 0.0)	(9, 0.0)	(10, 0.0)	(15, 0.0)	(20, 0.0)	(25, 0.0)	(30, 0.0)	(35, 0.0)	(40, 0.00011382326661392855)	(45, 0.0)	(50, 0.0)	(55, 0.0)	(60, 0.0)	(65, 0.0)	(70, 0.0009390419495649106)	(75, 0.4628623136855405)	(80, 2.8455816653482138e-05)	(85, 0.0)	(90, 0.00011382326661392855)	(95, 0.00546351679746857)	(100, 0.0005406605164161606)	(105, 0.0)	(110, 0.0)	(115, 0.0)	(120, 0.0)	(125, 0.0)	(130, 0.000597572149723125)	(135, 0.0)	(140, 0.0)	(145, 0.0)	(150, 0.0)	(155, 0.0)	(160, 0.0)	(165, 0.0)	(170, 0.0)	(175, 0.0)	(180, 0.0)	(185, 0.0)	(190, 0.0005691163330696428)	(195, 5.691168189101584e-05)	(200, 0.614390411514378)	(205, 0.001735810249191212)	(210, 2.8456075770562073e-05)	(215, 0.0)	(220, 0.0070858370906292795)	(225, 0.0)	(230, 0.0)	(235, 0.0)	(240, 0.0)	(245, 0.0)	(250, 0.0)
122023_BEL_CBC_T4_538_OFAV_S45_R1_16S	(1, 0.0)	(2, 0.000256395135671486)	(3, 0.0015383708140289162)	(4, 0.000256395135671486)	(5, 0.0)	(6, 0.0)	(7, 0.0)	(8, 0.0)	(9, 0.0)	(10, 0.0)	(15, 0.0)	(20, 0.0)	(25, 0.0)	(30, 0.0)	(35, 0.0)	(40, 5.1279027134297205e-05)	(45, 0.00010255805426859441)	(50, 0.0)	(55, 0.0)	(60, 0.0)	(65, 5.1279027134297205e-05)	(70, 0.0009230224884173498)	(75, 0.4629470569684352)	(80, 0.0)	(85, 0.0)	(90, 0.002769067465252049)	(95, 0.010871153752471009)	(100, 0.00030767416280578325)	(105, 0.0)	(110, 0.0)	(115, 0.0)	(120, 0.0)	(125, 0.0)	(130, 0.0004615112442086749)	(135, 0.0)	(140, 0.0)	(145, 0.0)	(150, 0.0)	(155, 0.0)	(160, 0.0)	(165, 0.0)	(170, 0.0)	(175, 0.0)	(180, 0.0)	(185, 0.0)	(190, 0.00035895318994008045)	(195, 0.0)	(200, 0.003486995302299417)	(205, 0.6110471541130047)	(210, 0.0)	(215, 0.0)	(220, 0.01882012676663043)	(225, 0.0)	(230, 0.0)	(235, 0.0)	(240, 0.0)	(245, 0.0)	(250, 0.0)
Negative_S96_R1_16S	(1, 0.0)	(2, 0.0)	(3, 0.003883042752300703)	(4, 0.0)	(5, 0.0)	(6, 0.0)	(7, 0.0)	(8, 0.0)	(9, 0.0)	(10, 0.0)	(15, 0.0)	(20, 0.0)	(25, 0.0)	(30, 0.0)	(35, 0.0)	(40, 0.0)	(45, 0.0)	(50, 0.0)	(55, 0.0)	(60, 0.0)	(65, 0.0)	(70, 0.04271347027530773)	(75, 0.3929639265328311)	(80, 0.0)	(85, 0.0)	(90, 0.0023298256513804216)	(95, 0.013978953908282531)	(100, 0.0)	(105, 0.0)	(110, 0.0)	(115, 0.0)	(120, 0.0)	(125, 0.0)	(130, 0.0)	(135, 0.0)	(140, 0.0)	(145, 0.0)	(150, 0.0)	(155, 0.0)	(160, 0.0)	(165, 0.0)	(170, 0.0)	(175, 0.0)	(180, 0.0)	(185, 0.0)	(190, 0.0)	(195, 0.0)	(200, 0.5327534656156564)	(205, 0.046596513027608435)	(210, 0.0)	(215, 0.0)	(220, 0.030288909599254423)	(225, 0.0)	(230, 0.0)	(235, 0.0)	(240, 0.0)	(245, 0.0)	(250, 0.0)
Undetermined_S0_R1_16S	(1, 6.35221709845333e-05)	(2, 0.00017468597020746658)	(3, 0.0008416687655450662)	(4, 0.00020644705569973325)	(5, 0.0)	(6, 0.0)	(7, 0.0)	(8, 0.0)	(9, 0.0006511022525914664)	(10, 0.0026329939873089053)	(15, 0.00313481923765198)	(20, 0.010179429516820118)	(25, 0.027508280513316392)	(30, 0.058780250255160656)	(35, 0.08993788007107498)	(40, 0.1119737246850213)	(45, 0.12026654542399706)	(50, 0.17420005326334884)	(55, 0.23058234118303392)	(60, 0.2792530363205539)	(65, 0.3132469315213419)	(70, 0.9693040176350279)	(75, 1.8199549532452928)	(80, 0.3788145268240672)	(85, 0.39485705365385143)	(90, 0.49962418689623156)	(95, 0.6062017022991695)	(100, 0.516537049635605)	(105, 0.4858686129022166)	(110, 0.5550983191929199)	(115, 0.6075550142051545)	(120, 0.6576613345063769)	(125, 0.7038070449308481)	(130, 0.7020030141289278)	(135, 0.6778741021532442)	(140, 0.7552695644440774)	(145, 0.7827175119620264)	(150, 0.7683964294165008)	(155, 0.7494922193231391)	(160, 0.7115631069348786)	(165, 0.6321825755398197)	(170, 0.6455984665738184)	(175, 0.6503975696401944)	(180, 0.6398370426495776)	(185, 0.6211428097734066)	(190, 0.5977923338385683)	(195, 0.5951596943242329)	(200, 0.7940334658358146)	(205, 0.7899860189949703)	(210, 0.6860258640767842)	(215, 0.7225284493750642)	(220, 0.8555576147930967)	(225, 0.6834795519006296)	(230, 0.4736374837607347)	(235, 0.05357232602155066)	(240, 0.05072358036318296)	(245, 0.044311498411046334)	(250, 0.0)
