Sample	0	1	2	3	4	5	6	7	8	9	10	11	12	13	14	15	16	17	18	19	20	21	22	23	24	25	26	27	28	29	30	31	32	33	34	35	36	37	38	39	40	41	42	43	44	45	46	47	48
012024_BEL_CBC_T1_565_PAST_S53_R1_16S	(194, 1.0)	(196, 0.0)	(198, 0.0)	(200, 0.0)	(202, 0.0)	(204, 0.0)	(206, 2.0)	(208, 3.0)	(210, 3.0)	(212, 4.0)	(214, 6.0)	(216, 4.0)	(218, 7.0)	(220, 5.0)	(222, 3.0)	(224, 3.0)	(226, 3.0)	(228, 1641.0)	(230, 4105.0)	(232, 1190365.0)	(234, 105.0)	(236, 14.0)	(238, 51.0)	(240, 0.0)	(242, 3.0)	(244, 2.0)	(246, 12.0)	(248, 2967.0)	(250, 15591.0)																				
012024_BEL_CBC_T2_585_OFAV_S43_R1_16S	(192, 1.0)	(194, 0.0)	(196, 0.0)	(198, 0.0)	(200, 0.0)	(202, 3.0)	(204, 1.0)	(206, 0.0)	(208, 2.0)	(210, 1.0)	(212, 0.0)	(214, 4.0)	(216, 6.0)	(218, 1.0)	(220, 3.0)	(222, 2.0)	(224, 1.0)	(226, 2.0)	(228, 1098.0)	(230, 1660.0)	(232, 608017.0)	(234, 54.0)	(236, 8.0)	(238, 23.0)	(240, 0.0)	(242, 0.0)	(244, 1.0)	(246, 8.0)	(248, 3251.0)	(250, 12854.0)																			
012024_BEL_CBC_T2_593_MCAV_S6_R1_16S	(200, 3.0)	(202, 0.0)	(204, 0.0)	(206, 0.0)	(208, 1.0)	(210, 2.0)	(212, 3.0)	(214, 2.0)	(216, 6.0)	(218, 4.0)	(220, 3.0)	(222, 3.0)	(224, 2.0)	(226, 4.0)	(228, 407647.0)	(230, 1955.0)	(232, 1881.0)	(234, 45.0)	(236, 16.0)	(238, 64.0)	(240, 3.0)	(242, 1.0)	(244, 0.0)	(246, 5.0)	(248, 190.0)	(250, 6701.0)																							
012024_BEL_CBC_T3_625_SSID_S54_R1_16S	(200, 2.0)	(202, 0.0)	(204, 2.0)	(206, 4.0)	(208, 5.0)	(210, 2.0)	(212, 4.0)	(214, 10.0)	(216, 13.0)	(218, 21.0)	(220, 10.0)	(222, 14.0)	(224, 7.0)	(226, 8.0)	(228, 2624.0)	(230, 5813.0)	(232, 2474658.0)	(234, 192.0)	(236, 23.0)	(238, 112.0)	(240, 5.0)	(242, 2.0)	(244, 0.0)	(246, 16.0)	(248, 2614.0)	(250, 64854.0)																							
012024_BEL_CBC_T3_642_PSTR_S40_R1_16S	(192, 1.0)	(194, 0.0)	(196, 0.0)	(198, 0.0)	(200, 0.0)	(202, 0.0)	(204, 0.0)	(206, 0.0)	(208, 1.0)	(210, 1.0)	(212, 0.0)	(214, 4.0)	(216, 5.0)	(218, 3.0)	(220, 2.0)	(222, 6.0)	(224, 3.0)	(226, 3.0)	(228, 6495.0)	(230, 6162.0)	(232, 818919.0)	(234, 64.0)	(236, 4.0)	(238, 48.0)	(240, 2.0)	(242, 1.0)	(244, 0.0)	(246, 7.0)	(248, 2478.0)	(250, 15133.0)																			
012024_BEL_CBC_T3_644_PSTR_S16_R1_16S	(186, 2.0)	(188, 0.0)	(190, 0.0)	(192, 0.0)	(194, 0.0)	(196, 2.0)	(198, 1.0)	(200, 1.0)	(202, 1.0)	(204, 1.0)	(206, 4.0)	(208, 2.0)	(210, 4.0)	(212, 9.0)	(214, 11.0)	(216, 9.0)	(218, 4.0)	(220, 15.0)	(222, 14.0)	(224, 13.0)	(226, 22.0)	(228, 993469.0)	(230, 7662.0)	(232, 6165.0)	(234, 100.0)	(236, 25.0)	(238, 179.0)	(240, 3.0)	(242, 1.0)	(244, 0.0)	(246, 12.0)	(248, 910.0)	(250, 19101.0)																
022024_BEL_CBC_T1_771_PAST_S10_R1_16S	(100, 1.0)	(105, 0.0)	(110, 1.0)	(115, 0.0)	(120, 0.0)	(125, 0.0)	(130, 0.0)	(135, 0.0)	(140, 0.0)	(145, 0.0)	(150, 0.0)	(155, 0.0)	(160, 0.0)	(165, 0.0)	(170, 0.0)	(175, 0.0)	(180, 0.0)	(185, 0.0)	(190, 0.0)	(195, 3.0)	(200, 1.0)	(205, 13.0)	(210, 26.0)	(215, 36.0)	(220, 18.0)	(225, 1408266.0)	(230, 12087.0)	(235, 385.0)	(240, 8.0)	(245, 1161.0)	(250, 26567.0)																		
022024_BEL_CBC_T2_808_PAST_S15_R1_16S	(192, 1.0)	(194, 1.0)	(196, 1.0)	(198, 2.0)	(200, 0.0)	(202, 1.0)	(204, 2.0)	(206, 2.0)	(208, 1.0)	(210, 3.0)	(212, 4.0)	(214, 4.0)	(216, 5.0)	(218, 2.0)	(220, 0.0)	(222, 4.0)	(224, 10.0)	(226, 7.0)	(228, 433766.0)	(230, 3021.0)	(232, 1455.0)	(234, 33.0)	(236, 11.0)	(238, 60.0)	(240, 1.0)	(242, 0.0)	(244, 0.0)	(246, 13.0)	(248, 512.0)	(250, 10774.0)																			
022024_BEL_CBC_T4_872_PSTR_S89_R1_16S	(198, 2.0)	(200, 0.0)	(202, 2.0)	(204, 0.0)	(206, 1.0)	(208, 5.0)	(210, 2.0)	(212, 3.0)	(214, 2.0)	(216, 3.0)	(218, 1.0)	(220, 1.0)	(222, 1.0)	(224, 2.0)	(226, 2.0)	(228, 1151.0)	(230, 400233.0)	(232, 1521.0)	(234, 13.0)	(236, 6.0)	(238, 15.0)	(240, 0.0)	(242, 0.0)	(244, 0.0)	(246, 1.0)	(248, 121.0)	(250, 9746.0)																						
042024_BEL_CBC_T1_1146_OANN_S52_R1_16S	(196, 3.0)	(198, 4.0)	(200, 4.0)	(202, 0.0)	(204, 0.0)	(206, 1.0)	(208, 0.0)	(210, 3.0)	(212, 0.0)	(214, 2.0)	(216, 0.0)	(218, 5.0)	(220, 2.0)	(222, 3.0)	(224, 3.0)	(226, 0.0)	(228, 1960.0)	(230, 2273.0)	(232, 630589.0)	(234, 42.0)	(236, 6.0)	(238, 15.0)	(240, 0.0)	(242, 0.0)	(244, 0.0)	(246, 20.0)	(248, 6022.0)	(250, 16295.0)																					
042024_BEL_CBC_T1_929_PAST_S8_R1_16S	(184, 1.0)	(186, 0.0)	(188, 0.0)	(190, 1.0)	(192, 1.0)	(194, 0.0)	(196, 1.0)	(198, 0.0)	(200, 0.0)	(202, 7.0)	(204, 3.0)	(206, 3.0)	(208, 5.0)	(210, 8.0)	(212, 6.0)	(214, 2.0)	(216, 6.0)	(218, 10.0)	(220, 9.0)	(222, 13.0)	(224, 12.0)	(226, 21.0)	(228, 1001305.0)	(230, 5677.0)	(232, 2989.0)	(234, 138.0)	(236, 31.0)	(238, 165.0)	(240, 13.0)	(242, 8.0)	(244, 0.0)	(246, 17.0)	(248, 520.0)	(250, 13277.0)															
042024_BEL_CBC_T1_933_SSID_S82_R1_16S	(192, 1.0)	(194, 0.0)	(196, 0.0)	(198, 0.0)	(200, 0.0)	(202, 1.0)	(204, 1.0)	(206, 1.0)	(208, 3.0)	(210, 0.0)	(212, 1.0)	(214, 9.0)	(216, 0.0)	(218, 4.0)	(220, 2.0)	(222, 4.0)	(224, 3.0)	(226, 8.0)	(228, 3333.0)	(230, 684896.0)	(232, 4577.0)	(234, 27.0)	(236, 1.0)	(238, 21.0)	(240, 1.0)	(242, 0.0)	(244, 0.0)	(246, 0.0)	(248, 109.0)	(250, 14572.0)																			
042024_BEL_CBC_T2_1017_MCAV_S94_R1_16S	(203, 1.0)	(204, 0.0)	(205, 0.0)	(206, 0.0)	(207, 1.0)	(208, 1.0)	(209, 3.0)	(210, 0.0)	(211, 0.0)	(212, 0.0)	(213, 1.0)	(214, 1.0)	(215, 2.0)	(216, 2.0)	(217, 0.0)	(218, 0.0)	(219, 4.0)	(220, 0.0)	(221, 0.0)	(222, 0.0)	(223, 1.0)	(224, 1.0)	(225, 2.0)	(226, 1.0)	(227, 4.0)	(228, 3.0)	(229, 1259.0)	(230, 481291.0)	(231, 538.0)	(232, 1518.0)	(233, 23.0)	(234, 5.0)	(235, 5.0)	(236, 1.0)	(237, 1.0)	(238, 1.0)	(239, 27.0)	(240, 0.0)	(241, 1.0)	(242, 0.0)	(243, 0.0)	(244, 0.0)	(245, 0.0)	(246, 0.0)	(247, 1.0)	(248, 120.0)	(249, 0.0)	(250, 0.0)	(251, 10447.0)
042024_BEL_CBC_T2_1028_PAST_S61_R1_16S	(207, 2.0)	(208, 0.0)	(209, 0.0)	(210, 0.0)	(211, 2.0)	(212, 1.0)	(213, 2.0)	(214, 0.0)	(215, 0.0)	(216, 1.0)	(217, 0.0)	(218, 4.0)	(219, 0.0)	(220, 1.0)	(221, 2.0)	(222, 1.0)	(223, 0.0)	(224, 1.0)	(225, 2.0)	(226, 1.0)	(227, 0.0)	(228, 4.0)	(229, 4650.0)	(230, 2952.0)	(231, 395.0)	(232, 578449.0)	(233, 588.0)	(234, 31.0)	(235, 14.0)	(236, 2.0)	(237, 2.0)	(238, 7.0)	(239, 26.0)	(240, 1.0)	(241, 0.0)	(242, 0.0)	(243, 0.0)	(244, 0.0)	(245, 0.0)	(246, 2.0)	(247, 10.0)	(248, 3380.0)	(249, 0.0)	(250, 0.0)	(251, 10639.0)				
042024_BEL_CBC_T2_1040_SSID_S34_R1_16S	(202, 2.0)	(204, 0.0)	(206, 0.0)	(208, 3.0)	(210, 1.0)	(212, 1.0)	(214, 1.0)	(216, 0.0)	(218, 3.0)	(220, 5.0)	(222, 5.0)	(224, 4.0)	(226, 4.0)	(228, 3332.0)	(230, 3626.0)	(232, 775563.0)	(234, 53.0)	(236, 14.0)	(238, 29.0)	(240, 1.0)	(242, 1.0)	(244, 0.0)	(246, 12.0)	(248, 1973.0)	(250, 27543.0)																								
042024_BEL_CBC_T3_947_MCAV_S70_R1_16S	(205, 1.0)	(206, 0.0)	(207, 0.0)	(208, 2.0)	(209, 0.0)	(210, 0.0)	(211, 2.0)	(212, 0.0)	(213, 2.0)	(214, 2.0)	(215, 3.0)	(216, 5.0)	(217, 1.0)	(218, 0.0)	(219, 1.0)	(220, 1.0)	(221, 3.0)	(222, 4.0)	(223, 1.0)	(224, 0.0)	(225, 2.0)	(226, 1.0)	(227, 1.0)	(228, 5.0)	(229, 3483.0)	(230, 695342.0)	(231, 814.0)	(232, 4668.0)	(233, 53.0)	(234, 3.0)	(235, 11.0)	(236, 7.0)	(237, 2.0)	(238, 2.0)	(239, 17.0)	(240, 0.0)	(241, 0.0)	(242, 0.0)	(243, 0.0)	(244, 0.0)	(245, 0.0)	(246, 1.0)	(247, 1.0)	(248, 136.0)	(249, 0.0)	(250, 0.0)	(251, 16110.0)		
042024_BEL_CBC_T3_949_PSTR_S26_R1_16S	(196, 3.0)	(198, 3.0)	(200, 0.0)	(202, 3.0)	(204, 2.0)	(206, 2.0)	(208, 3.0)	(210, 3.0)	(212, 10.0)	(214, 5.0)	(216, 2.0)	(218, 5.0)	(220, 14.0)	(222, 8.0)	(224, 13.0)	(226, 26.0)	(228, 958528.0)	(230, 4827.0)	(232, 9974.0)	(234, 103.0)	(236, 31.0)	(238, 137.0)	(240, 6.0)	(242, 2.0)	(244, 0.0)	(246, 34.0)	(248, 1386.0)	(250, 17178.0)																					
042024_BEL_CBC_T3_962_SSID_S51_R1_16S	(198, 1.0)	(200, 0.0)	(202, 1.0)	(204, 0.0)	(206, 0.0)	(208, 1.0)	(210, 0.0)	(212, 0.0)	(214, 0.0)	(216, 0.0)	(218, 4.0)	(220, 0.0)	(222, 1.0)	(224, 1.0)	(226, 1.0)	(228, 2563.0)	(230, 3079.0)	(232, 267980.0)	(234, 19.0)	(236, 2.0)	(238, 13.0)	(240, 0.0)	(242, 0.0)	(244, 1.0)	(246, 9.0)	(248, 2843.0)	(250, 7364.0)																						
052022_BEL_CBC_T1_11_PSTR_S85_R1_16S	(205, 2.0)	(206, 1.0)	(207, 0.0)	(208, 0.0)	(209, 1.0)	(210, 0.0)	(211, 1.0)	(212, 1.0)	(213, 1.0)	(214, 0.0)	(215, 0.0)	(216, 2.0)	(217, 1.0)	(218, 0.0)	(219, 2.0)	(220, 0.0)	(221, 1.0)	(222, 2.0)	(223, 2.0)	(224, 2.0)	(225, 1.0)	(226, 3.0)	(227, 9.0)	(228, 3.0)	(229, 1937.0)	(230, 761966.0)	(231, 1309.0)	(232, 2749.0)	(233, 31.0)	(234, 12.0)	(235, 11.0)	(236, 9.0)	(237, 1.0)	(238, 4.0)	(239, 29.0)	(240, 0.0)	(241, 0.0)	(242, 0.0)	(243, 1.0)	(244, 0.0)	(245, 0.0)	(246, 0.0)	(247, 0.0)	(248, 160.0)	(249, 0.0)	(250, 0.0)	(251, 20628.0)		
052022_BEL_CBC_T1_12_MCAV_S24_R1_16S	(200, 1.0)	(202, 2.0)	(204, 0.0)	(206, 2.0)	(208, 3.0)	(210, 1.0)	(212, 3.0)	(214, 2.0)	(216, 2.0)	(218, 3.0)	(220, 0.0)	(222, 2.0)	(224, 6.0)	(226, 7.0)	(228, 329838.0)	(230, 4213.0)	(232, 4762.0)	(234, 26.0)	(236, 11.0)	(238, 53.0)	(240, 1.0)	(242, 0.0)	(244, 0.0)	(246, 6.0)	(248, 1398.0)	(250, 9980.0)																							
052022_BEL_CBC_T1_13_MCAV_S75_R1_16S	(192, 1.0)	(194, 1.0)	(196, 0.0)	(198, 1.0)	(200, 1.0)	(202, 1.0)	(204, 1.0)	(206, 0.0)	(208, 1.0)	(210, 0.0)	(212, 3.0)	(214, 2.0)	(216, 4.0)	(218, 3.0)	(220, 3.0)	(222, 3.0)	(224, 2.0)	(226, 7.0)	(228, 1878.0)	(230, 466088.0)	(232, 2235.0)	(234, 4.0)	(236, 1.0)	(238, 16.0)	(240, 0.0)	(242, 1.0)	(244, 0.0)	(246, 0.0)	(248, 139.0)	(250, 24027.0)																			
052022_BEL_CBC_T1_39_MCAV_S77_R1_16S	(196, 1.0)	(198, 6.0)	(200, 4.0)	(202, 5.0)	(204, 3.0)	(206, 1.0)	(208, 3.0)	(210, 3.0)	(212, 3.0)	(214, 11.0)	(216, 6.0)	(218, 3.0)	(220, 3.0)	(222, 10.0)	(224, 12.0)	(226, 4.0)	(228, 1833.0)	(230, 1096894.0)	(232, 1642.0)	(234, 24.0)	(236, 7.0)	(238, 31.0)	(240, 2.0)	(242, 0.0)	(244, 0.0)	(246, 0.0)	(248, 115.0)	(250, 15934.0)																					
052022_BEL_CBC_T1_40_MCAV_S46_R1_16S	(198, 2.0)	(200, 1.0)	(202, 2.0)	(204, 3.0)	(206, 0.0)	(208, 0.0)	(210, 0.0)	(212, 2.0)	(214, 0.0)	(216, 0.0)	(218, 2.0)	(220, 2.0)	(222, 1.0)	(224, 1.0)	(226, 1.0)	(228, 1191.0)	(230, 1315.0)	(232, 403826.0)	(234, 33.0)	(236, 9.0)	(238, 16.0)	(240, 4.0)	(242, 0.0)	(244, 1.0)	(246, 12.0)	(248, 4362.0)	(250, 11079.0)																						
052022_BEL_CBC_T1_41_OANN_S4_R1_16S	(184, 1.0)	(186, 0.0)	(188, 0.0)	(190, 0.0)	(192, 0.0)	(194, 0.0)	(196, 3.0)	(198, 0.0)	(200, 0.0)	(202, 2.0)	(204, 0.0)	(206, 2.0)	(208, 4.0)	(210, 3.0)	(212, 3.0)	(214, 3.0)	(216, 5.0)	(218, 3.0)	(220, 4.0)	(222, 3.0)	(224, 9.0)	(226, 8.0)	(228, 520625.0)	(230, 1963.0)	(232, 1313.0)	(234, 76.0)	(236, 17.0)	(238, 62.0)	(240, 3.0)	(242, 1.0)	(244, 0.0)	(246, 10.0)	(248, 1221.0)	(250, 13161.0)															
052022_BEL_CBC_T1_52_PAST_S30_R1_16S	(194, 1.0)	(196, 1.0)	(198, 1.0)	(200, 0.0)	(202, 1.0)	(204, 1.0)	(206, 4.0)	(208, 4.0)	(210, 5.0)	(212, 11.0)	(214, 10.0)	(216, 6.0)	(218, 2.0)	(220, 7.0)	(222, 7.0)	(224, 13.0)	(226, 15.0)	(228, 952045.0)	(230, 5404.0)	(232, 7687.0)	(234, 111.0)	(236, 23.0)	(238, 171.0)	(240, 11.0)	(242, 1.0)	(244, 0.0)	(246, 10.0)	(248, 2802.0)	(250, 17435.0)																				
052022_BEL_CBC_T1_60_MCAV_S92_R1_16S	(192, 1.0)	(194, 0.0)	(196, 0.0)	(198, 0.0)	(200, 0.0)	(202, 0.0)	(204, 4.0)	(206, 2.0)	(208, 1.0)	(210, 1.0)	(212, 1.0)	(214, 6.0)	(216, 2.0)	(218, 0.0)	(220, 6.0)	(222, 2.0)	(224, 5.0)	(226, 5.0)	(228, 1031.0)	(230, 464083.0)	(232, 1070.0)	(234, 17.0)	(236, 2.0)	(238, 11.0)	(240, 0.0)	(242, 0.0)	(244, 0.0)	(246, 0.0)	(248, 146.0)	(250, 6692.0)																			
052022_BEL_CBC_T1_70_MCAV_S36_R1_16S	(200, 1.0)	(202, 0.0)	(204, 0.0)	(206, 1.0)	(208, 0.0)	(210, 2.0)	(212, 4.0)	(214, 1.0)	(216, 1.0)	(218, 0.0)	(220, 1.0)	(222, 2.0)	(224, 0.0)	(226, 1.0)	(228, 1979.0)	(230, 2225.0)	(232, 438395.0)	(234, 38.0)	(236, 2.0)	(238, 24.0)	(240, 1.0)	(242, 0.0)	(244, 0.0)	(246, 7.0)	(248, 2993.0)	(250, 11380.0)																							
052022_BEL_CBC_T2_45_PSTR_S31_R1_16S	(190, 1.0)	(192, 0.0)	(194, 5.0)	(196, 4.0)	(198, 3.0)	(200, 5.0)	(202, 11.0)	(204, 2.0)	(206, 2.0)	(208, 10.0)	(210, 11.0)	(212, 31.0)	(214, 21.0)	(216, 11.0)	(218, 18.0)	(220, 19.0)	(222, 38.0)	(224, 40.0)	(226, 51.0)	(228, 2795613.0)	(230, 9155.0)	(232, 5578.0)	(234, 303.0)	(236, 94.0)	(238, 457.0)	(240, 17.0)	(242, 3.0)	(244, 0.0)	(246, 20.0)	(248, 5509.0)	(250, 47770.0)																		
052022_BEL_CBC_T2_46_PSTR_S68_R1_16S	(196, 1.0)	(198, 0.0)	(200, 1.0)	(202, 4.0)	(204, 2.0)	(206, 0.0)	(208, 2.0)	(210, 8.0)	(212, 2.0)	(214, 1.0)	(216, 2.0)	(218, 1.0)	(220, 7.0)	(222, 4.0)	(224, 4.0)	(226, 8.0)	(228, 3483.0)	(230, 629923.0)	(232, 3301.0)	(234, 27.0)	(236, 6.0)	(238, 22.0)	(240, 0.0)	(242, 0.0)	(244, 0.0)	(246, 1.0)	(248, 156.0)	(250, 7249.0)																					
052022_BEL_CBC_T3_50_MCAV_S47_R1_16S	(198, 1.0)	(200, 0.0)	(202, 0.0)	(204, 0.0)	(206, 0.0)	(208, 2.0)	(210, 0.0)	(212, 1.0)	(214, 2.0)	(216, 9.0)	(218, 0.0)	(220, 3.0)	(222, 6.0)	(224, 1.0)	(226, 0.0)	(228, 2387.0)	(230, 1305.0)	(232, 271940.0)	(234, 25.0)	(236, 7.0)	(238, 15.0)	(240, 1.0)	(242, 2.0)	(244, 0.0)	(246, 14.0)	(248, 4560.0)	(250, 8645.0)																						
052022_BEL_CBC_T3_54_PAST_S93_R1_16S	(194, 1.0)	(196, 1.0)	(198, 1.0)	(200, 0.0)	(202, 0.0)	(204, 0.0)	(206, 2.0)	(208, 3.0)	(210, 4.0)	(212, 8.0)	(214, 4.0)	(216, 2.0)	(218, 2.0)	(220, 2.0)	(222, 1.0)	(224, 3.0)	(226, 3.0)	(228, 1054.0)	(230, 571341.0)	(232, 1403.0)	(234, 13.0)	(236, 6.0)	(238, 22.0)	(240, 0.0)	(242, 2.0)	(244, 0.0)	(246, 0.0)	(248, 117.0)	(250, 10931.0)																				
052022_BEL_CBC_T3_60_MCAV_S80_R1_16S	(196, 1.0)	(198, 0.0)	(200, 0.0)	(202, 0.0)	(204, 0.0)	(206, 0.0)	(208, 0.0)	(210, 2.0)	(212, 8.0)	(214, 0.0)	(216, 9.0)	(218, 6.0)	(220, 5.0)	(222, 4.0)	(224, 5.0)	(226, 6.0)	(228, 3567.0)	(230, 915905.0)	(232, 3453.0)	(234, 16.0)	(236, 3.0)	(238, 26.0)	(240, 1.0)	(242, 0.0)	(244, 0.0)	(246, 0.0)	(248, 119.0)	(250, 28333.0)																					
062019_BEL_CBC_T1_18_PAST_S42_R1_16S	(196, 1.0)	(198, 0.0)	(200, 0.0)	(202, 1.0)	(204, 1.0)	(206, 0.0)	(208, 0.0)	(210, 3.0)	(212, 1.0)	(214, 2.0)	(216, 2.0)	(218, 4.0)	(220, 4.0)	(222, 1.0)	(224, 1.0)	(226, 2.0)	(228, 1435.0)	(230, 1300.0)	(232, 315746.0)	(234, 19.0)	(236, 1.0)	(238, 21.0)	(240, 0.0)	(242, 2.0)	(244, 0.0)	(246, 20.0)	(248, 5036.0)	(250, 10568.0)																					
062019_BEL_CBC_T1_1_PAST_S7_R1_16S	(190, 1.0)	(192, 0.0)	(194, 1.0)	(196, 0.0)	(198, 0.0)	(200, 0.0)	(202, 0.0)	(204, 2.0)	(206, 4.0)	(208, 2.0)	(210, 3.0)	(212, 1.0)	(214, 3.0)	(216, 6.0)	(218, 5.0)	(220, 4.0)	(222, 7.0)	(224, 7.0)	(226, 11.0)	(228, 459947.0)	(230, 2181.0)	(232, 828.0)	(234, 62.0)	(236, 10.0)	(238, 98.0)	(240, 4.0)	(242, 0.0)	(244, 0.0)	(246, 17.0)	(248, 1411.0)	(250, 10303.0)																		
062019_BEL_CBC_T1_24_MCAV_S69_R1_16S	(188, 1.0)	(190, 0.0)	(192, 0.0)	(194, 0.0)	(196, 4.0)	(198, 1.0)	(200, 0.0)	(202, 0.0)	(204, 1.0)	(206, 2.0)	(208, 1.0)	(210, 2.0)	(212, 2.0)	(214, 3.0)	(216, 2.0)	(218, 3.0)	(220, 7.0)	(222, 3.0)	(224, 7.0)	(226, 4.0)	(228, 2291.0)	(230, 580304.0)	(232, 3966.0)	(234, 11.0)	(236, 5.0)	(238, 17.0)	(240, 1.0)	(242, 0.0)	(244, 0.0)	(246, 2.0)	(248, 102.0)	(250, 12870.0)																	
062019_BEL_CBC_T1_3_MCAV_S23_R1_16S	(192, 1.0)	(194, 0.0)	(196, 0.0)	(198, 0.0)	(200, 0.0)	(202, 1.0)	(204, 1.0)	(206, 0.0)	(208, 1.0)	(210, 1.0)	(212, 1.0)	(214, 5.0)	(216, 2.0)	(218, 8.0)	(220, 5.0)	(222, 15.0)	(224, 10.0)	(226, 12.0)	(228, 454579.0)	(230, 2645.0)	(232, 1257.0)	(234, 42.0)	(236, 13.0)	(238, 66.0)	(240, 2.0)	(242, 0.0)	(244, 0.0)	(246, 12.0)	(248, 981.0)	(250, 10597.0)																			
062019_BEL_CBC_T1_6_MCAV_S9_R1_16S	(190, 1.0)	(192, 0.0)	(194, 0.0)	(196, 2.0)	(198, 1.0)	(200, 4.0)	(202, 4.0)	(204, 4.0)	(206, 6.0)	(208, 11.0)	(210, 14.0)	(212, 17.0)	(214, 13.0)	(216, 14.0)	(218, 7.0)	(220, 12.0)	(222, 11.0)	(224, 23.0)	(226, 33.0)	(228, 1646528.0)	(230, 6218.0)	(232, 4380.0)	(234, 175.0)	(236, 38.0)	(238, 275.0)	(240, 10.0)	(242, 5.0)	(244, 0.0)	(246, 22.0)	(248, 1440.0)	(250, 35861.0)																		
062019_BEL_CBC_T1_8_PAST_S29_R1_16S	(192, 1.0)	(194, 0.0)	(196, 0.0)	(198, 0.0)	(200, 0.0)	(202, 2.0)	(204, 1.0)	(206, 1.0)	(208, 0.0)	(210, 3.0)	(212, 5.0)	(214, 8.0)	(216, 2.0)	(218, 1.0)	(220, 4.0)	(222, 3.0)	(224, 8.0)	(226, 5.0)	(228, 301145.0)	(230, 3397.0)	(232, 5785.0)	(234, 19.0)	(236, 8.0)	(238, 60.0)	(240, 0.0)	(242, 0.0)	(244, 0.0)	(246, 14.0)	(248, 1735.0)	(250, 8706.0)																			
062019_BEL_CBC_T1_9_MCAV_S76_R1_16S	(202, 1.0)	(204, 1.0)	(206, 3.0)	(208, 0.0)	(210, 2.0)	(212, 2.0)	(214, 2.0)	(216, 7.0)	(218, 3.0)	(220, 3.0)	(222, 2.0)	(224, 4.0)	(226, 5.0)	(228, 1767.0)	(230, 684869.0)	(232, 1321.0)	(234, 18.0)	(236, 2.0)	(238, 19.0)	(240, 0.0)	(242, 0.0)	(244, 0.0)	(246, 0.0)	(248, 75.0)	(250, 16064.0)																								
062019_BEL_CBC_T2_22_PAST_S60_R1_16S	(130, 4.0)	(135, 0.0)	(140, 0.0)	(145, 0.0)	(150, 0.0)	(155, 0.0)	(160, 0.0)	(165, 0.0)	(170, 0.0)	(175, 0.0)	(180, 0.0)	(185, 0.0)	(190, 0.0)	(195, 2.0)	(200, 6.0)	(205, 25.0)	(210, 16.0)	(215, 9.0)	(220, 14.0)	(225, 4468.0)	(230, 1155088.0)	(235, 107.0)	(240, 7.0)	(245, 3616.0)	(250, 15224.0)																								
062019_BEL_CBC_T2_5_MCAV_S20_R1_16S	(208, 2.0)	(209, 1.0)	(210, 0.0)	(211, 2.0)	(212, 3.0)	(213, 1.0)	(214, 1.0)	(215, 0.0)	(216, 0.0)	(217, 1.0)	(218, 0.0)	(219, 1.0)	(220, 0.0)	(221, 1.0)	(222, 0.0)	(223, 1.0)	(224, 0.0)	(225, 3.0)	(226, 3.0)	(227, 0.0)	(228, 182.0)	(229, 252080.0)	(230, 2078.0)	(231, 41.0)	(232, 2023.0)	(233, 24.0)	(234, 9.0)	(235, 21.0)	(236, 6.0)	(237, 1.0)	(238, 5.0)	(239, 36.0)	(240, 0.0)	(241, 1.0)	(242, 0.0)	(243, 0.0)	(244, 0.0)	(245, 0.0)	(246, 5.0)	(247, 9.0)	(248, 817.0)	(249, 0.0)	(250, 0.0)	(251, 6177.0)					
062019_BEL_CBC_T3_11_MCAV_S13_R1_16S	(198, 1.0)	(200, 0.0)	(202, 2.0)	(204, 0.0)	(206, 0.0)	(208, 0.0)	(210, 1.0)	(212, 6.0)	(214, 4.0)	(216, 1.0)	(218, 1.0)	(220, 3.0)	(222, 5.0)	(224, 5.0)	(226, 3.0)	(228, 348572.0)	(230, 3834.0)	(232, 3789.0)	(234, 23.0)	(236, 6.0)	(238, 65.0)	(240, 2.0)	(242, 0.0)	(244, 0.0)	(246, 10.0)	(248, 1068.0)	(250, 9741.0)																						
062019_BEL_CBC_T3_14_MCAV_S33_R1_16S	(194, 1.0)	(196, 0.0)	(198, 0.0)	(200, 0.0)	(202, 0.0)	(204, 0.0)	(206, 0.0)	(208, 2.0)	(210, 4.0)	(212, 0.0)	(214, 4.0)	(216, 1.0)	(218, 5.0)	(220, 3.0)	(222, 2.0)	(224, 1.0)	(226, 6.0)	(228, 2509.0)	(230, 3366.0)	(232, 727121.0)	(234, 49.0)	(236, 2.0)	(238, 29.0)	(240, 1.0)	(242, 0.0)	(244, 3.0)	(246, 7.0)	(248, 2970.0)	(250, 13469.0)																				
062024_BEL_CBC_T1_1356_PAST_S37_R1_16S	(105, 2.0)	(110, 0.0)	(115, 0.0)	(120, 0.0)	(125, 0.0)	(130, 0.0)	(135, 0.0)	(140, 0.0)	(145, 0.0)	(150, 0.0)	(155, 0.0)	(160, 0.0)	(165, 0.0)	(170, 0.0)	(175, 0.0)	(180, 0.0)	(185, 0.0)	(190, 0.0)	(195, 0.0)	(200, 3.0)	(205, 5.0)	(210, 10.0)	(215, 14.0)	(220, 14.0)	(225, 1851.0)	(230, 1497141.0)	(235, 155.0)	(240, 4.0)	(245, 1427.0)	(250, 14549.0)																			
062024_BEL_CBC_T2_1372_OFAV_S67_R1_16S	(188, 1.0)	(190, 0.0)	(192, 0.0)	(194, 0.0)	(196, 1.0)	(198, 3.0)	(200, 1.0)	(202, 1.0)	(204, 0.0)	(206, 1.0)	(208, 2.0)	(210, 0.0)	(212, 4.0)	(214, 1.0)	(216, 4.0)	(218, 5.0)	(220, 0.0)	(222, 13.0)	(224, 7.0)	(226, 4.0)	(228, 4089.0)	(230, 735753.0)	(232, 5009.0)	(234, 21.0)	(236, 7.0)	(238, 40.0)	(240, 4.0)	(242, 0.0)	(244, 0.0)	(246, 0.0)	(248, 132.0)	(250, 13641.0)																	
062024_BEL_CBC_T2_1384_MCAV_S91_R1_16S	(206, 1.0)	(207, 0.0)	(208, 0.0)	(209, 1.0)	(210, 0.0)	(211, 1.0)	(212, 0.0)	(213, 7.0)	(214, 0.0)	(215, 1.0)	(216, 0.0)	(217, 1.0)	(218, 0.0)	(219, 1.0)	(220, 0.0)	(221, 1.0)	(222, 0.0)	(223, 0.0)	(224, 0.0)	(225, 1.0)	(226, 1.0)	(227, 1.0)	(228, 5.0)	(229, 1157.0)	(230, 212583.0)	(231, 330.0)	(232, 1399.0)	(233, 17.0)	(234, 3.0)	(235, 3.0)	(236, 0.0)	(237, 0.0)	(238, 1.0)	(239, 3.0)	(240, 0.0)	(241, 0.0)	(242, 0.0)	(243, 0.0)	(244, 0.0)	(245, 0.0)	(246, 0.0)	(247, 0.0)	(248, 80.0)	(249, 0.0)	(250, 0.0)	(251, 2326.0)			
062024_BEL_CBC_T2_1393_PAST_S55_R1_16S	(184, 1.0)	(186, 0.0)	(188, 0.0)	(190, 0.0)	(192, 0.0)	(194, 0.0)	(196, 0.0)	(198, 0.0)	(200, 2.0)	(202, 0.0)	(204, 2.0)	(206, 0.0)	(208, 0.0)	(210, 3.0)	(212, 1.0)	(214, 6.0)	(216, 6.0)	(218, 5.0)	(220, 7.0)	(222, 2.0)	(224, 3.0)	(226, 7.0)	(228, 5572.0)	(230, 3174.0)	(232, 942378.0)	(234, 84.0)	(236, 16.0)	(238, 47.0)	(240, 1.0)	(242, 4.0)	(244, 1.0)	(246, 11.0)	(248, 3284.0)	(250, 12080.0)															
062024_BEL_CBC_T2_1399_PAST_S44_R1_16S	(209, 1.0)	(210, 2.0)	(211, 1.0)	(212, 0.0)	(213, 1.0)	(214, 2.0)	(215, 3.0)	(216, 0.0)	(217, 3.0)	(218, 3.0)	(219, 1.0)	(220, 0.0)	(221, 0.0)	(222, 0.0)	(223, 1.0)	(224, 0.0)	(225, 1.0)	(226, 1.0)	(227, 2.0)	(228, 5.0)	(229, 888.0)	(230, 1025.0)	(231, 396.0)	(232, 534923.0)	(233, 644.0)	(234, 31.0)	(235, 20.0)	(236, 3.0)	(237, 2.0)	(238, 2.0)	(239, 17.0)	(240, 0.0)	(241, 0.0)	(242, 2.0)	(243, 0.0)	(244, 0.0)	(245, 1.0)	(246, 1.0)	(247, 1.0)	(248, 2658.0)	(249, 0.0)	(250, 0.0)	(251, 8847.0)						
062024_BEL_CBC_T2_1402_MCAV_S95_R1_16S	(192, 1.0)	(194, 0.0)	(196, 0.0)	(198, 0.0)	(200, 0.0)	(202, 0.0)	(204, 0.0)	(206, 0.0)	(208, 1.0)	(210, 1.0)	(212, 1.0)	(214, 1.0)	(216, 1.0)	(218, 0.0)	(220, 2.0)	(222, 3.0)	(224, 1.0)	(226, 2.0)	(228, 2331.0)	(230, 216571.0)	(232, 629.0)	(234, 3.0)	(236, 1.0)	(238, 3.0)	(240, 0.0)	(242, 0.0)	(244, 0.0)	(246, 0.0)	(248, 78.0)	(250, 2627.0)																			
062024_BEL_CBC_T3_1418_SSID_S21_R1_16S	(192, 1.0)	(194, 0.0)	(196, 1.0)	(198, 0.0)	(200, 1.0)	(202, 0.0)	(204, 3.0)	(206, 4.0)	(208, 2.0)	(210, 2.0)	(212, 1.0)	(214, 4.0)	(216, 2.0)	(218, 3.0)	(220, 2.0)	(222, 2.0)	(224, 5.0)	(226, 4.0)	(228, 307465.0)	(230, 4256.0)	(232, 2699.0)	(234, 35.0)	(236, 14.0)	(238, 62.0)	(240, 0.0)	(242, 0.0)	(244, 0.0)	(246, 5.0)	(248, 829.0)	(250, 9460.0)																			
062024_BEL_CBC_T4_1458_MCAV_S58_R1_16S	(196, 1.0)	(198, 1.0)	(200, 3.0)	(202, 1.0)	(204, 3.0)	(206, 5.0)	(208, 9.0)	(210, 10.0)	(212, 12.0)	(214, 13.0)	(216, 5.0)	(218, 8.0)	(220, 10.0)	(222, 11.0)	(224, 5.0)	(226, 12.0)	(228, 8218.0)	(230, 3587.0)	(232, 2870674.0)	(234, 206.0)	(236, 21.0)	(238, 113.0)	(240, 1.0)	(242, 0.0)	(244, 0.0)	(246, 22.0)	(248, 3454.0)	(250, 37158.0)																					
082024_BEL_CBC_T2_1517_MCAV_S28_R1_16S	(192, 1.0)	(194, 0.0)	(196, 0.0)	(198, 1.0)	(200, 0.0)	(202, 3.0)	(204, 3.0)	(206, 1.0)	(208, 1.0)	(210, 9.0)	(212, 4.0)	(214, 4.0)	(216, 5.0)	(218, 6.0)	(220, 4.0)	(222, 9.0)	(224, 18.0)	(226, 18.0)	(228, 785150.0)	(230, 3231.0)	(232, 4647.0)	(234, 68.0)	(236, 10.0)	(238, 144.0)	(240, 0.0)	(242, 0.0)	(244, 0.0)	(246, 21.0)	(248, 350.0)	(250, 11976.0)																			
082024_BEL_CBC_T3_1559_PSTR_S74_R1_16S	(105, 1.0)	(110, 0.0)	(115, 0.0)	(120, 0.0)	(125, 0.0)	(130, 0.0)	(135, 0.0)	(140, 0.0)	(145, 0.0)	(150, 0.0)	(155, 0.0)	(160, 0.0)	(165, 0.0)	(170, 0.0)	(175, 0.0)	(180, 0.0)	(185, 0.0)	(190, 0.0)	(195, 0.0)	(200, 5.0)	(205, 3.0)	(210, 8.0)	(215, 10.0)	(220, 7.0)	(225, 2011.0)	(230, 635213.0)	(235, 22.0)	(240, 0.0)	(245, 100.0)	(250, 9736.0)																			
082024_BEL_CBC_T3_1564_PAST_S48_R1_16S	(198, 1.0)	(200, 2.0)	(202, 0.0)	(204, 0.0)	(206, 0.0)	(208, 1.0)	(210, 0.0)	(212, 1.0)	(214, 1.0)	(216, 3.0)	(218, 2.0)	(220, 0.0)	(222, 4.0)	(224, 0.0)	(226, 5.0)	(228, 2494.0)	(230, 3090.0)	(232, 627785.0)	(234, 71.0)	(236, 4.0)	(238, 38.0)	(240, 2.0)	(242, 0.0)	(244, 1.0)	(246, 12.0)	(248, 3529.0)	(250, 9735.0)																						
082024_BEL_CBC_T4_1608_MCAV_S11_R1_16S	(192, 1.0)	(194, 0.0)	(196, 0.0)	(198, 3.0)	(200, 0.0)	(202, 3.0)	(204, 4.0)	(206, 2.0)	(208, 1.0)	(210, 2.0)	(212, 2.0)	(214, 7.0)	(216, 1.0)	(218, 3.0)	(220, 8.0)	(222, 9.0)	(224, 13.0)	(226, 11.0)	(228, 742058.0)	(230, 4404.0)	(232, 3833.0)	(234, 73.0)	(236, 20.0)	(238, 137.0)	(240, 4.0)	(242, 0.0)	(244, 0.0)	(246, 23.0)	(248, 397.0)	(250, 16150.0)																			
092023_BEL_CBC_T1_188_SSID_S3_R1_16S	(125, 1.0)	(130, 0.0)	(135, 0.0)	(140, 0.0)	(145, 0.0)	(150, 0.0)	(155, 0.0)	(160, 0.0)	(165, 0.0)	(170, 0.0)	(175, 0.0)	(180, 0.0)	(185, 0.0)	(190, 0.0)	(195, 0.0)	(200, 2.0)	(205, 2.0)	(210, 5.0)	(215, 3.0)	(220, 7.0)	(225, 366391.0)	(230, 4899.0)	(235, 106.0)	(240, 7.0)	(245, 2464.0)	(250, 18044.0)																							
092023_BEL_CBC_T1_194_SSID_S39_R1_16S	(196, 2.0)	(198, 0.0)	(200, 2.0)	(202, 6.0)	(204, 4.0)	(206, 0.0)	(208, 1.0)	(210, 0.0)	(212, 1.0)	(214, 4.0)	(216, 3.0)	(218, 8.0)	(220, 5.0)	(222, 0.0)	(224, 1.0)	(226, 2.0)	(228, 6040.0)	(230, 3269.0)	(232, 448258.0)	(234, 47.0)	(236, 10.0)	(238, 33.0)	(240, 0.0)	(242, 0.0)	(244, 1.0)	(246, 7.0)	(248, 2176.0)	(250, 18403.0)																					
092023_BEL_CBC_T2_173_SSID_S14_R1_16S	(196, 1.0)	(198, 0.0)	(200, 3.0)	(202, 3.0)	(204, 3.0)	(206, 4.0)	(208, 3.0)	(210, 8.0)	(212, 5.0)	(214, 5.0)	(216, 9.0)	(218, 8.0)	(220, 14.0)	(222, 17.0)	(224, 16.0)	(226, 16.0)	(228, 1093897.0)	(230, 25640.0)	(232, 4064.0)	(234, 147.0)	(236, 32.0)	(238, 187.0)	(240, 9.0)	(242, 2.0)	(244, 0.0)	(246, 19.0)	(248, 2548.0)	(250, 46233.0)																					
092023_BEL_CBC_T2_192_OFAV_S64_R1_16S	(192, 1.0)	(194, 2.0)	(196, 0.0)	(198, 3.0)	(200, 1.0)	(202, 0.0)	(204, 3.0)	(206, 4.0)	(208, 6.0)	(210, 2.0)	(212, 7.0)	(214, 4.0)	(216, 3.0)	(218, 2.0)	(220, 6.0)	(222, 5.0)	(224, 11.0)	(226, 11.0)	(228, 754582.0)	(230, 6579.0)	(232, 29518.0)	(234, 104.0)	(236, 30.0)	(238, 186.0)	(240, 0.0)	(242, 0.0)	(244, 0.0)	(246, 7.0)	(248, 1511.0)	(250, 39777.0)																			
092023_BEL_CBC_T2_196_SSID_S63_R1_16S	(100, 2.0)	(105, 0.0)	(110, 0.0)	(115, 0.0)	(120, 0.0)	(125, 0.0)	(130, 0.0)	(135, 0.0)	(140, 0.0)	(145, 0.0)	(150, 0.0)	(155, 0.0)	(160, 0.0)	(165, 0.0)	(170, 0.0)	(175, 0.0)	(180, 0.0)	(185, 0.0)	(190, 2.0)	(195, 1.0)	(200, 1.0)	(205, 13.0)	(210, 19.0)	(215, 18.0)	(220, 24.0)	(225, 1209788.0)	(230, 33164.0)	(235, 297.0)	(240, 6.0)	(245, 6642.0)	(250, 55307.0)																		
092023_BEL_CBC_T3_172_PSTR_S57_R1_16S	(203, 1.0)	(204, 0.0)	(205, 0.0)	(206, 0.0)	(207, 0.0)	(208, 4.0)	(209, 2.0)	(210, 1.0)	(211, 1.0)	(212, 1.0)	(213, 0.0)	(214, 0.0)	(215, 0.0)	(216, 1.0)	(217, 1.0)	(218, 0.0)	(219, 2.0)	(220, 4.0)	(221, 3.0)	(222, 1.0)	(223, 1.0)	(224, 1.0)	(225, 4.0)	(226, 0.0)	(227, 1.0)	(228, 13.0)	(229, 6424.0)	(230, 2488.0)	(231, 1074.0)	(232, 698846.0)	(233, 1710.0)	(234, 60.0)	(235, 29.0)	(236, 2.0)	(237, 9.0)	(238, 7.0)	(239, 41.0)	(240, 2.0)	(241, 0.0)	(242, 5.0)	(243, 0.0)	(244, 0.0)	(245, 2.0)	(246, 0.0)	(247, 3.0)	(248, 2037.0)	(249, 0.0)	(250, 0.0)	(251, 5047.0)
092023_BEL_CBC_T3_183_SSID_S79_R1_16S	(192, 1.0)	(194, 0.0)	(196, 0.0)	(198, 1.0)	(200, 1.0)	(202, 0.0)	(204, 2.0)	(206, 3.0)	(208, 1.0)	(210, 2.0)	(212, 4.0)	(214, 5.0)	(216, 0.0)	(218, 4.0)	(220, 2.0)	(222, 4.0)	(224, 2.0)	(226, 4.0)	(228, 3989.0)	(230, 590913.0)	(232, 800.0)	(234, 22.0)	(236, 5.0)	(238, 17.0)	(240, 3.0)	(242, 0.0)	(244, 0.0)	(246, 0.0)	(248, 88.0)	(250, 6966.0)																			
092023_BEL_CBC_T3_196_SSID_S25_R1_16S	(196, 1.0)	(198, 0.0)	(200, 1.0)	(202, 0.0)	(204, 0.0)	(206, 1.0)	(208, 0.0)	(210, 0.0)	(212, 2.0)	(214, 5.0)	(216, 6.0)	(218, 1.0)	(220, 3.0)	(222, 9.0)	(224, 9.0)	(226, 12.0)	(228, 490203.0)	(230, 5976.0)	(232, 7619.0)	(234, 51.0)	(236, 19.0)	(238, 76.0)	(240, 2.0)	(242, 3.0)	(244, 0.0)	(246, 10.0)	(248, 3283.0)	(250, 27439.0)																					
092023_BEL_CBC_T4_84_OANN_S12_R1_16S	(204, 3.0)	(205, 0.0)	(206, 0.0)	(207, 0.0)	(208, 0.0)	(209, 0.0)	(210, 0.0)	(211, 1.0)	(212, 2.0)	(213, 1.0)	(214, 0.0)	(215, 0.0)	(216, 1.0)	(217, 0.0)	(218, 0.0)	(219, 1.0)	(220, 1.0)	(221, 0.0)	(222, 1.0)	(223, 1.0)	(224, 0.0)	(225, 0.0)	(226, 3.0)	(227, 2.0)	(228, 163.0)	(229, 173229.0)	(230, 2471.0)	(231, 24.0)	(232, 2774.0)	(233, 21.0)	(234, 5.0)	(235, 10.0)	(236, 3.0)	(237, 0.0)	(238, 5.0)	(239, 23.0)	(240, 1.0)	(241, 0.0)	(242, 1.0)	(243, 0.0)	(244, 0.0)	(245, 0.0)	(246, 0.0)	(247, 8.0)	(248, 243.0)	(249, 0.0)	(250, 0.0)	(251, 4534.0)	
092023_BEL_CBC_T4_88_OFAV_S71_R1_16S	(200, 1.0)	(202, 0.0)	(204, 1.0)	(206, 2.0)	(208, 1.0)	(210, 2.0)	(212, 7.0)	(214, 2.0)	(216, 6.0)	(218, 5.0)	(220, 2.0)	(222, 6.0)	(224, 3.0)	(226, 11.0)	(228, 7487.0)	(230, 691640.0)	(232, 1874.0)	(234, 29.0)	(236, 4.0)	(238, 32.0)	(240, 0.0)	(242, 0.0)	(244, 0.0)	(246, 0.0)	(248, 159.0)	(250, 14366.0)																							
092023_BEL_CBC_T4_91_MCAV_S78_R1_16S	(194, 1.0)	(196, 4.0)	(198, 1.0)	(200, 0.0)	(202, 2.0)	(204, 1.0)	(206, 2.0)	(208, 3.0)	(210, 3.0)	(212, 5.0)	(214, 7.0)	(216, 10.0)	(218, 7.0)	(220, 1.0)	(222, 11.0)	(224, 7.0)	(226, 9.0)	(228, 2653.0)	(230, 1077846.0)	(232, 2204.0)	(234, 37.0)	(236, 16.0)	(238, 25.0)	(240, 2.0)	(242, 2.0)	(244, 0.0)	(246, 0.0)	(248, 75.0)	(250, 9227.0)																				
102019_BEL_CBC_T1_25_PSTR_S65_R1_16S	(184, 1.0)	(186, 0.0)	(188, 0.0)	(190, 0.0)	(192, 2.0)	(194, 0.0)	(196, 0.0)	(198, 1.0)	(200, 0.0)	(202, 1.0)	(204, 1.0)	(206, 2.0)	(208, 1.0)	(210, 6.0)	(212, 5.0)	(214, 5.0)	(216, 6.0)	(218, 3.0)	(220, 2.0)	(222, 6.0)	(224, 5.0)	(226, 11.0)	(228, 3603.0)	(230, 924134.0)	(232, 5865.0)	(234, 15.0)	(236, 14.0)	(238, 39.0)	(240, 2.0)	(242, 2.0)	(244, 0.0)	(246, 0.0)	(248, 173.0)	(250, 15108.0)															
102019_BEL_CBC_T1_27_PSTR_S88_R1_16S	(198, 1.0)	(200, 0.0)	(202, 0.0)	(204, 0.0)	(206, 3.0)	(208, 2.0)	(210, 0.0)	(212, 3.0)	(214, 5.0)	(216, 10.0)	(218, 4.0)	(220, 9.0)	(222, 2.0)	(224, 4.0)	(226, 6.0)	(228, 4972.0)	(230, 581570.0)	(232, 5339.0)	(234, 7.0)	(236, 4.0)	(238, 12.0)	(240, 1.0)	(242, 0.0)	(244, 0.0)	(246, 1.0)	(248, 155.0)	(250, 8414.0)																						
102019_BEL_CBC_T1_28_PSTR_S19_R1_16S	(198, 1.0)	(200, 0.0)	(202, 5.0)	(204, 2.0)	(206, 1.0)	(208, 3.0)	(210, 1.0)	(212, 5.0)	(214, 6.0)	(216, 4.0)	(218, 5.0)	(220, 3.0)	(222, 7.0)	(224, 6.0)	(226, 4.0)	(228, 499139.0)	(230, 3186.0)	(232, 2732.0)	(234, 39.0)	(236, 12.0)	(238, 76.0)	(240, 0.0)	(242, 1.0)	(244, 0.0)	(246, 23.0)	(248, 1870.0)	(250, 13715.0)																						
102019_BEL_CBC_T1_31_PSTR_S22_R1_16S	(196, 1.0)	(198, 0.0)	(200, 3.0)	(202, 1.0)	(204, 2.0)	(206, 2.0)	(208, 2.0)	(210, 8.0)	(212, 8.0)	(214, 8.0)	(216, 3.0)	(218, 5.0)	(220, 7.0)	(222, 3.0)	(224, 10.0)	(226, 11.0)	(228, 575519.0)	(230, 3211.0)	(232, 3213.0)	(234, 72.0)	(236, 16.0)	(238, 88.0)	(240, 1.0)	(242, 0.0)	(244, 0.0)	(246, 13.0)	(248, 1431.0)	(250, 13675.0)																					
102019_BEL_CBC_T2_33_PSTR_S72_R1_16S	(196, 1.0)	(198, 5.0)	(200, 4.0)	(202, 3.0)	(204, 2.0)	(206, 11.0)	(208, 11.0)	(210, 15.0)	(212, 24.0)	(214, 20.0)	(216, 15.0)	(218, 12.0)	(220, 15.0)	(222, 17.0)	(224, 14.0)	(226, 23.0)	(228, 9364.0)	(230, 2702851.0)	(232, 8617.0)	(234, 87.0)	(236, 17.0)	(238, 87.0)	(240, 3.0)	(242, 0.0)	(244, 0.0)	(246, 1.0)	(248, 299.0)	(250, 45207.0)																					
102019_BEL_CBC_T3_36_PSTR_S83_R1_16S	(196, 3.0)	(198, 3.0)	(200, 0.0)	(202, 0.0)	(204, 4.0)	(206, 4.0)	(208, 2.0)	(210, 1.0)	(212, 9.0)	(214, 8.0)	(216, 15.0)	(218, 5.0)	(220, 6.0)	(222, 11.0)	(224, 12.0)	(226, 21.0)	(228, 3326.0)	(230, 1709700.0)	(232, 3096.0)	(234, 46.0)	(236, 15.0)	(238, 57.0)	(240, 3.0)	(242, 0.0)	(244, 0.0)	(246, 0.0)	(248, 203.0)	(250, 24517.0)																					
112023_BEL_CBC_T2_308_PAST_S62_R1_16S	(192, 2.0)	(194, 0.0)	(196, 0.0)	(198, 0.0)	(200, 2.0)	(202, 1.0)	(204, 2.0)	(206, 1.0)	(208, 0.0)	(210, 0.0)	(212, 2.0)	(214, 2.0)	(216, 2.0)	(218, 3.0)	(220, 2.0)	(222, 3.0)	(224, 0.0)	(226, 2.0)	(228, 7433.0)	(230, 2793.0)	(232, 590737.0)	(234, 56.0)	(236, 3.0)	(238, 37.0)	(240, 2.0)	(242, 0.0)	(244, 2.0)	(246, 22.0)	(248, 4014.0)	(250, 12340.0)																			
112023_BEL_CBC_T3_347_MCAV_S81_R1_16S	(207, 1.0)	(208, 2.0)	(209, 0.0)	(210, 0.0)	(211, 1.0)	(212, 1.0)	(213, 0.0)	(214, 0.0)	(215, 2.0)	(216, 1.0)	(217, 1.0)	(218, 0.0)	(219, 0.0)	(220, 0.0)	(221, 1.0)	(222, 4.0)	(223, 0.0)	(224, 2.0)	(225, 1.0)	(226, 3.0)	(227, 1.0)	(228, 6.0)	(229, 2253.0)	(230, 511386.0)	(231, 790.0)	(232, 3655.0)	(233, 16.0)	(234, 6.0)	(235, 6.0)	(236, 1.0)	(237, 3.0)	(238, 2.0)	(239, 19.0)	(240, 1.0)	(241, 0.0)	(242, 0.0)	(243, 0.0)	(244, 0.0)	(245, 0.0)	(246, 0.0)	(247, 1.0)	(248, 110.0)	(249, 0.0)	(250, 0.0)	(251, 6910.0)				
112023_BEL_CBC_T4_396_MCAV_S1_R1_16S	(194, 1.0)	(196, 0.0)	(198, 0.0)	(200, 0.0)	(202, 0.0)	(204, 0.0)	(206, 0.0)	(208, 0.0)	(210, 0.0)	(212, 1.0)	(214, 3.0)	(216, 0.0)	(218, 1.0)	(220, 0.0)	(222, 2.0)	(224, 3.0)	(226, 2.0)	(228, 112152.0)	(230, 1515.0)	(232, 1937.0)	(234, 9.0)	(236, 1.0)	(238, 24.0)	(240, 2.0)	(242, 1.0)	(244, 0.0)	(246, 9.0)	(248, 52.0)	(250, 1811.0)																				
122022_BEL_CBC_T1_120_OANN_S35_R1_16S	(192, 1.0)	(194, 0.0)	(196, 0.0)	(198, 1.0)	(200, 2.0)	(202, 3.0)	(204, 0.0)	(206, 2.0)	(208, 5.0)	(210, 2.0)	(212, 2.0)	(214, 2.0)	(216, 2.0)	(218, 5.0)	(220, 1.0)	(222, 1.0)	(224, 1.0)	(226, 2.0)	(228, 2842.0)	(230, 4194.0)	(232, 991356.0)	(234, 66.0)	(236, 6.0)	(238, 47.0)	(240, 1.0)	(242, 1.0)	(244, 0.0)	(246, 15.0)	(248, 3581.0)	(250, 18261.0)																			
122022_BEL_CBC_T1_136_OANN_S66_R1_16S	(188, 2.0)	(190, 0.0)	(192, 0.0)	(194, 0.0)	(196, 0.0)	(198, 3.0)	(200, 0.0)	(202, 1.0)	(204, 2.0)	(206, 0.0)	(208, 2.0)	(210, 12.0)	(212, 5.0)	(214, 5.0)	(216, 5.0)	(218, 5.0)	(220, 2.0)	(222, 7.0)	(224, 7.0)	(226, 7.0)	(228, 3836.0)	(230, 643567.0)	(232, 7092.0)	(234, 16.0)	(236, 6.0)	(238, 25.0)	(240, 0.0)	(242, 0.0)	(244, 0.0)	(246, 2.0)	(248, 126.0)	(250, 14083.0)																	
122022_BEL_CBC_T1_139_PAST_S18_R1_16S	(192, 1.0)	(194, 0.0)	(196, 0.0)	(198, 0.0)	(200, 1.0)	(202, 0.0)	(204, 0.0)	(206, 1.0)	(208, 0.0)	(210, 3.0)	(212, 3.0)	(214, 4.0)	(216, 2.0)	(218, 2.0)	(220, 1.0)	(222, 4.0)	(224, 5.0)	(226, 12.0)	(228, 357003.0)	(230, 2932.0)	(232, 3873.0)	(234, 30.0)	(236, 10.0)	(238, 53.0)	(240, 1.0)	(242, 1.0)	(244, 0.0)	(246, 35.0)	(248, 1317.0)	(250, 8355.0)																			
122022_BEL_CBC_T2_101_OFAV_S50_R1_16S	(130, 3.0)	(135, 0.0)	(140, 0.0)	(145, 0.0)	(150, 0.0)	(155, 0.0)	(160, 0.0)	(165, 0.0)	(170, 0.0)	(175, 0.0)	(180, 0.0)	(185, 0.0)	(190, 2.0)	(195, 1.0)	(200, 4.0)	(205, 8.0)	(210, 14.0)	(215, 24.0)	(220, 28.0)	(225, 3023.0)	(230, 2138904.0)	(235, 196.0)	(240, 4.0)	(245, 2734.0)	(250, 22626.0)																								
122022_BEL_CBC_T2_102_OFAV_S27_R1_16S	(186, 1.0)	(188, 0.0)	(190, 1.0)	(192, 0.0)	(194, 0.0)	(196, 1.0)	(198, 0.0)	(200, 0.0)	(202, 2.0)	(204, 1.0)	(206, 0.0)	(208, 6.0)	(210, 4.0)	(212, 4.0)	(214, 7.0)	(216, 5.0)	(218, 8.0)	(220, 6.0)	(222, 6.0)	(224, 12.0)	(226, 11.0)	(228, 789214.0)	(230, 4332.0)	(232, 7112.0)	(234, 85.0)	(236, 14.0)	(238, 133.0)	(240, 2.0)	(242, 1.0)	(244, 0.0)	(246, 23.0)	(248, 1186.0)	(250, 19998.0)																
122022_BEL_CBC_T2_116_PSTR_S32_R1_16S	(188, 1.0)	(190, 0.0)	(192, 0.0)	(194, 0.0)	(196, 0.0)	(198, 1.0)	(200, 2.0)	(202, 0.0)	(204, 0.0)	(206, 4.0)	(208, 5.0)	(210, 7.0)	(212, 2.0)	(214, 6.0)	(216, 1.0)	(218, 3.0)	(220, 5.0)	(222, 6.0)	(224, 4.0)	(226, 9.0)	(228, 22601.0)	(230, 5810.0)	(232, 1222436.0)	(234, 117.0)	(236, 5.0)	(238, 61.0)	(240, 1.0)	(242, 1.0)	(244, 1.0)	(246, 16.0)	(248, 4998.0)	(250, 17835.0)																	
122022_BEL_CBC_T2_117_PSTR_S56_R1_16S	(202, 3.0)	(204, 1.0)	(206, 1.0)	(208, 5.0)	(210, 3.0)	(212, 4.0)	(214, 6.0)	(216, 3.0)	(218, 3.0)	(220, 3.0)	(222, 2.0)	(224, 4.0)	(226, 5.0)	(228, 5648.0)	(230, 5687.0)	(232, 1106492.0)	(234, 78.0)	(236, 12.0)	(238, 49.0)	(240, 0.0)	(242, 1.0)	(244, 1.0)	(246, 13.0)	(248, 4790.0)	(250, 19203.0)																								
122022_BEL_CBC_T2_119_OANN_S5_R1_16S	(192, 1.0)	(194, 1.0)	(196, 0.0)	(198, 0.0)	(200, 0.0)	(202, 0.0)	(204, 2.0)	(206, 0.0)	(208, 2.0)	(210, 2.0)	(212, 3.0)	(214, 5.0)	(216, 6.0)	(218, 6.0)	(220, 4.0)	(222, 3.0)	(224, 4.0)	(226, 7.0)	(228, 554566.0)	(230, 2610.0)	(232, 1715.0)	(234, 55.0)	(236, 12.0)	(238, 87.0)	(240, 1.0)	(242, 0.0)	(244, 0.0)	(246, 13.0)	(248, 1523.0)	(250, 15429.0)																			
122022_BEL_CBC_T2_89_PAST_S17_R1_16S	(105, 1.0)	(110, 0.0)	(115, 0.0)	(120, 0.0)	(125, 0.0)	(130, 0.0)	(135, 0.0)	(140, 0.0)	(145, 0.0)	(150, 0.0)	(155, 0.0)	(160, 0.0)	(165, 0.0)	(170, 0.0)	(175, 0.0)	(180, 0.0)	(185, 0.0)	(190, 0.0)	(195, 1.0)	(200, 0.0)	(205, 8.0)	(210, 5.0)	(215, 14.0)	(220, 13.0)	(225, 638271.0)	(230, 6868.0)	(235, 171.0)	(240, 1.0)	(245, 910.0)	(250, 11532.0)																			
122022_BEL_CBC_T3_121_OFAV_S73_R1_16S	(200, 1.0)	(202, 0.0)	(204, 0.0)	(206, 0.0)	(208, 0.0)	(210, 4.0)	(212, 7.0)	(214, 5.0)	(216, 3.0)	(218, 6.0)	(220, 1.0)	(222, 3.0)	(224, 1.0)	(226, 3.0)	(228, 1754.0)	(230, 661537.0)	(232, 2325.0)	(234, 13.0)	(236, 4.0)	(238, 21.0)	(240, 0.0)	(242, 0.0)	(244, 0.0)	(246, 0.0)	(248, 102.0)	(250, 9629.0)																							
122022_BEL_CBC_T4_12_PSTR_S86_R1_16S	(198, 1.0)	(200, 0.0)	(202, 2.0)	(204, 4.0)	(206, 0.0)	(208, 1.0)	(210, 2.0)	(212, 4.0)	(214, 1.0)	(216, 5.0)	(218, 3.0)	(220, 6.0)	(222, 7.0)	(224, 4.0)	(226, 8.0)	(228, 2900.0)	(230, 594142.0)	(232, 3310.0)	(234, 23.0)	(236, 10.0)	(238, 20.0)	(240, 0.0)	(242, 3.0)	(244, 0.0)	(246, 0.0)	(248, 135.0)	(250, 6865.0)																						
122022_BEL_CBC_T4_13_PSTR_S49_R1_16S	(196, 1.0)	(198, 3.0)	(200, 1.0)	(202, 2.0)	(204, 1.0)	(206, 2.0)	(208, 3.0)	(210, 6.0)	(212, 8.0)	(214, 4.0)	(216, 10.0)	(218, 16.0)	(220, 6.0)	(222, 11.0)	(224, 9.0)	(226, 12.0)	(228, 2245.0)	(230, 5185.0)	(232, 2560064.0)	(234, 222.0)	(236, 24.0)	(238, 132.0)	(240, 0.0)	(242, 4.0)	(244, 1.0)	(246, 12.0)	(248, 4444.0)	(250, 27869.0)																					
122022_BEL_CBC_T4_14_MCAV_S38_R1_16S	(130, 3.0)	(135, 0.0)	(140, 0.0)	(145, 0.0)	(150, 0.0)	(155, 0.0)	(160, 0.0)	(165, 0.0)	(170, 0.0)	(175, 0.0)	(180, 0.0)	(185, 0.0)	(190, 0.0)	(195, 0.0)	(200, 4.0)	(205, 3.0)	(210, 4.0)	(215, 11.0)	(220, 8.0)	(225, 2978.0)	(230, 893189.0)	(235, 81.0)	(240, 2.0)	(245, 3383.0)	(250, 13011.0)																								
122022_BEL_CBC_T4_15_MCAV_S2_R1_16S	(190, 1.0)	(192, 0.0)	(194, 0.0)	(196, 0.0)	(198, 1.0)	(200, 0.0)	(202, 0.0)	(204, 0.0)	(206, 2.0)	(208, 0.0)	(210, 4.0)	(212, 3.0)	(214, 3.0)	(216, 4.0)	(218, 2.0)	(220, 0.0)	(222, 4.0)	(224, 5.0)	(226, 4.0)	(228, 335105.0)	(230, 2143.0)	(232, 2554.0)	(234, 36.0)	(236, 4.0)	(238, 63.0)	(240, 1.0)	(242, 0.0)	(244, 0.0)	(246, 17.0)	(248, 2370.0)	(250, 13177.0)																		
122022_BEL_CBC_T4_35_PSTR_S87_R1_16S	(110, 1.0)	(115, 0.0)	(120, 0.0)	(125, 0.0)	(130, 0.0)	(135, 0.0)	(140, 0.0)	(145, 0.0)	(150, 0.0)	(155, 0.0)	(160, 0.0)	(165, 0.0)	(170, 0.0)	(175, 0.0)	(180, 0.0)	(185, 0.0)	(190, 0.0)	(195, 1.0)	(200, 1.0)	(205, 5.0)	(210, 10.0)	(215, 11.0)	(220, 8.0)	(225, 5546.0)	(230, 779673.0)	(235, 45.0)	(240, 1.0)	(245, 143.0)	(250, 6195.0)																				
122022_BEL_CBC_T4_3_MCAV_S84_R1_16S	(182, 1.0)	(184, 0.0)	(186, 0.0)	(188, 0.0)	(190, 0.0)	(192, 0.0)	(194, 0.0)	(196, 2.0)	(198, 1.0)	(200, 0.0)	(202, 1.0)	(204, 0.0)	(206, 1.0)	(208, 3.0)	(210, 9.0)	(212, 2.0)	(214, 1.0)	(216, 1.0)	(218, 4.0)	(220, 4.0)	(222, 1.0)	(224, 3.0)	(226, 3.0)	(228, 2142.0)	(230, 403314.0)	(232, 2177.0)	(234, 10.0)	(236, 5.0)	(238, 10.0)	(240, 1.0)	(242, 0.0)	(244, 0.0)	(246, 1.0)	(248, 140.0)	(250, 20507.0)														
122022_BEL_CBC_T4_4_PSTR_S41_R1_16S	(207, 1.0)	(208, 1.0)	(209, 0.0)	(210, 1.0)	(211, 2.0)	(212, 0.0)	(213, 1.0)	(214, 0.0)	(215, 4.0)	(216, 1.0)	(217, 0.0)	(218, 0.0)	(219, 2.0)	(220, 2.0)	(221, 2.0)	(222, 1.0)	(223, 1.0)	(224, 1.0)	(225, 1.0)	(226, 0.0)	(227, 1.0)	(228, 2.0)	(229, 988.0)	(230, 1176.0)	(231, 263.0)	(232, 599014.0)	(233, 375.0)	(234, 28.0)	(235, 15.0)	(236, 1.0)	(237, 0.0)	(238, 1.0)	(239, 20.0)	(240, 1.0)	(241, 0.0)	(242, 0.0)	(243, 0.0)	(244, 0.0)	(245, 4.0)	(246, 5.0)	(247, 8.0)	(248, 2803.0)	(249, 0.0)	(250, 0.0)	(251, 11682.0)				
122023_BEL_CBC_T2_517_SSID_S59_R1_16S	(194, 2.0)	(196, 0.0)	(198, 3.0)	(200, 1.0)	(202, 1.0)	(204, 7.0)	(206, 2.0)	(208, 7.0)	(210, 5.0)	(212, 7.0)	(214, 7.0)	(216, 6.0)	(218, 19.0)	(220, 15.0)	(222, 19.0)	(224, 9.0)	(226, 11.0)	(228, 6392.0)	(230, 4910.0)	(232, 2438771.0)	(234, 191.0)	(236, 36.0)	(238, 113.0)	(240, 3.0)	(242, 2.0)	(244, 2.0)	(246, 16.0)	(248, 2638.0)	(250, 43875.0)																				
122023_BEL_CBC_T2_519_PAST_S90_R1_16S	(196, 1.0)	(198, 0.0)	(200, 0.0)	(202, 0.0)	(204, 0.0)	(206, 2.0)	(208, 1.0)	(210, 2.0)	(212, 4.0)	(214, 9.0)	(216, 6.0)	(218, 6.0)	(220, 3.0)	(222, 2.0)	(224, 11.0)	(226, 7.0)	(228, 1683.0)	(230, 690612.0)	(232, 2118.0)	(234, 31.0)	(236, 0.0)	(238, 28.0)	(240, 0.0)	(242, 0.0)	(244, 0.0)	(246, 0.0)	(248, 105.0)	(250, 8213.0)																					
122023_BEL_CBC_T4_538_OFAV_S45_R1_16S	(200, 3.0)	(202, 1.0)	(204, 0.0)	(206, 0.0)	(208, 0.0)	(210, 2.0)	(212, 2.0)	(214, 4.0)	(216, 0.0)	(218, 0.0)	(220, 4.0)	(222, 0.0)	(224, 3.0)	(226, 0.0)	(228, 675.0)	(230, 1643.0)	(232, 377169.0)	(234, 40.0)	(236, 3.0)	(238, 19.0)	(240, 1.0)	(242, 0.0)	(244, 0.0)	(246, 9.0)	(248, 2448.0)	(250, 7997.0)																							
Negative_S96_R1_16S	(217, 1.0)	(218, 0.0)	(219, 0.0)	(220, 0.0)	(221, 0.0)	(222, 0.0)	(223, 0.0)	(224, 0.0)	(225, 0.0)	(226, 0.0)	(227, 0.0)	(228, 7.0)	(229, 2103.0)	(230, 20113.0)	(231, 47.0)	(232, 2439.0)	(233, 3.0)	(234, 2.0)	(235, 0.0)	(236, 1.0)	(237, 0.0)	(238, 0.0)	(239, 1.0)	(240, 0.0)	(241, 0.0)	(242, 0.0)	(243, 0.0)	(244, 0.0)	(245, 0.0)	(246, 0.0)	(247, 0.0)	(248, 56.0)	(249, 0.0)	(250, 0.0)	(251, 980.0)														
Undetermined_S0_R1_16S	(15, 1.0)	(20, 0.0)	(25, 0.0)	(30, 0.0)	(35, 0.0)	(40, 0.0)	(45, 0.0)	(50, 0.0)	(55, 0.0)	(60, 0.0)	(65, 0.0)	(70, 0.0)	(75, 0.0)	(80, 0.0)	(85, 0.0)	(90, 0.0)	(95, 1.0)	(100, 1.0)	(105, 0.0)	(110, 1.0)	(115, 0.0)	(120, 0.0)	(125, 0.0)	(130, 0.0)	(135, 0.0)	(140, 0.0)	(145, 0.0)	(150, 0.0)	(155, 0.0)	(160, 0.0)	(165, 0.0)	(170, 0.0)	(175, 0.0)	(180, 3.0)	(185, 4.0)	(190, 3.0)	(195, 6.0)	(200, 14.0)	(205, 28.0)	(210, 44.0)	(215, 54.0)	(220, 60.0)	(225, 1428650.0)	(230, 3359729.0)	(235, 585.0)	(240, 2602.0)	(245, 628967.0)	(250, 876261.0)	
