.	Basic Statistics	Per Base Sequence Quality	Per Tile Sequence Quality	Per Sequence Quality Scores	Per Base Sequence Content	Per Sequence GC Content	Per Base N Content	Sequence Length Distribution	Sequence Duplication Levels	Overrepresented Sequences	Adapter Content
012024_BEL_CBC_T1_565_PAST_S53_R1_16S	1	1	0.5	1	0.25	0.25	1	0.5	0.25	0.25	0.25
012024_BEL_CBC_T2_585_OFAV_S43_R1_16S	1	1	0.5	1	0.25	0.25	1	0.5	0.25	0.25	0.25
012024_BEL_CBC_T2_593_MCAV_S6_R1_16S	1	1	0.5	1	0.25	0.25	1	0.5	0.25	0.25	0.25
012024_BEL_CBC_T3_625_SSID_S54_R1_16S	1	1	0.5	1	0.25	0.25	1	0.5	0.25	0.25	0.25
012024_BEL_CBC_T3_642_PSTR_S40_R1_16S	1	1	0.5	1	0.25	0.25	1	0.5	0.25	0.25	0.25
012024_BEL_CBC_T3_644_PSTR_S16_R1_16S	1	1	0.5	1	0.25	0.25	1	0.5	0.25	0.25	0.25
022024_BEL_CBC_T1_771_PAST_S10_R1_16S	1	1	0.5	1	0.25	0.25	1	0.5	0.25	0.25	0.25
022024_BEL_CBC_T2_808_PAST_S15_R1_16S	1	1	0.5	1	0.25	0.25	1	0.5	0.25	0.25	0.25
022024_BEL_CBC_T4_872_PSTR_S89_R1_16S	1	1	0.5	1	0.25	0.25	1	0.5	0.25	0.25	0.25
042024_BEL_CBC_T1_1146_OANN_S52_R1_16S	1	1	0.5	1	0.25	0.25	1	0.5	0.25	0.25	0.25
042024_BEL_CBC_T1_929_PAST_S8_R1_16S	1	1	0.5	1	0.25	0.25	1	0.5	0.25	0.25	0.25
042024_BEL_CBC_T1_933_SSID_S82_R1_16S	1	1	0.5	1	0.25	0.25	1	0.5	0.25	0.25	0.25
042024_BEL_CBC_T2_1017_MCAV_S94_R1_16S	1	1	0.5	1	0.25	0.25	1	0.5	0.25	0.25	0.25
042024_BEL_CBC_T2_1028_PAST_S61_R1_16S	1	1	0.5	1	0.25	0.25	1	0.5	0.25	0.25	0.25
042024_BEL_CBC_T2_1040_SSID_S34_R1_16S	1	1	0.5	1	0.25	0.25	1	0.5	0.25	0.25	0.25
042024_BEL_CBC_T3_947_MCAV_S70_R1_16S	1	1	0.5	1	0.25	0.25	1	0.5	0.25	0.25	0.25
042024_BEL_CBC_T3_949_PSTR_S26_R1_16S	1	1	0.5	1	0.25	0.25	1	0.5	0.25	0.25	0.25
042024_BEL_CBC_T3_962_SSID_S51_R1_16S	1	1	0.5	1	0.25	0.25	1	0.5	0.25	0.25	0.25
052022_BEL_CBC_T1_11_PSTR_S85_R1_16S	1	1	0.5	1	0.25	0.25	1	0.5	0.25	0.25	0.25
052022_BEL_CBC_T1_12_MCAV_S24_R1_16S	1	1	0.5	1	0.25	0.25	1	0.5	0.25	0.25	0.25
052022_BEL_CBC_T1_13_MCAV_S75_R1_16S	1	1	0.5	1	0.25	0.25	1	0.5	0.25	0.25	0.25
052022_BEL_CBC_T1_39_MCAV_S77_R1_16S	1	1	0.5	1	0.25	0.25	1	0.5	0.25	0.25	0.25
052022_BEL_CBC_T1_40_MCAV_S46_R1_16S	1	1	0.5	1	0.25	0.25	1	0.5	0.25	0.25	0.25
052022_BEL_CBC_T1_41_OANN_S4_R1_16S	1	1	0.5	1	0.25	0.25	1	0.5	0.25	0.25	0.25
052022_BEL_CBC_T1_52_PAST_S30_R1_16S	1	1	0.5	1	0.25	0.25	1	0.5	0.25	0.25	0.25
052022_BEL_CBC_T1_60_MCAV_S92_R1_16S	1	1	0.5	1	0.25	0.25	1	0.5	0.25	0.25	0.25
052022_BEL_CBC_T1_70_MCAV_S36_R1_16S	1	1	0.5	1	0.25	0.25	1	0.5	0.25	0.25	0.25
052022_BEL_CBC_T2_45_PSTR_S31_R1_16S	1	1	0.5	1	0.25	0.25	1	0.5	0.25	0.25	0.25
052022_BEL_CBC_T2_46_PSTR_S68_R1_16S	1	1	0.5	1	0.25	0.25	1	0.5	0.25	0.25	0.25
052022_BEL_CBC_T3_50_MCAV_S47_R1_16S	1	1	0.5	1	0.25	0.25	1	0.5	0.25	0.25	0.25
052022_BEL_CBC_T3_54_PAST_S93_R1_16S	1	1	0.5	1	0.25	0.25	1	0.5	0.25	0.25	0.25
052022_BEL_CBC_T3_60_MCAV_S80_R1_16S	1	1	0.5	1	0.25	0.25	1	0.5	0.25	0.25	0.25
062019_BEL_CBC_T1_18_PAST_S42_R1_16S	1	1	0.5	1	0.25	0.25	1	0.5	0.25	0.25	0.25
062019_BEL_CBC_T1_1_PAST_S7_R1_16S	1	1	0.5	1	0.25	0.25	1	0.5	0.25	0.25	0.25
062019_BEL_CBC_T1_24_MCAV_S69_R1_16S	1	1	0.5	1	0.25	0.25	1	0.5	0.25	0.25	0.25
062019_BEL_CBC_T1_3_MCAV_S23_R1_16S	1	1	0.5	1	0.25	0.25	1	0.5	0.25	0.25	0.25
062019_BEL_CBC_T1_6_MCAV_S9_R1_16S	1	1	0.5	1	0.25	0.25	1	0.5	0.25	0.25	0.25
062019_BEL_CBC_T1_8_PAST_S29_R1_16S	1	1	0.5	1	0.25	0.25	1	0.5	0.25	0.25	0.25
062019_BEL_CBC_T1_9_MCAV_S76_R1_16S	1	1	0.5	1	0.25	0.25	1	0.5	0.25	0.25	0.25
062019_BEL_CBC_T2_22_PAST_S60_R1_16S	1	1	0.5	1	0.25	0.25	1	0.5	0.25	0.25	0.25
062019_BEL_CBC_T2_5_MCAV_S20_R1_16S	1	1	0.5	1	0.25	0.25	1	0.5	0.25	0.25	0.25
062019_BEL_CBC_T3_11_MCAV_S13_R1_16S	1	1	0.5	1	0.25	0.25	1	0.5	0.25	0.25	0.25
062019_BEL_CBC_T3_14_MCAV_S33_R1_16S	1	1	0.5	1	0.25	0.25	1	0.5	0.25	0.25	0.25
062024_BEL_CBC_T1_1356_PAST_S37_R1_16S	1	1	0.5	1	0.25	0.25	1	0.5	0.25	0.25	0.25
062024_BEL_CBC_T2_1372_OFAV_S67_R1_16S	1	1	0.5	1	0.25	0.25	1	0.5	0.25	0.25	0.25
062024_BEL_CBC_T2_1384_MCAV_S91_R1_16S	1	1	0.5	1	0.25	0.25	1	0.5	0.25	0.25	0.25
062024_BEL_CBC_T2_1393_PAST_S55_R1_16S	1	1	0.5	1	0.25	0.25	1	0.5	0.25	0.25	0.25
062024_BEL_CBC_T2_1399_PAST_S44_R1_16S	1	1	0.5	1	0.25	0.25	1	0.5	0.25	0.25	0.25
062024_BEL_CBC_T2_1402_MCAV_S95_R1_16S	1	1	0.5	1	0.25	0.25	1	0.5	0.25	0.25	0.25
062024_BEL_CBC_T3_1418_SSID_S21_R1_16S	1	1	0.5	1	0.25	0.25	1	0.5	0.25	0.25	0.25
062024_BEL_CBC_T4_1458_MCAV_S58_R1_16S	1	1	0.5	1	0.25	0.25	1	0.5	0.25	0.25	0.25
082024_BEL_CBC_T2_1517_MCAV_S28_R1_16S	1	1	0.5	1	0.25	0.25	1	0.5	0.25	0.25	0.25
082024_BEL_CBC_T3_1559_PSTR_S74_R1_16S	1	1	0.5	1	0.25	0.25	1	0.5	0.25	0.25	0.25
082024_BEL_CBC_T3_1564_PAST_S48_R1_16S	1	1	0.5	1	0.25	0.25	1	0.5	0.25	0.25	0.25
082024_BEL_CBC_T4_1608_MCAV_S11_R1_16S	1	1	0.5	1	0.25	0.25	1	0.5	0.25	0.25	0.25
092023_BEL_CBC_T1_188_SSID_S3_R1_16S	1	1	0.5	1	0.25	0.25	1	0.5	0.25	0.25	0.25
092023_BEL_CBC_T1_194_SSID_S39_R1_16S	1	1	0.5	1	0.25	0.25	1	0.5	0.25	0.25	0.25
092023_BEL_CBC_T2_173_SSID_S14_R1_16S	1	1	0.5	1	0.25	0.25	1	0.5	0.25	0.25	0.25
092023_BEL_CBC_T2_192_OFAV_S64_R1_16S	1	1	0.5	1	0.25	0.25	1	0.5	0.25	0.25	0.25
092023_BEL_CBC_T2_196_SSID_S63_R1_16S	1	1	0.5	1	0.25	0.25	1	0.5	0.25	0.25	0.25
092023_BEL_CBC_T3_172_PSTR_S57_R1_16S	1	1	0.5	1	0.25	0.25	1	0.5	0.25	0.25	1
092023_BEL_CBC_T3_183_SSID_S79_R1_16S	1	1	0.5	1	0.25	0.25	1	0.5	0.25	0.25	0.25
092023_BEL_CBC_T3_196_SSID_S25_R1_16S	1	1	0.5	1	0.25	0.25	1	0.5	0.25	0.25	0.25
092023_BEL_CBC_T4_84_OANN_S12_R1_16S	1	1	0.5	1	0.25	0.25	1	0.5	0.25	0.25	0.25
092023_BEL_CBC_T4_88_OFAV_S71_R1_16S	1	1	0.5	1	0.25	0.25	1	0.5	0.25	0.25	0.25
092023_BEL_CBC_T4_91_MCAV_S78_R1_16S	1	1	0.5	1	0.25	0.25	1	0.5	0.25	0.25	0.25
102019_BEL_CBC_T1_25_PSTR_S65_R1_16S	1	1	0.5	1	0.25	0.25	1	0.5	0.25	0.25	0.25
102019_BEL_CBC_T1_27_PSTR_S88_R1_16S	1	1	0.5	1	0.25	0.25	1	0.5	0.25	0.25	0.25
102019_BEL_CBC_T1_28_PSTR_S19_R1_16S	1	1	0.5	1	0.25	0.25	1	0.5	0.25	0.25	0.25
102019_BEL_CBC_T1_31_PSTR_S22_R1_16S	1	1	0.5	1	0.25	0.25	1	0.5	0.25	0.25	0.25
102019_BEL_CBC_T2_33_PSTR_S72_R1_16S	1	1	0.5	1	0.25	0.25	1	0.5	0.25	0.25	0.25
102019_BEL_CBC_T3_36_PSTR_S83_R1_16S	1	1	0.5	1	0.25	0.25	1	0.5	0.25	0.25	0.25
112023_BEL_CBC_T2_308_PAST_S62_R1_16S	1	1	0.5	1	0.25	0.25	1	0.5	0.25	0.25	0.25
112023_BEL_CBC_T3_347_MCAV_S81_R1_16S	1	1	0.5	1	0.25	0.25	1	0.5	0.25	0.25	0.25
112023_BEL_CBC_T4_396_MCAV_S1_R1_16S	1	1	0.5	1	0.25	0.25	1	0.5	0.25	0.25	0.25
122022_BEL_CBC_T1_120_OANN_S35_R1_16S	1	1	0.5	1	0.25	0.25	1	0.5	0.25	0.25	0.25
122022_BEL_CBC_T1_136_OANN_S66_R1_16S	1	1	0.5	1	0.25	0.25	1	0.5	0.25	0.25	0.25
122022_BEL_CBC_T1_139_PAST_S18_R1_16S	1	1	0.5	1	0.25	0.25	1	0.5	0.25	0.25	0.25
122022_BEL_CBC_T2_101_OFAV_S50_R1_16S	1	1	0.5	1	0.25	0.25	1	0.5	0.25	0.25	0.25
122022_BEL_CBC_T2_102_OFAV_S27_R1_16S	1	1	0.5	1	0.25	0.25	1	0.5	0.25	0.25	0.25
122022_BEL_CBC_T2_116_PSTR_S32_R1_16S	1	1	0.5	1	0.25	0.25	1	0.5	0.25	0.25	0.25
122022_BEL_CBC_T2_117_PSTR_S56_R1_16S	1	1	0.5	1	0.25	0.25	1	0.5	0.25	0.25	0.25
122022_BEL_CBC_T2_119_OANN_S5_R1_16S	1	1	0.5	1	0.25	0.25	1	0.5	0.25	0.25	0.25
122022_BEL_CBC_T2_89_PAST_S17_R1_16S	1	1	0.5	1	0.25	0.25	1	0.5	0.25	0.25	0.25
122022_BEL_CBC_T3_121_OFAV_S73_R1_16S	1	1	0.5	1	0.25	0.25	1	0.5	0.25	0.25	0.25
122022_BEL_CBC_T4_12_PSTR_S86_R1_16S	1	1	0.5	1	0.25	0.25	1	0.5	0.25	0.25	0.25
122022_BEL_CBC_T4_13_PSTR_S49_R1_16S	1	1	0.5	1	0.25	0.25	1	0.5	0.25	0.25	0.25
122022_BEL_CBC_T4_14_MCAV_S38_R1_16S	1	1	0.5	1	0.25	0.25	1	0.5	0.25	0.25	0.25
122022_BEL_CBC_T4_15_MCAV_S2_R1_16S	1	1	0.5	1	0.25	0.25	1	0.5	0.25	0.25	0.25
122022_BEL_CBC_T4_35_PSTR_S87_R1_16S	1	1	0.5	1	0.25	0.25	1	0.5	0.25	0.25	0.25
122022_BEL_CBC_T4_3_MCAV_S84_R1_16S	1	1	0.5	1	0.25	0.25	1	0.5	0.25	0.25	0.25
122022_BEL_CBC_T4_4_PSTR_S41_R1_16S	1	1	0.5	1	0.25	0.25	1	0.5	0.25	0.25	0.25
122023_BEL_CBC_T2_517_SSID_S59_R1_16S	1	1	0.5	1	0.25	0.25	1	0.5	0.25	0.25	0.25
122023_BEL_CBC_T2_519_PAST_S90_R1_16S	1	1	0.5	1	0.25	0.25	1	0.5	0.25	0.25	0.25
122023_BEL_CBC_T4_538_OFAV_S45_R1_16S	1	1	0.5	1	0.25	0.25	1	0.5	0.25	0.25	0.25
Negative_S96_R1_16S	1	1	0.25	1	0.25	0.25	1	0.5	0.25	0.25	0.25
Undetermined_S0_R1_16S	1	1	1	1	0.25	0.25	1	0.5	0.25	0.25	0.25
