Sample	fastqc-percent_duplicates	fastqc-percent_gc	fastqc-avg_sequence_length	fastqc-median_sequence_length	fastqc-percent_fails	fastqc-total_sequences
012024_BEL_CBC_T1_565_PAST_S53_R1_16S	97.59280599226274	44.0	232.75798008066508	232	45.45454545454545	1.2148999999999999
012024_BEL_CBC_T2_585_OFAV_S43_R1_16S	98.43062451256058	33.0	232.9395399688358	232	45.45454545454545	0.6270009999999999
012024_BEL_CBC_T2_593_MCAV_S6_R1_16S	97.78874710004516	33.0	228.8905184916173	228	45.45454545454545	0.418541
012024_BEL_CBC_T3_625_SSID_S54_R1_16S	98.57382257650386	47.0	232.96530185043991	232	45.45454545454545	2.551015
012024_BEL_CBC_T3_642_PSTR_S40_R1_16S	98.17788358517535	39.0	232.82247080681282	232	45.45454545454545	0.8493419999999999
012024_BEL_CBC_T3_644_PSTR_S16_R1_16S	97.75128388253083	35.0	228.9671016655931	228	45.45454545454545	1.027742
022024_BEL_CBC_T1_771_PAST_S10_R1_16S	97.86652105209748	41.0	227.49964896487785	227	45.45454545454545	1.4485729999999999
022024_BEL_CBC_T2_808_PAST_S15_R1_16S	96.6021490073294	41.0	229.0773455845727	228	45.45454545454545	0.449696
022024_BEL_CBC_T4_872_PSTR_S89_R1_16S	97.17077566285722	35.0	230.97861852463703	230	45.45454545454545	0.412834
042024_BEL_CBC_T1_1146_OANN_S52_R1_16S	98.08992593404052	36.0	233.0737616621935	232	45.45454545454545	0.657252
042024_BEL_CBC_T1_929_PAST_S8_R1_16S	97.31559415728012	45.0	228.82009208698275	228	45.45454545454545	1.024249
042024_BEL_CBC_T1_933_SSID_S82_R1_16S	95.60908737589655	50.0	230.91788926968871	230	45.45454545454545	0.707575
042024_BEL_CBC_T2_1017_MCAV_S94_R1_16S	97.80804658506742	32.0	230.45218730944583	230	45.45454545454545	0.495266
042024_BEL_CBC_T2_1028_PAST_S61_R1_16S	97.99674635545234	43.0	232.39386731251622	232	45.45454545454545	0.6011719999999999
042024_BEL_CBC_T2_1040_SSID_S34_R1_16S	97.93320659561475	44.0	233.12410610508067	232	45.45454545454545	0.812176
042024_BEL_CBC_T3_947_MCAV_S70_R1_16S	97.53832107419726	34.0	230.48217048455155	230	45.45454545454545	0.720687
042024_BEL_CBC_T3_949_PSTR_S26_R1_16S	97.07741951087768	39.0	228.9606392370111	228	45.45454545454545	0.992308
042024_BEL_CBC_T3_962_SSID_S51_R1_16S	96.137845520866	57.0	233.0696853985621	232	45.45454545454545	0.283883
052022_BEL_CBC_T1_11_PSTR_S85_R1_16S	97.18576415737715	37.0	230.5592572780213	230	45.45454545454545	0.788882
052022_BEL_CBC_T1_12_MCAV_S24_R1_16S	96.1010156370425	36.0	229.28643647843984	228	45.45454545454545	0.35032199999999997
052022_BEL_CBC_T1_13_MCAV_S75_R1_16S	96.40833860884304	35.0	231.47777409222468	230	45.45454545454545	0.494423
052022_BEL_CBC_T1_39_MCAV_S77_R1_16S	98.46250985168733	33.0	230.78615748369992	230	45.45454545454545	1.11656
052022_BEL_CBC_T1_40_MCAV_S46_R1_16S	96.88028160667513	35.0	233.12074360281133	232	45.45454545454545	0.421865
052022_BEL_CBC_T1_41_OANN_S4_R1_16S	97.23456606716744	35.0	229.10153573318726	228	45.45454545454545	0.538505
052022_BEL_CBC_T1_52_PAST_S30_R1_16S	96.81148805677482	44.0	228.99002372718707	228	45.45454545454545	0.9857889999999999
052022_BEL_CBC_T1_60_MCAV_S92_R1_16S	98.28065814393939	32.0	230.787925290855	230	45.45454545454545	0.47308799999999995
052022_BEL_CBC_T1_70_MCAV_S36_R1_16S	97.10627535236229	35.0	233.02606452572758	232	45.45454545454545	0.45705799999999996
052022_BEL_CBC_T2_45_PSTR_S31_R1_16S	97.95277300141511	38.0	228.9211118255293	228	45.45454545454545	2.864802
052022_BEL_CBC_T2_46_PSTR_S68_R1_16S	98.1448739939306	38.0	230.72830576748447	230	45.45454545454545	0.644215
052022_BEL_CBC_T3_50_MCAV_S47_R1_16S	94.85369956320996	49.0	233.2490430075521	232	45.45454545454545	0.28892599999999996
052022_BEL_CBC_T3_54_PAST_S93_R1_16S	97.41830590536239	41.0	230.87799311365882	230	45.45454545454545	0.584926
052022_BEL_CBC_T3_60_MCAV_S80_R1_16S	97.30469410984489	35.0	231.09731005424243	230	45.45454545454545	0.951469
062019_BEL_CBC_T1_18_PAST_S42_R1_16S	95.81441836664462	48.0	233.2856636273046	232	45.45454545454545	0.334171
062019_BEL_CBC_T1_1_PAST_S7_R1_16S	96.92136326692187	43.0	229.0553379741345	228	45.45454545454545	0.47491799999999995
062019_BEL_CBC_T1_24_MCAV_S69_R1_16S	97.72035916559375	33.0	230.93726943423414	230	45.45454545454545	0.5996119999999999
062019_BEL_CBC_T1_3_MCAV_S23_R1_16S	97.20578322066444	34.0	229.0610123825908	228	45.45454545454545	0.470257
062019_BEL_CBC_T1_6_MCAV_S9_R1_16S	98.02380821754568	33.0	229.001630259408	228	45.45454545454545	1.6951289999999999
062019_BEL_CBC_T1_8_PAST_S29_R1_16S	95.86710416841947	44.0	229.29987410918224	228	45.45454545454545	0.320913
062019_BEL_CBC_T1_9_MCAV_S76_R1_16S	97.74287458994277	33.0	230.95658860786457	230	45.45454545454545	0.70417
062019_BEL_CBC_T2_22_PAST_S60_R1_16S	98.02763650679712	51.0	232.271419310937	232	45.45454545454545	1.178586
062019_BEL_CBC_T2_5_MCAV_S20_R1_16S	96.44032101997837	36.0	229.6079192517123	229	45.45454545454545	0.26353499999999996
062019_BEL_CBC_T3_11_MCAV_S13_R1_16S	96.76855276704926	34.0	229.20591760136406	228	45.45454545454545	0.36714199999999997
062019_BEL_CBC_T3_14_MCAV_S33_R1_16S	97.99987992875774	38.0	232.86446158053778	232	45.45454545454545	0.749555
062024_BEL_CBC_T1_1356_PAST_S37_R1_16S	97.77926642137047	47.0	232.19032850990808	232	45.45454545454545	1.515175
062024_BEL_CBC_T2_1372_OFAV_S67_R1_16S	97.94700188732959	35.0	230.8648898706283	230	45.45454545454545	0.758744
062024_BEL_CBC_T2_1384_MCAV_S91_R1_16S	96.47583561241534	38.0	230.23915218149446	230	45.45454545454545	0.21792399999999998
062024_BEL_CBC_T2_1393_PAST_S55_R1_16S	97.6721764937721	45.0	232.74969354409913	232	45.45454545454545	0.9666969999999999
062024_BEL_CBC_T2_1399_PAST_S44_R1_16S	97.80723145910375	44.0	232.37516014908425	232	45.45454545454545	0.549488
062024_BEL_CBC_T2_1402_MCAV_S95_R1_16S	97.59107699645006	34.0	230.72674651417054	230	45.45454545454545	0.22225699999999998
062024_BEL_CBC_T3_1418_SSID_S21_R1_16S	94.40408542704287	46.0	229.25270730340884	228	45.45454545454545	0.324862
062024_BEL_CBC_T4_1458_MCAV_S58_R1_16S	99.0427091873854	32.0	232.7338577961207	232	45.45454545454545	2.9235629999999997
082024_BEL_CBC_T2_1517_MCAV_S28_R1_16S	98.13822789083561	32.0	228.868598606898	228	45.45454545454545	0.805684
082024_BEL_CBC_T3_1559_PSTR_S74_R1_16S	97.93808219855482	35.0	232.27168081147738	232	45.45454545454545	0.647116
082024_BEL_CBC_T3_1564_PAST_S48_R1_16S	96.20257861625497	48.0	232.83367399475247	232	45.45454545454545	0.6467809999999999
082024_BEL_CBC_T4_1608_MCAV_S11_R1_16S	97.69568374113135	32.0	229.00711903113915	228	45.45454545454545	0.767169
092023_BEL_CBC_T1_188_SSID_S3_R1_16S	93.05821688001204	50.0	228.29529432476636	227	45.45454545454545	0.391931
092023_BEL_CBC_T1_194_SSID_S39_R1_16S	97.29804320872789	53.0	233.2004848593824	232	45.45454545454545	0.47828299999999996
092023_BEL_CBC_T2_173_SSID_S14_R1_16S	95.10876098672257	44.0	229.4701669291231	228	45.45454545454545	1.172893
092023_BEL_CBC_T2_192_OFAV_S64_R1_16S	96.98353486751606	35.0	229.74763535227936	228	45.45454545454545	0.8323649999999999
092023_BEL_CBC_T2_196_SSID_S63_R1_16S	96.1956171990157	45.0	228.24713702152175	227	45.45454545454545	1.3052839999999999
092023_BEL_CBC_T3_172_PSTR_S57_R1_16S	95.36671737519295	55.0	232.14643480053718	232	36.36363636363637	0.717828
092023_BEL_CBC_T3_183_SSID_S79_R1_16S	95.40457734154559	48.0	230.72268632255046	230	45.45454545454545	0.602839
092023_BEL_CBC_T3_196_SSID_S25_R1_16S	93.96257183518442	46.0	229.83301790993977	228	45.45454545454545	0.534731
092023_BEL_CBC_T4_84_OANN_S12_R1_16S	96.309635376937	34.0	229.62918183205107	229	45.45454545454545	0.183532
092023_BEL_CBC_T4_88_OFAV_S71_R1_16S	97.91389525459728	35.0	230.8895170756246	230	45.45454545454545	0.7156399999999999
092023_BEL_CBC_T4_91_MCAV_S78_R1_16S	97.84381606741131	38.0	230.66885605693665	230	45.45454545454545	1.092161
102019_BEL_CBC_T1_25_PSTR_S65_R1_16S	98.29243645766707	34.0	230.82609458458418	230	45.45454545454545	0.949013
102019_BEL_CBC_T1_27_PSTR_S88_R1_16S	98.31264029414311	33.0	230.78534080236594	230	45.45454545454545	0.600524
102019_BEL_CBC_T1_28_PSTR_S19_R1_16S	96.86510024076215	37.0	229.1859609174305	228	45.45454545454545	0.520846
102019_BEL_CBC_T1_31_PSTR_S22_R1_16S	97.23411343801324	36.0	229.08520407223682	228	45.45454545454545	0.597313
102019_BEL_CBC_T2_33_PSTR_S72_R1_16S	98.85771083139814	33.0	230.82760610469057	230	45.45454545454545	2.7667249999999997
102019_BEL_CBC_T3_36_PSTR_S83_R1_16S	98.80326259701665	33.0	230.78314131506713	230	45.45454545454545	1.741067
112023_BEL_CBC_T2_308_PAST_S62_R1_16S	97.36227109964484	42.0	232.90690373350307	232	45.45454545454545	0.617463
112023_BEL_CBC_T3_347_MCAV_S81_R1_16S	97.67948879063799	36.0	230.29139009798433	230	45.45454545454545	0.5251859999999999
112023_BEL_CBC_T4_396_MCAV_S1_R1_16S	96.18807753178021	37.0	228.9427275666661	228	45.45454545454545	0.11752599999999999
122022_BEL_CBC_T1_120_OANN_S35_R1_16S	98.09878851668265	38.0	232.8589173678609	232	45.45454545454545	1.020402
122022_BEL_CBC_T1_136_OANN_S66_R1_16S	97.41633747895541	36.0	230.93327482214892	230	45.45454545454545	0.668818
122022_BEL_CBC_T1_139_PAST_S18_R1_16S	96.48814796774514	45.0	229.12247724468685	228	45.45454545454545	0.373649
122022_BEL_CBC_T2_101_OFAV_S50_R1_16S	98.33906248053697	41.0	232.20998343306863	232	45.45454545454545	2.1675709999999997
122022_BEL_CBC_T2_102_OFAV_S27_R1_16S	97.63687779365706	34.0	229.11100860522396	228	45.45454545454545	0.822175
122022_BEL_CBC_T2_116_PSTR_S32_R1_16S	97.72320160007787	44.0	232.73463936235515	232	45.45454545454545	1.273938
122022_BEL_CBC_T2_117_PSTR_S56_R1_16S	98.13575454656105	38.0	232.84001595422836	232	45.45454545454545	1.1420169999999998
122022_BEL_CBC_T2_119_OANN_S5_R1_16S	97.25287601747743	35.0	229.16485781788955	228	45.45454545454545	0.5760569999999999
122022_BEL_CBC_T2_89_PAST_S17_R1_16S	97.54285149628684	43.0	227.50234951618665	227	45.45454545454545	0.657795
122022_BEL_CBC_T3_121_OFAV_S73_R1_16S	98.10221506946058	34.0	230.78918345501089	230	45.45454545454545	0.675419
122022_BEL_CBC_T4_12_PSTR_S86_R1_16S	97.05855238897962	44.0	230.7309270136438	230	45.45454545454545	0.607456
122022_BEL_CBC_T4_13_PSTR_S49_R1_16S	98.44560063715798	43.0	232.71285722361714	232	45.45454545454545	2.600297
122022_BEL_CBC_T4_14_MCAV_S38_R1_16S	97.92051295255605	41.0	232.30971417051157	232	45.45454545454545	0.912677
122022_BEL_CBC_T4_15_MCAV_S2_R1_16S	94.98344599061049	42.0	229.49182847964715	228	45.45454545454545	0.35550299999999996
122022_BEL_CBC_T4_35_PSTR_S87_R1_16S	97.32024657672679	44.0	232.11570916072964	232	45.45454545454545	0.79164
122022_BEL_CBC_T4_3_MCAV_S84_R1_16S	95.34229497786825	42.0	231.46246941710402	230	45.45454545454545	0.428344
122022_BEL_CBC_T4_4_PSTR_S41_R1_16S	98.20638278542783	35.0	232.4246667791463	232	45.45454545454545	0.616408
122023_BEL_CBC_T2_517_SSID_S59_R1_16S	98.52042593920075	43.0	232.81883927963574	232	45.45454545454545	2.49707
122023_BEL_CBC_T2_519_PAST_S90_R1_16S	98.25053639214391	39.0	230.73719630529678	230	45.45454545454545	0.7028439999999999
122023_BEL_CBC_T4_538_OFAV_S45_R1_16S	97.95653076869826	36.0	232.9541116805932	232	45.45454545454545	0.390023
Negative_S96_R1_16S	91.10394905447909	39.0	230.94804488797422	230	54.54545454545454	0.025752999999999998
Undetermined_S0_R1_16S	91.43783948907235	42.0	235.01166378223076	232	45.45454545454545	6.297014
