Sample	0	1	2	3	4	5	6	7	8	9	10	11	12	13	14	15	16	17	18	19	20	21	22	23	24	25	26	27	28	29	30	31	32	33	34	35	36	37	38
012024-BEL-CBC-T1-557-SSID_S56_R2_16S	(14.0, 1.0)	(15.0, 18.0)	(16.0, 100.0)	(17.0, 181.0)	(18.0, 218.0)	(19.0, 206.0)	(20.0, 210.0)	(21.0, 223.0)	(22.0, 236.0)	(23.0, 272.0)	(24.0, 345.0)	(25.0, 443.0)	(26.0, 597.0)	(27.0, 720.0)	(28.0, 886.0)	(29.0, 1064.0)	(30.0, 1301.0)	(31.0, 1375.0)	(32.0, 1620.0)	(33.0, 1888.0)	(34.0, 2083.0)	(35.0, 2488.0)	(36.0, 3351.0)	(37.0, 4829.0)	(38.0, 15220.0)	(39.0, 144485.0)	(40.0, 5732.0)												
012024-BEL-CBC-T1-563-PSTR_S68_R2_16S	(15.0, 10.0)	(16.0, 57.0)	(17.0, 99.0)	(18.0, 93.0)	(19.0, 107.0)	(20.0, 112.0)	(21.0, 154.0)	(22.0, 196.0)	(23.0, 228.0)	(24.0, 402.0)	(25.0, 503.0)	(26.0, 693.0)	(27.0, 868.0)	(28.0, 1008.0)	(29.0, 1220.0)	(30.0, 1315.0)	(31.0, 1424.0)	(32.0, 1616.0)	(33.0, 1635.0)	(34.0, 1905.0)	(35.0, 2120.0)	(36.0, 2421.0)	(37.0, 2731.0)	(38.0, 7019.0)	(39.0, 84572.0)	(40.0, 3553.0)													
012024-BEL-CBC-T2-601-OFAV_S58_R2_16S	(15.0, 15.0)	(16.0, 109.0)	(17.0, 231.0)	(18.0, 225.0)	(19.0, 216.0)	(20.0, 219.0)	(21.0, 277.0)	(22.0, 312.0)	(23.0, 292.0)	(24.0, 468.0)	(25.0, 517.0)	(26.0, 526.0)	(27.0, 524.0)	(28.0, 563.0)	(29.0, 644.0)	(30.0, 752.0)	(31.0, 879.0)	(32.0, 1016.0)	(33.0, 1242.0)	(34.0, 1585.0)	(35.0, 2169.0)	(36.0, 3071.0)	(37.0, 5298.0)	(38.0, 16880.0)	(39.0, 221683.0)	(40.0, 21727.0)													
012024-BEL-CBC-T2-605-SSID_S83_R2_16S	(14.0, 8.0)	(15.0, 56.0)	(16.0, 286.0)	(17.0, 341.0)	(18.0, 330.0)	(19.0, 270.0)	(20.0, 230.0)	(21.0, 248.0)	(22.0, 260.0)	(23.0, 275.0)	(24.0, 336.0)	(25.0, 493.0)	(26.0, 645.0)	(27.0, 906.0)	(28.0, 1409.0)	(29.0, 2118.0)	(30.0, 2923.0)	(31.0, 3842.0)	(32.0, 4842.0)	(33.0, 6178.0)	(34.0, 7864.0)	(35.0, 10063.0)	(36.0, 12525.0)	(37.0, 16158.0)	(38.0, 54769.0)	(39.0, 496088.0)	(40.0, 12939.0)												
012024-BEL-CBC-T3-627-PAST_S81_R2_16S	(14.0, 35.0)	(15.0, 314.0)	(16.0, 991.0)	(17.0, 1215.0)	(18.0, 1228.0)	(19.0, 1163.0)	(20.0, 1026.0)	(21.0, 1053.0)	(22.0, 1246.0)	(23.0, 1561.0)	(24.0, 2009.0)	(25.0, 2774.0)	(26.0, 3777.0)	(27.0, 5581.0)	(28.0, 8031.0)	(29.0, 11190.0)	(30.0, 14392.0)	(31.0, 17540.0)	(32.0, 20319.0)	(33.0, 23089.0)	(34.0, 26058.0)	(35.0, 31768.0)	(36.0, 44335.0)	(37.0, 70121.0)	(38.0, 180444.0)	(39.0, 1195568.0)	(40.0, 28445.0)												
012024-BEL-CBC-T3-631-MCAV_S61_R2_16S	(15.0, 41.0)	(16.0, 244.0)	(17.0, 426.0)	(18.0, 604.0)	(19.0, 635.0)	(20.0, 688.0)	(21.0, 892.0)	(22.0, 1021.0)	(23.0, 1210.0)	(24.0, 1711.0)	(25.0, 1923.0)	(26.0, 2164.0)	(27.0, 2549.0)	(28.0, 2725.0)	(29.0, 2972.0)	(30.0, 3174.0)	(31.0, 3524.0)	(32.0, 4051.0)	(33.0, 4750.0)	(34.0, 5739.0)	(35.0, 7365.0)	(36.0, 10693.0)	(37.0, 18094.0)	(38.0, 47046.0)	(39.0, 392061.0)	(40.0, 21350.0)													
012024-BEL-CBC-T3-633-MCAV_S69_R2_16S	(14.0, 1.0)	(15.0, 21.0)	(16.0, 102.0)	(17.0, 158.0)	(18.0, 142.0)	(19.0, 139.0)	(20.0, 154.0)	(21.0, 214.0)	(22.0, 230.0)	(23.0, 217.0)	(24.0, 446.0)	(25.0, 314.0)	(26.0, 317.0)	(27.0, 318.0)	(28.0, 392.0)	(29.0, 389.0)	(30.0, 481.0)	(31.0, 523.0)	(32.0, 636.0)	(33.0, 770.0)	(34.0, 1052.0)	(35.0, 1359.0)	(36.0, 1981.0)	(37.0, 3581.0)	(38.0, 10674.0)	(39.0, 146312.0)	(40.0, 10459.0)												
012024-BEL-CBC-T3-637-SSID_S70_R2_16S	(14.0, 2.0)	(15.0, 43.0)	(16.0, 92.0)	(17.0, 63.0)	(18.0, 45.0)	(19.0, 49.0)	(20.0, 49.0)	(21.0, 52.0)	(22.0, 72.0)	(23.0, 66.0)	(24.0, 75.0)	(25.0, 90.0)	(26.0, 106.0)	(27.0, 112.0)	(28.0, 126.0)	(29.0, 146.0)	(30.0, 148.0)	(31.0, 183.0)	(32.0, 196.0)	(33.0, 220.0)	(34.0, 282.0)	(35.0, 371.0)	(36.0, 565.0)	(37.0, 933.0)	(38.0, 3272.0)	(39.0, 29422.0)	(40.0, 970.0)												
012024-BEL-CBC-T4-661-PSTR_S71_R2_16S	(14.0, 2.0)	(15.0, 77.0)	(16.0, 280.0)	(17.0, 516.0)	(18.0, 616.0)	(19.0, 555.0)	(20.0, 560.0)	(21.0, 593.0)	(22.0, 681.0)	(23.0, 842.0)	(24.0, 1186.0)	(25.0, 1681.0)	(26.0, 2327.0)	(27.0, 2882.0)	(28.0, 3450.0)	(29.0, 3906.0)	(30.0, 4491.0)	(31.0, 4703.0)	(32.0, 5207.0)	(33.0, 5719.0)	(34.0, 6715.0)	(35.0, 7624.0)	(36.0, 9755.0)	(37.0, 13484.0)	(38.0, 41672.0)	(39.0, 346701.0)	(40.0, 11516.0)												
012024-BEL-CBC-T4-663-PSTR_S82_R2_16S	(14.0, 1.0)	(15.0, 20.0)	(16.0, 67.0)	(17.0, 82.0)	(18.0, 60.0)	(19.0, 57.0)	(20.0, 71.0)	(21.0, 81.0)	(22.0, 107.0)	(23.0, 148.0)	(24.0, 201.0)	(25.0, 203.0)	(26.0, 268.0)	(27.0, 312.0)	(28.0, 338.0)	(29.0, 375.0)	(30.0, 469.0)	(31.0, 455.0)	(32.0, 525.0)	(33.0, 601.0)	(34.0, 646.0)	(35.0, 800.0)	(36.0, 1037.0)	(37.0, 1615.0)	(38.0, 4750.0)	(39.0, 45527.0)	(40.0, 1303.0)												
022024-BEL-CBC-T1-775-OANN_S93_R2_16S	(14.0, 3.0)	(15.0, 32.0)	(16.0, 144.0)	(17.0, 219.0)	(18.0, 264.0)	(19.0, 260.0)	(20.0, 253.0)	(21.0, 276.0)	(22.0, 380.0)	(23.0, 370.0)	(24.0, 516.0)	(25.0, 607.0)	(26.0, 704.0)	(27.0, 800.0)	(28.0, 865.0)	(29.0, 1010.0)	(30.0, 1198.0)	(31.0, 1271.0)	(32.0, 1460.0)	(33.0, 1790.0)	(34.0, 2245.0)	(35.0, 3280.0)	(36.0, 5274.0)	(37.0, 10193.0)	(38.0, 28251.0)	(39.0, 163101.0)	(40.0, 4454.0)												
022024-BEL-CBC-T1-776-PSTR_S59_R2_16S	(14.0, 2.0)	(15.0, 15.0)	(16.0, 51.0)	(17.0, 95.0)	(18.0, 106.0)	(19.0, 105.0)	(20.0, 124.0)	(21.0, 153.0)	(22.0, 202.0)	(23.0, 189.0)	(24.0, 380.0)	(25.0, 422.0)	(26.0, 548.0)	(27.0, 654.0)	(28.0, 814.0)	(29.0, 1002.0)	(30.0, 1055.0)	(31.0, 1296.0)	(32.0, 1467.0)	(33.0, 1675.0)	(34.0, 1915.0)	(35.0, 2158.0)	(36.0, 2440.0)	(37.0, 2988.0)	(38.0, 6506.0)	(39.0, 81906.0)	(40.0, 7518.0)												
022024-BEL-CBC-T2-804-OFAV_S87_R2_16S	(14.0, 17.0)	(15.0, 267.0)	(16.0, 963.0)	(17.0, 1569.0)	(18.0, 1786.0)	(19.0, 1465.0)	(20.0, 1476.0)	(21.0, 1709.0)	(22.0, 1994.0)	(23.0, 2397.0)	(24.0, 3633.0)	(25.0, 4802.0)	(26.0, 6997.0)	(27.0, 9396.0)	(28.0, 11749.0)	(29.0, 13487.0)	(30.0, 14793.0)	(31.0, 15787.0)	(32.0, 17252.0)	(33.0, 18034.0)	(34.0, 20145.0)	(35.0, 24563.0)	(36.0, 31485.0)	(37.0, 43725.0)	(38.0, 112040.0)	(39.0, 1039245.0)	(40.0, 49165.0)												
022024-BEL-CBC-T2-814-MCAV_S1_R2_16S	(14.0, 9.0)	(15.0, 53.0)	(16.0, 143.0)	(17.0, 230.0)	(18.0, 182.0)	(19.0, 155.0)	(20.0, 213.0)	(21.0, 390.0)	(22.0, 352.0)	(23.0, 363.0)	(24.0, 852.0)	(25.0, 530.0)	(26.0, 501.0)	(27.0, 550.0)	(28.0, 641.0)	(29.0, 662.0)	(30.0, 805.0)	(31.0, 918.0)	(32.0, 1179.0)	(33.0, 1545.0)	(34.0, 1822.0)	(35.0, 2472.0)	(36.0, 3690.0)	(37.0, 6583.0)	(38.0, 21391.0)	(39.0, 284549.0)	(40.0, 20317.0)												
022024-BEL-CBC-T3-851-PSTR_S13_R2_16S	(14.0, 3.0)	(15.0, 70.0)	(16.0, 457.0)	(17.0, 843.0)	(18.0, 1056.0)	(19.0, 1044.0)	(20.0, 1329.0)	(21.0, 1748.0)	(22.0, 2495.0)	(23.0, 3387.0)	(24.0, 4985.0)	(25.0, 6333.0)	(26.0, 7702.0)	(27.0, 9035.0)	(28.0, 10368.0)	(29.0, 11430.0)	(30.0, 12168.0)	(31.0, 12739.0)	(32.0, 14053.0)	(33.0, 14768.0)	(34.0, 16637.0)	(35.0, 19343.0)	(36.0, 24195.0)	(37.0, 31465.0)	(38.0, 58504.0)	(39.0, 364798.0)	(40.0, 17150.0)												
022024-BEL-CBC-T4-874-OFAV_S89_R2_16S	(15.0, 57.0)	(16.0, 212.0)	(17.0, 285.0)	(18.0, 294.0)	(19.0, 245.0)	(20.0, 245.0)	(21.0, 252.0)	(22.0, 360.0)	(23.0, 323.0)	(24.0, 468.0)	(25.0, 465.0)	(26.0, 465.0)	(27.0, 497.0)	(28.0, 596.0)	(29.0, 616.0)	(30.0, 723.0)	(31.0, 953.0)	(32.0, 1180.0)	(33.0, 1551.0)	(34.0, 2222.0)	(35.0, 3190.0)	(36.0, 5441.0)	(37.0, 12207.0)	(38.0, 52756.0)	(39.0, 455510.0)	(40.0, 24178.0)													
022024-BEL-CBC-T4-875-MCAV_S76_R2_16S	(14.0, 1.0)	(15.0, 21.0)	(16.0, 92.0)	(17.0, 166.0)	(18.0, 127.0)	(19.0, 136.0)	(20.0, 181.0)	(21.0, 242.0)	(22.0, 222.0)	(23.0, 234.0)	(24.0, 502.0)	(25.0, 340.0)	(26.0, 321.0)	(27.0, 365.0)	(28.0, 424.0)	(29.0, 427.0)	(30.0, 504.0)	(31.0, 602.0)	(32.0, 769.0)	(33.0, 916.0)	(34.0, 1235.0)	(35.0, 1716.0)	(36.0, 2643.0)	(37.0, 4656.0)	(38.0, 14237.0)	(39.0, 176577.0)	(40.0, 8543.0)												
042024-BEL-CBC-T1-927-PSTR_S67_R2_16S	(15.0, 2.0)	(16.0, 21.0)	(17.0, 29.0)	(18.0, 33.0)	(19.0, 29.0)	(20.0, 23.0)	(21.0, 40.0)	(22.0, 53.0)	(23.0, 49.0)	(24.0, 90.0)	(25.0, 93.0)	(26.0, 84.0)	(27.0, 110.0)	(28.0, 160.0)	(29.0, 165.0)	(30.0, 247.0)	(31.0, 269.0)	(32.0, 392.0)	(33.0, 483.0)	(34.0, 555.0)	(35.0, 704.0)	(36.0, 827.0)	(37.0, 1204.0)	(38.0, 4035.0)	(39.0, 60527.0)	(40.0, 4388.0)													
042024-BEL-CBC-T2-1014-OFAV_S95_R2_16S	(14.0, 1.0)	(15.0, 59.0)	(16.0, 246.0)	(17.0, 423.0)	(18.0, 442.0)	(19.0, 386.0)	(20.0, 373.0)	(21.0, 432.0)	(22.0, 590.0)	(23.0, 542.0)	(24.0, 819.0)	(25.0, 821.0)	(26.0, 827.0)	(27.0, 886.0)	(28.0, 1052.0)	(29.0, 1100.0)	(30.0, 1269.0)	(31.0, 1497.0)	(32.0, 1766.0)	(33.0, 2192.0)	(34.0, 2749.0)	(35.0, 3860.0)	(36.0, 5927.0)	(37.0, 11106.0)	(38.0, 41486.0)	(39.0, 377128.0)	(40.0, 19743.0)												
042024-BEL-CBC-T2-1018-PAST_S15_R2_16S	(11.0, 1.0)	(12.0, 0.0)	(13.0, 0.0)	(14.0, 21.0)	(15.0, 290.0)	(16.0, 1109.0)	(17.0, 1859.0)	(18.0, 2540.0)	(19.0, 2556.0)	(20.0, 2116.0)	(21.0, 1929.0)	(22.0, 1891.0)	(23.0, 1894.0)	(24.0, 2127.0)	(25.0, 2417.0)	(26.0, 2641.0)	(27.0, 2987.0)	(28.0, 3755.0)	(29.0, 4271.0)	(30.0, 5073.0)	(31.0, 5852.0)	(32.0, 7292.0)	(33.0, 9330.0)	(34.0, 12648.0)	(35.0, 17268.0)	(36.0, 25293.0)	(37.0, 44001.0)	(38.0, 142729.0)	(39.0, 1891409.0)	(40.0, 188221.0)									
042024-BEL-CBC-T2-1026-OFAV_S91_R2_16S	(14.0, 3.0)	(15.0, 51.0)	(16.0, 250.0)	(17.0, 409.0)	(18.0, 438.0)	(19.0, 393.0)	(20.0, 372.0)	(21.0, 422.0)	(22.0, 520.0)	(23.0, 521.0)	(24.0, 756.0)	(25.0, 865.0)	(26.0, 1089.0)	(27.0, 1463.0)	(28.0, 1844.0)	(29.0, 2356.0)	(30.0, 2832.0)	(31.0, 3398.0)	(32.0, 3934.0)	(33.0, 4734.0)	(34.0, 5984.0)	(35.0, 7829.0)	(36.0, 11063.0)	(37.0, 18199.0)	(38.0, 62705.0)	(39.0, 496630.0)	(40.0, 22917.0)												
042024-BEL-CBC-T2-1144-MCAV_S3_R2_16S	(15.0, 22.0)	(16.0, 127.0)	(17.0, 211.0)	(18.0, 155.0)	(19.0, 150.0)	(20.0, 223.0)	(21.0, 353.0)	(22.0, 334.0)	(23.0, 309.0)	(24.0, 728.0)	(25.0, 524.0)	(26.0, 514.0)	(27.0, 669.0)	(28.0, 854.0)	(29.0, 953.0)	(30.0, 1189.0)	(31.0, 1446.0)	(32.0, 1690.0)	(33.0, 2109.0)	(34.0, 2509.0)	(35.0, 3424.0)	(36.0, 4890.0)	(37.0, 8179.0)	(38.0, 24362.0)	(39.0, 292722.0)	(40.0, 21389.0)													
042024-BEL-CBC-T3-960-OFAV_S4_R2_16S	(15.0, 7.0)	(16.0, 16.0)	(17.0, 18.0)	(18.0, 11.0)	(19.0, 16.0)	(20.0, 9.0)	(21.0, 36.0)	(22.0, 23.0)	(23.0, 17.0)	(24.0, 60.0)	(25.0, 47.0)	(26.0, 44.0)	(27.0, 50.0)	(28.0, 62.0)	(29.0, 90.0)	(30.0, 63.0)	(31.0, 83.0)	(32.0, 111.0)	(33.0, 105.0)	(34.0, 147.0)	(35.0, 221.0)	(36.0, 335.0)	(37.0, 684.0)	(38.0, 2785.0)	(39.0, 30680.0)	(40.0, 470.0)													
042024-BEL-CBC-T4-1046-PSTR_S60_R2_16S	(14.0, 1.0)	(15.0, 17.0)	(16.0, 211.0)	(17.0, 343.0)	(18.0, 337.0)	(19.0, 410.0)	(20.0, 537.0)	(21.0, 771.0)	(22.0, 1194.0)	(23.0, 1678.0)	(24.0, 2547.0)	(25.0, 3218.0)	(26.0, 4122.0)	(27.0, 5099.0)	(28.0, 5957.0)	(29.0, 6623.0)	(30.0, 7295.0)	(31.0, 7508.0)	(32.0, 8334.0)	(33.0, 8865.0)	(34.0, 9718.0)	(35.0, 10558.0)	(36.0, 11409.0)	(37.0, 10386.0)	(38.0, 13044.0)	(39.0, 83318.0)	(40.0, 3263.0)												
042024-BEL-CBC-T4-1047-MCAV_S92_R2_16S	(14.0, 3.0)	(15.0, 28.0)	(16.0, 109.0)	(17.0, 204.0)	(18.0, 187.0)	(19.0, 208.0)	(20.0, 221.0)	(21.0, 296.0)	(22.0, 297.0)	(23.0, 307.0)	(24.0, 570.0)	(25.0, 495.0)	(26.0, 505.0)	(27.0, 661.0)	(28.0, 768.0)	(29.0, 833.0)	(30.0, 1001.0)	(31.0, 1227.0)	(32.0, 1347.0)	(33.0, 1706.0)	(34.0, 2404.0)	(35.0, 3457.0)	(36.0, 5755.0)	(37.0, 10158.0)	(38.0, 25483.0)	(39.0, 207349.0)	(40.0, 4567.0)												
052022-BEL-CBC-T1-2-SSID_S8_R2_16S	(14.0, 8.0)	(15.0, 36.0)	(16.0, 156.0)	(17.0, 293.0)	(18.0, 321.0)	(19.0, 313.0)	(20.0, 337.0)	(21.0, 358.0)	(22.0, 469.0)	(23.0, 625.0)	(24.0, 846.0)	(25.0, 1252.0)	(26.0, 1752.0)	(27.0, 2278.0)	(28.0, 2707.0)	(29.0, 3054.0)	(30.0, 3205.0)	(31.0, 3494.0)	(32.0, 3586.0)	(33.0, 3811.0)	(34.0, 4366.0)	(35.0, 5251.0)	(36.0, 6149.0)	(37.0, 8491.0)	(38.0, 29428.0)	(39.0, 204862.0)	(40.0, 3109.0)												
052022-BEL-CBC-T2-1-SSID_S57_R2_16S	(14.0, 4.0)	(15.0, 49.0)	(16.0, 260.0)	(17.0, 479.0)	(18.0, 535.0)	(19.0, 455.0)	(20.0, 421.0)	(21.0, 437.0)	(22.0, 509.0)	(23.0, 659.0)	(24.0, 902.0)	(25.0, 1238.0)	(26.0, 1572.0)	(27.0, 1889.0)	(28.0, 2523.0)	(29.0, 2819.0)	(30.0, 3215.0)	(31.0, 3510.0)	(32.0, 4060.0)	(33.0, 4690.0)	(34.0, 5563.0)	(35.0, 6832.0)	(36.0, 8967.0)	(37.0, 12836.0)	(38.0, 37725.0)	(39.0, 450677.0)	(40.0, 28743.0)												
052022-BEL-CBC-T2-71-OFAV_S21_R2_16S	(14.0, 3.0)	(15.0, 67.0)	(16.0, 227.0)	(17.0, 350.0)	(18.0, 443.0)	(19.0, 418.0)	(20.0, 461.0)	(21.0, 550.0)	(22.0, 709.0)	(23.0, 760.0)	(24.0, 1153.0)	(25.0, 1353.0)	(26.0, 1530.0)	(27.0, 1911.0)	(28.0, 2185.0)	(29.0, 2402.0)	(30.0, 2570.0)	(31.0, 2865.0)	(32.0, 3150.0)	(33.0, 3504.0)	(34.0, 4174.0)	(35.0, 4998.0)	(36.0, 6862.0)	(37.0, 10797.0)	(38.0, 36036.0)	(39.0, 311671.0)	(40.0, 11440.0)												
052022-BEL-CBC-T2-9-PAST_S23_R2_16S	(14.0, 10.0)	(15.0, 125.0)	(16.0, 476.0)	(17.0, 857.0)	(18.0, 988.0)	(19.0, 956.0)	(20.0, 960.0)	(21.0, 1086.0)	(22.0, 1243.0)	(23.0, 1626.0)	(24.0, 2158.0)	(25.0, 3029.0)	(26.0, 4278.0)	(27.0, 5549.0)	(28.0, 7338.0)	(29.0, 8979.0)	(30.0, 10123.0)	(31.0, 11371.0)	(32.0, 12460.0)	(33.0, 13648.0)	(34.0, 14587.0)	(35.0, 17000.0)	(36.0, 21408.0)	(37.0, 29271.0)	(38.0, 74098.0)	(39.0, 529473.0)	(40.0, 11677.0)												
052022-BEL-CBC-T3-11-PAST_S19_R2_16S	(15.0, 2.0)	(16.0, 41.0)	(17.0, 78.0)	(18.0, 95.0)	(19.0, 124.0)	(20.0, 104.0)	(21.0, 95.0)	(22.0, 101.0)	(23.0, 102.0)	(24.0, 130.0)	(25.0, 155.0)	(26.0, 182.0)	(27.0, 209.0)	(28.0, 277.0)	(29.0, 279.0)	(30.0, 362.0)	(31.0, 434.0)	(32.0, 596.0)	(33.0, 695.0)	(34.0, 950.0)	(35.0, 1428.0)	(36.0, 2271.0)	(37.0, 4372.0)	(38.0, 20432.0)	(39.0, 131666.0)	(40.0, 540.0)													
052022-BEL-CBC-T3-13-MCAV_S5_R2_16S	(14.0, 3.0)	(15.0, 66.0)	(16.0, 170.0)	(17.0, 256.0)	(18.0, 231.0)	(19.0, 219.0)	(20.0, 231.0)	(21.0, 303.0)	(22.0, 417.0)	(23.0, 423.0)	(24.0, 647.0)	(25.0, 720.0)	(26.0, 763.0)	(27.0, 955.0)	(28.0, 1117.0)	(29.0, 1227.0)	(30.0, 1377.0)	(31.0, 1482.0)	(32.0, 1753.0)	(33.0, 1958.0)	(34.0, 2394.0)	(35.0, 2930.0)	(36.0, 4131.0)	(37.0, 6600.0)	(38.0, 20038.0)	(39.0, 201153.0)	(40.0, 9885.0)												
052022-BEL-CBC-T3-19-MCAV_S6_R2_16S	(14.0, 1.0)	(15.0, 12.0)	(16.0, 64.0)	(17.0, 99.0)	(18.0, 75.0)	(19.0, 62.0)	(20.0, 83.0)	(21.0, 137.0)	(22.0, 120.0)	(23.0, 131.0)	(24.0, 217.0)	(25.0, 180.0)	(26.0, 205.0)	(27.0, 211.0)	(28.0, 260.0)	(29.0, 296.0)	(30.0, 314.0)	(31.0, 384.0)	(32.0, 469.0)	(33.0, 564.0)	(34.0, 739.0)	(35.0, 948.0)	(36.0, 1573.0)	(37.0, 2767.0)	(38.0, 8334.0)	(39.0, 82876.0)	(40.0, 4386.0)												
052022-BEL-CBC-T3-66-OFAV_S40_R2_16S	(14.0, 1.0)	(15.0, 52.0)	(16.0, 101.0)	(17.0, 174.0)	(18.0, 189.0)	(19.0, 175.0)	(20.0, 207.0)	(21.0, 242.0)	(22.0, 295.0)	(23.0, 336.0)	(24.0, 503.0)	(25.0, 621.0)	(26.0, 605.0)	(27.0, 701.0)	(28.0, 819.0)	(29.0, 828.0)	(30.0, 942.0)	(31.0, 1010.0)	(32.0, 1117.0)	(33.0, 1331.0)	(34.0, 1521.0)	(35.0, 1729.0)	(36.0, 2166.0)	(37.0, 2907.0)	(38.0, 6966.0)	(39.0, 78432.0)	(40.0, 5457.0)												
052022-BEL-CBC-T3-8-PAST_S17_R2_16S	(14.0, 5.0)	(15.0, 41.0)	(16.0, 88.0)	(17.0, 96.0)	(18.0, 126.0)	(19.0, 133.0)	(20.0, 116.0)	(21.0, 87.0)	(22.0, 102.0)	(23.0, 117.0)	(24.0, 127.0)	(25.0, 139.0)	(26.0, 166.0)	(27.0, 234.0)	(28.0, 269.0)	(29.0, 297.0)	(30.0, 341.0)	(31.0, 408.0)	(32.0, 522.0)	(33.0, 600.0)	(34.0, 807.0)	(35.0, 1102.0)	(36.0, 1682.0)	(37.0, 3226.0)	(38.0, 12594.0)	(39.0, 100269.0)	(40.0, 1082.0)												
062019-BEL-CBC-T1-21-PAST_S16_R2_16S	(15.0, 7.0)	(16.0, 34.0)	(17.0, 67.0)	(18.0, 62.0)	(19.0, 73.0)	(20.0, 81.0)	(21.0, 75.0)	(22.0, 118.0)	(23.0, 198.0)	(24.0, 231.0)	(25.0, 319.0)	(26.0, 393.0)	(27.0, 502.0)	(28.0, 626.0)	(29.0, 758.0)	(30.0, 828.0)	(31.0, 896.0)	(32.0, 981.0)	(33.0, 1083.0)	(34.0, 1165.0)	(35.0, 1277.0)	(36.0, 1468.0)	(37.0, 1875.0)	(38.0, 3417.0)	(39.0, 30003.0)	(40.0, 499.0)													
062019-BEL-CBC-T1-22-MCAV_S18_R2_16S	(15.0, 23.0)	(16.0, 115.0)	(17.0, 176.0)	(18.0, 187.0)	(19.0, 155.0)	(20.0, 198.0)	(21.0, 263.0)	(22.0, 245.0)	(23.0, 240.0)	(24.0, 512.0)	(25.0, 349.0)	(26.0, 389.0)	(27.0, 433.0)	(28.0, 559.0)	(29.0, 632.0)	(30.0, 718.0)	(31.0, 812.0)	(32.0, 1147.0)	(33.0, 1381.0)	(34.0, 1675.0)	(35.0, 2485.0)	(36.0, 3785.0)	(37.0, 7528.0)	(38.0, 21344.0)	(39.0, 200252.0)	(40.0, 10516.0)													
062019-BEL-CBC-T2-18-MCAV_S79_R2_16S	(14.0, 5.0)	(15.0, 26.0)	(16.0, 107.0)	(17.0, 99.0)	(18.0, 84.0)	(19.0, 100.0)	(20.0, 85.0)	(21.0, 118.0)	(22.0, 118.0)	(23.0, 139.0)	(24.0, 215.0)	(25.0, 225.0)	(26.0, 258.0)	(27.0, 318.0)	(28.0, 346.0)	(29.0, 355.0)	(30.0, 406.0)	(31.0, 448.0)	(32.0, 506.0)	(33.0, 570.0)	(34.0, 770.0)	(35.0, 939.0)	(36.0, 1312.0)	(37.0, 1963.0)	(38.0, 5260.0)	(39.0, 60825.0)	(40.0, 3423.0)												
062019-BEL-CBC-T3-1-MCAV_S48_R2_16S	(16.0, 18.0)	(17.0, 73.0)	(18.0, 47.0)	(19.0, 55.0)	(20.0, 72.0)	(21.0, 101.0)	(22.0, 96.0)	(23.0, 91.0)	(24.0, 185.0)	(25.0, 125.0)	(26.0, 127.0)	(27.0, 134.0)	(28.0, 158.0)	(29.0, 189.0)	(30.0, 190.0)	(31.0, 203.0)	(32.0, 263.0)	(33.0, 334.0)	(34.0, 429.0)	(35.0, 577.0)	(36.0, 845.0)	(37.0, 1437.0)	(38.0, 4005.0)	(39.0, 72257.0)	(40.0, 7315.0)														
062024-BEL-CBC-T1-1347-OANN_S65_R2_16S	(14.0, 1.0)	(15.0, 33.0)	(16.0, 104.0)	(17.0, 99.0)	(18.0, 116.0)	(19.0, 84.0)	(20.0, 94.0)	(21.0, 89.0)	(22.0, 84.0)	(23.0, 111.0)	(24.0, 145.0)	(25.0, 154.0)	(26.0, 147.0)	(27.0, 199.0)	(28.0, 219.0)	(29.0, 230.0)	(30.0, 275.0)	(31.0, 322.0)	(32.0, 388.0)	(33.0, 440.0)	(34.0, 658.0)	(35.0, 894.0)	(36.0, 1488.0)	(37.0, 2994.0)	(38.0, 11736.0)	(39.0, 109386.0)	(40.0, 3942.0)												
062024-BEL-CBC-T1-1353-MCAV_S86_R2_16S	(14.0, 13.0)	(15.0, 228.0)	(16.0, 761.0)	(17.0, 1143.0)	(18.0, 1330.0)	(19.0, 1179.0)	(20.0, 1232.0)	(21.0, 1460.0)	(22.0, 1780.0)	(23.0, 2138.0)	(24.0, 3050.0)	(25.0, 3778.0)	(26.0, 5084.0)	(27.0, 6481.0)	(28.0, 7923.0)	(29.0, 9322.0)	(30.0, 10128.0)	(31.0, 10835.0)	(32.0, 11987.0)	(33.0, 13314.0)	(34.0, 15594.0)	(35.0, 19756.0)	(36.0, 27098.0)	(37.0, 43541.0)	(38.0, 112351.0)	(39.0, 749736.0)	(40.0, 28282.0)												
062024-BEL-CBC-T2-1375-SSID_S33_R2_16S	(13.0, 1.0)	(14.0, 55.0)	(15.0, 900.0)	(16.0, 4380.0)	(17.0, 7208.0)	(18.0, 8648.0)	(19.0, 7699.0)	(20.0, 7549.0)	(21.0, 7435.0)	(22.0, 7522.0)	(23.0, 8239.0)	(24.0, 9722.0)	(25.0, 11654.0)	(26.0, 14006.0)	(27.0, 16812.0)	(28.0, 20729.0)	(29.0, 24016.0)	(30.0, 27333.0)	(31.0, 31395.0)	(32.0, 38012.0)	(33.0, 46572.0)	(34.0, 59435.0)	(35.0, 78914.0)	(36.0, 118556.0)	(37.0, 204634.0)	(38.0, 700641.0)	(39.0, 7911310.0)	(40.0, 451083.0)											
062024-BEL-CBC-T2-1396-MCAV_S49_R2_16S	(14.0, 5.0)	(15.0, 61.0)	(16.0, 325.0)	(17.0, 559.0)	(18.0, 689.0)	(19.0, 512.0)	(20.0, 510.0)	(21.0, 537.0)	(22.0, 545.0)	(23.0, 513.0)	(24.0, 719.0)	(25.0, 664.0)	(26.0, 754.0)	(27.0, 834.0)	(28.0, 961.0)	(29.0, 1121.0)	(30.0, 1430.0)	(31.0, 1616.0)	(32.0, 2109.0)	(33.0, 2674.0)	(34.0, 3737.0)	(35.0, 5374.0)	(36.0, 8647.0)	(37.0, 16977.0)	(38.0, 63433.0)	(39.0, 756708.0)	(40.0, 48263.0)												
062024-BEL-CBC-T3-1415-MCAV_S50_R2_16S	(15.0, 5.0)	(16.0, 49.0)	(17.0, 120.0)	(18.0, 112.0)	(19.0, 153.0)	(20.0, 188.0)	(21.0, 221.0)	(22.0, 244.0)	(23.0, 215.0)	(24.0, 427.0)	(25.0, 252.0)	(26.0, 259.0)	(27.0, 281.0)	(28.0, 324.0)	(29.0, 381.0)	(30.0, 455.0)	(31.0, 501.0)	(32.0, 568.0)	(33.0, 801.0)	(34.0, 973.0)	(35.0, 1255.0)	(36.0, 2110.0)	(37.0, 4072.0)	(38.0, 11270.0)	(39.0, 153695.0)	(40.0, 17451.0)													
062024-BEL-CBC-T3-1433-PSTR_S2_R2_16S	(14.0, 12.0)	(15.0, 176.0)	(16.0, 589.0)	(17.0, 829.0)	(18.0, 988.0)	(19.0, 860.0)	(20.0, 878.0)	(21.0, 833.0)	(22.0, 990.0)	(23.0, 961.0)	(24.0, 1167.0)	(25.0, 1343.0)	(26.0, 1524.0)	(27.0, 1826.0)	(28.0, 2233.0)	(29.0, 2727.0)	(30.0, 3353.0)	(31.0, 4396.0)	(32.0, 5860.0)	(33.0, 7399.0)	(34.0, 8767.0)	(35.0, 11221.0)	(36.0, 16726.0)	(37.0, 32857.0)	(38.0, 119358.0)	(39.0, 734214.0)	(40.0, 16510.0)												
062024-BEL-CBC-T3-1439-OFAV_S41_R2_16S	(15.0, 23.0)	(16.0, 93.0)	(17.0, 142.0)	(18.0, 118.0)	(19.0, 119.0)	(20.0, 159.0)	(21.0, 222.0)	(22.0, 302.0)	(23.0, 247.0)	(24.0, 466.0)	(25.0, 423.0)	(26.0, 413.0)	(27.0, 466.0)	(28.0, 550.0)	(29.0, 583.0)	(30.0, 671.0)	(31.0, 760.0)	(32.0, 944.0)	(33.0, 1104.0)	(34.0, 1386.0)	(35.0, 1954.0)	(36.0, 2804.0)	(37.0, 4888.0)	(38.0, 16601.0)	(39.0, 201790.0)	(40.0, 10181.0)													
062024-BEL-CBC-T3-1442-OFAV_S35_R2_16S	(14.0, 3.0)	(15.0, 49.0)	(16.0, 196.0)	(17.0, 418.0)	(18.0, 463.0)	(19.0, 345.0)	(20.0, 354.0)	(21.0, 414.0)	(22.0, 428.0)	(23.0, 397.0)	(24.0, 687.0)	(25.0, 664.0)	(26.0, 587.0)	(27.0, 658.0)	(28.0, 719.0)	(29.0, 855.0)	(30.0, 890.0)	(31.0, 1128.0)	(32.0, 1427.0)	(33.0, 1867.0)	(34.0, 2383.0)	(35.0, 3463.0)	(36.0, 5645.0)	(37.0, 11538.0)	(38.0, 49546.0)	(39.0, 516490.0)	(40.0, 28986.0)												
082024-BEL-CBC-T1-1479-PAST_S47_R2_16S	(15.0, 31.0)	(16.0, 197.0)	(17.0, 335.0)	(18.0, 462.0)	(19.0, 394.0)	(20.0, 347.0)	(21.0, 316.0)	(22.0, 308.0)	(23.0, 395.0)	(24.0, 471.0)	(25.0, 545.0)	(26.0, 662.0)	(27.0, 760.0)	(28.0, 930.0)	(29.0, 1066.0)	(30.0, 1236.0)	(31.0, 1394.0)	(32.0, 1761.0)	(33.0, 2224.0)	(34.0, 2941.0)	(35.0, 4079.0)	(36.0, 6601.0)	(37.0, 12557.0)	(38.0, 51831.0)	(39.0, 394550.0)	(40.0, 8400.0)													
082024-BEL-CBC-T1-1482-OANN_S36_R2_16S	(14.0, 6.0)	(15.0, 47.0)	(16.0, 153.0)	(17.0, 227.0)	(18.0, 185.0)	(19.0, 168.0)	(20.0, 165.0)	(21.0, 189.0)	(22.0, 209.0)	(23.0, 232.0)	(24.0, 288.0)	(25.0, 351.0)	(26.0, 336.0)	(27.0, 358.0)	(28.0, 426.0)	(29.0, 448.0)	(30.0, 527.0)	(31.0, 570.0)	(32.0, 675.0)	(33.0, 801.0)	(34.0, 1014.0)	(35.0, 1314.0)	(36.0, 1900.0)	(37.0, 3463.0)	(38.0, 10244.0)	(39.0, 98167.0)	(40.0, 4461.0)												
082024-BEL-CBC-T2-1510-PAST_S94_R2_16S	(14.0, 4.0)	(15.0, 85.0)	(16.0, 450.0)	(17.0, 690.0)	(18.0, 913.0)	(19.0, 839.0)	(20.0, 821.0)	(21.0, 821.0)	(22.0, 939.0)	(23.0, 1188.0)	(24.0, 1415.0)	(25.0, 1927.0)	(26.0, 2476.0)	(27.0, 3117.0)	(28.0, 3705.0)	(29.0, 4207.0)	(30.0, 4766.0)	(31.0, 5167.0)	(32.0, 5790.0)	(33.0, 6610.0)	(34.0, 7647.0)	(35.0, 9342.0)	(36.0, 12781.0)	(37.0, 20807.0)	(38.0, 75241.0)	(39.0, 599743.0)	(40.0, 16204.0)												
082024-BEL-CBC-T3-1554-OANN_S14_R2_16S	(14.0, 4.0)	(15.0, 140.0)	(16.0, 589.0)	(17.0, 1149.0)	(18.0, 1333.0)	(19.0, 1376.0)	(20.0, 1518.0)	(21.0, 1968.0)	(22.0, 2540.0)	(23.0, 3057.0)	(24.0, 3942.0)	(25.0, 4995.0)	(26.0, 5664.0)	(27.0, 6028.0)	(28.0, 7007.0)	(29.0, 7097.0)	(30.0, 7901.0)	(31.0, 8219.0)	(32.0, 9108.0)	(33.0, 10057.0)	(34.0, 11393.0)	(35.0, 13668.0)	(36.0, 16909.0)	(37.0, 23301.0)	(38.0, 66137.0)	(39.0, 670475.0)	(40.0, 43952.0)												
082024-BEL-CBC-T3-1558-MCAV_S34_R2_16S	(14.0, 6.0)	(15.0, 102.0)	(16.0, 243.0)	(17.0, 337.0)	(18.0, 357.0)	(19.0, 365.0)	(20.0, 400.0)	(21.0, 521.0)	(22.0, 463.0)	(23.0, 535.0)	(24.0, 871.0)	(25.0, 694.0)	(26.0, 777.0)	(27.0, 842.0)	(28.0, 998.0)	(29.0, 1145.0)	(30.0, 1253.0)	(31.0, 1414.0)	(32.0, 1669.0)	(33.0, 1983.0)	(34.0, 2471.0)	(35.0, 3136.0)	(36.0, 4824.0)	(37.0, 8309.0)	(38.0, 23735.0)	(39.0, 252237.0)	(40.0, 23516.0)												
082024-BEL-CBC-T3-1560-PSTR_S54_R2_16S	(14.0, 2.0)	(15.0, 33.0)	(16.0, 206.0)	(17.0, 385.0)	(18.0, 444.0)	(19.0, 470.0)	(20.0, 424.0)	(21.0, 464.0)	(22.0, 473.0)	(23.0, 525.0)	(24.0, 662.0)	(25.0, 746.0)	(26.0, 774.0)	(27.0, 994.0)	(28.0, 1166.0)	(29.0, 1447.0)	(30.0, 1541.0)	(31.0, 1949.0)	(32.0, 2320.0)	(33.0, 2809.0)	(34.0, 3436.0)	(35.0, 4524.0)	(36.0, 6584.0)	(37.0, 11645.0)	(38.0, 36683.0)	(39.0, 316898.0)	(40.0, 15778.0)												
082024-BEL-CBC-T3-1561-MCAV_S38_R2_16S	(14.0, 15.0)	(15.0, 184.0)	(16.0, 421.0)	(17.0, 556.0)	(18.0, 649.0)	(19.0, 663.0)	(20.0, 699.0)	(21.0, 784.0)	(22.0, 760.0)	(23.0, 723.0)	(24.0, 1092.0)	(25.0, 919.0)	(26.0, 903.0)	(27.0, 1039.0)	(28.0, 1139.0)	(29.0, 1192.0)	(30.0, 1408.0)	(31.0, 1670.0)	(32.0, 1994.0)	(33.0, 2399.0)	(34.0, 3041.0)	(35.0, 4030.0)	(36.0, 6374.0)	(37.0, 11554.0)	(38.0, 32979.0)	(39.0, 321340.0)	(40.0, 24311.0)												
082024-BEL-CBC-T3-1562-OFAV_S31_R2_16S	(14.0, 23.0)	(15.0, 636.0)	(16.0, 2876.0)	(17.0, 5422.0)	(18.0, 6006.0)	(19.0, 5205.0)	(20.0, 5206.0)	(21.0, 5326.0)	(22.0, 6103.0)	(23.0, 6133.0)	(24.0, 8798.0)	(25.0, 8711.0)	(26.0, 9222.0)	(27.0, 10110.0)	(28.0, 11679.0)	(29.0, 12801.0)	(30.0, 15183.0)	(31.0, 17718.0)	(32.0, 22254.0)	(33.0, 27763.0)	(34.0, 36497.0)	(35.0, 49055.0)	(36.0, 75041.0)	(37.0, 137043.0)	(38.0, 536743.0)	(39.0, 5232030.0)	(40.0, 230285.0)												
082024-BEL-CBC-T4-1606-PSTR_S25_R2_16S	(14.0, 1.0)	(15.0, 55.0)	(16.0, 181.0)	(17.0, 286.0)	(18.0, 218.0)	(19.0, 225.0)	(20.0, 270.0)	(21.0, 308.0)	(22.0, 367.0)	(23.0, 371.0)	(24.0, 669.0)	(25.0, 714.0)	(26.0, 779.0)	(27.0, 970.0)	(28.0, 1174.0)	(29.0, 1347.0)	(30.0, 1565.0)	(31.0, 1758.0)	(32.0, 2037.0)	(33.0, 2329.0)	(34.0, 2843.0)	(35.0, 3413.0)	(36.0, 4346.0)	(37.0, 6175.0)	(38.0, 18037.0)	(39.0, 250801.0)	(40.0, 18508.0)												
082024-BEL-CBC-T4-1607-PSTR_S90_R2_16S	(15.0, 13.0)	(16.0, 35.0)	(17.0, 53.0)	(18.0, 55.0)	(19.0, 45.0)	(20.0, 38.0)	(21.0, 48.0)	(22.0, 74.0)	(23.0, 57.0)	(24.0, 93.0)	(25.0, 119.0)	(26.0, 124.0)	(27.0, 160.0)	(28.0, 183.0)	(29.0, 208.0)	(30.0, 240.0)	(31.0, 283.0)	(32.0, 335.0)	(33.0, 379.0)	(34.0, 437.0)	(35.0, 597.0)	(36.0, 901.0)	(37.0, 1568.0)	(38.0, 5245.0)	(39.0, 53325.0)	(40.0, 2374.0)													
082024-BEL-CBC-T4-1609-OFAV_S12_R2_16S	(14.0, 13.0)	(15.0, 135.0)	(16.0, 444.0)	(17.0, 803.0)	(18.0, 967.0)	(19.0, 874.0)	(20.0, 818.0)	(21.0, 790.0)	(22.0, 838.0)	(23.0, 781.0)	(24.0, 986.0)	(25.0, 1172.0)	(26.0, 1203.0)	(27.0, 1296.0)	(28.0, 1660.0)	(29.0, 1944.0)	(30.0, 2217.0)	(31.0, 2691.0)	(32.0, 3565.0)	(33.0, 4365.0)	(34.0, 5970.0)	(35.0, 8181.0)	(36.0, 12702.0)	(37.0, 24950.0)	(38.0, 101699.0)	(39.0, 775279.0)	(40.0, 27793.0)												
092023-BEL-CBC-T1-171-PAST_S42_R2_16S	(15.0, 29.0)	(16.0, 189.0)	(17.0, 320.0)	(18.0, 333.0)	(19.0, 297.0)	(20.0, 348.0)	(21.0, 368.0)	(22.0, 515.0)	(23.0, 763.0)	(24.0, 1231.0)	(25.0, 1743.0)	(26.0, 2599.0)	(27.0, 3348.0)	(28.0, 4393.0)	(29.0, 5035.0)	(30.0, 5915.0)	(31.0, 6906.0)	(32.0, 7832.0)	(33.0, 8878.0)	(34.0, 10226.0)	(35.0, 11805.0)	(36.0, 14464.0)	(37.0, 19109.0)	(38.0, 55295.0)	(39.0, 328019.0)	(40.0, 5248.0)													
092023-BEL-CBC-T1-175-PAST_S7_R2_16S	(14.0, 4.0)	(15.0, 92.0)	(16.0, 422.0)	(17.0, 677.0)	(18.0, 699.0)	(19.0, 731.0)	(20.0, 766.0)	(21.0, 968.0)	(22.0, 1247.0)	(23.0, 1788.0)	(24.0, 2789.0)	(25.0, 4284.0)	(26.0, 6598.0)	(27.0, 9046.0)	(28.0, 10995.0)	(29.0, 12042.0)	(30.0, 13088.0)	(31.0, 13780.0)	(32.0, 14041.0)	(33.0, 14544.0)	(34.0, 16070.0)	(35.0, 18588.0)	(36.0, 21597.0)	(37.0, 23179.0)	(38.0, 37825.0)	(39.0, 232280.0)	(40.0, 5756.0)												
092023-BEL-CBC-T2-174-SSID_S46_R2_16S	(15.0, 46.0)	(16.0, 254.0)	(17.0, 422.0)	(18.0, 574.0)	(19.0, 486.0)	(20.0, 566.0)	(21.0, 533.0)	(22.0, 622.0)	(23.0, 684.0)	(24.0, 942.0)	(25.0, 1078.0)	(26.0, 1331.0)	(27.0, 1466.0)	(28.0, 1843.0)	(29.0, 1981.0)	(30.0, 2167.0)	(31.0, 2510.0)	(32.0, 2932.0)	(33.0, 3367.0)	(34.0, 4328.0)	(35.0, 5705.0)	(36.0, 8914.0)	(37.0, 16839.0)	(38.0, 67452.0)	(39.0, 400473.0)	(40.0, 7271.0)													
092023-BEL-CBC-T2-181-PAST_S63_R2_16S	(14.0, 4.0)	(15.0, 90.0)	(16.0, 516.0)	(17.0, 987.0)	(18.0, 1114.0)	(19.0, 1054.0)	(20.0, 1090.0)	(21.0, 1299.0)	(22.0, 1740.0)	(23.0, 2268.0)	(24.0, 3093.0)	(25.0, 3753.0)	(26.0, 4839.0)	(27.0, 5530.0)	(28.0, 6822.0)	(29.0, 7535.0)	(30.0, 8068.0)	(31.0, 8411.0)	(32.0, 9839.0)	(33.0, 10812.0)	(34.0, 12240.0)	(35.0, 14345.0)	(36.0, 17660.0)	(37.0, 22531.0)	(38.0, 62414.0)	(39.0, 627054.0)	(40.0, 30792.0)												
092023-BEL-CBC-T2-184-MCAV_S37_R2_16S	(14.0, 65.0)	(15.0, 1115.0)	(16.0, 5520.0)	(17.0, 11930.0)	(18.0, 14821.0)	(19.0, 13329.0)	(20.0, 12764.0)	(21.0, 13442.0)	(22.0, 13711.0)	(23.0, 14031.0)	(24.0, 17872.0)	(25.0, 18249.0)	(26.0, 20429.0)	(27.0, 23350.0)	(28.0, 26820.0)	(29.0, 30680.0)	(30.0, 35121.0)	(31.0, 41471.0)	(32.0, 51515.0)	(33.0, 64283.0)	(34.0, 80646.0)	(35.0, 103468.0)	(36.0, 151715.0)	(37.0, 272759.0)	(38.0, 950464.0)	(39.0, 9230817.0)	(40.0, 491939.0)												
092023-BEL-CBC-T3-171-OFAV_S78_R2_16S	(14.0, 8.0)	(15.0, 303.0)	(16.0, 1214.0)	(17.0, 1798.0)	(18.0, 2293.0)	(19.0, 2047.0)	(20.0, 1883.0)	(21.0, 1927.0)	(22.0, 1976.0)	(23.0, 2248.0)	(24.0, 2828.0)	(25.0, 3106.0)	(26.0, 3951.0)	(27.0, 4435.0)	(28.0, 5131.0)	(29.0, 5737.0)	(30.0, 6820.0)	(31.0, 7731.0)	(32.0, 9337.0)	(33.0, 11032.0)	(34.0, 14194.0)	(35.0, 18482.0)	(36.0, 28626.0)	(37.0, 52463.0)	(38.0, 208075.0)	(39.0, 1614308.0)	(40.0, 42605.0)												
092023-BEL-CBC-T3-173-OFAV_S84_R2_16S	(14.0, 12.0)	(15.0, 256.0)	(16.0, 1545.0)	(17.0, 2518.0)	(18.0, 2912.0)	(19.0, 2914.0)	(20.0, 3132.0)	(21.0, 3901.0)	(22.0, 5217.0)	(23.0, 7538.0)	(24.0, 11518.0)	(25.0, 18087.0)	(26.0, 26651.0)	(27.0, 36234.0)	(28.0, 45147.0)	(29.0, 53443.0)	(30.0, 61077.0)	(31.0, 66883.0)	(32.0, 71074.0)	(33.0, 73385.0)	(34.0, 78151.0)	(35.0, 87143.0)	(36.0, 100463.0)	(37.0, 105372.0)	(38.0, 158388.0)	(39.0, 1050284.0)	(40.0, 37555.0)												
092023-BEL-CBC-T3-178-PAST_S74_R2_16S	(14.0, 4.0)	(15.0, 98.0)	(16.0, 391.0)	(17.0, 586.0)	(18.0, 695.0)	(19.0, 739.0)	(20.0, 651.0)	(21.0, 618.0)	(22.0, 644.0)	(23.0, 793.0)	(24.0, 1048.0)	(25.0, 1452.0)	(26.0, 1898.0)	(27.0, 2373.0)	(28.0, 2935.0)	(29.0, 3424.0)	(30.0, 4144.0)	(31.0, 4595.0)	(32.0, 5237.0)	(33.0, 5788.0)	(34.0, 7045.0)	(35.0, 8816.0)	(36.0, 11840.0)	(37.0, 18079.0)	(38.0, 60713.0)	(39.0, 616961.0)	(40.0, 29702.0)												
092023-BEL-CBC-T3-195-PSTR_S66_R2_16S	(15.0, 9.0)	(16.0, 30.0)	(17.0, 44.0)	(18.0, 40.0)	(19.0, 40.0)	(20.0, 54.0)	(21.0, 38.0)	(22.0, 60.0)	(23.0, 54.0)	(24.0, 107.0)	(25.0, 124.0)	(26.0, 120.0)	(27.0, 134.0)	(28.0, 175.0)	(29.0, 182.0)	(30.0, 227.0)	(31.0, 269.0)	(32.0, 318.0)	(33.0, 357.0)	(34.0, 467.0)	(35.0, 557.0)	(36.0, 847.0)	(37.0, 1519.0)	(38.0, 4750.0)	(39.0, 42961.0)	(40.0, 1849.0)													
092023-BEL-CBC-T4-92-PSTR_S43_R2_16S	(15.0, 11.0)	(16.0, 57.0)	(17.0, 104.0)	(18.0, 110.0)	(19.0, 112.0)	(20.0, 127.0)	(21.0, 165.0)	(22.0, 242.0)	(23.0, 299.0)	(24.0, 504.0)	(25.0, 757.0)	(26.0, 1138.0)	(27.0, 1629.0)	(28.0, 2183.0)	(29.0, 2692.0)	(30.0, 2860.0)	(31.0, 3306.0)	(32.0, 3575.0)	(33.0, 3820.0)	(34.0, 4088.0)	(35.0, 4216.0)	(36.0, 4082.0)	(37.0, 3422.0)	(38.0, 6102.0)	(39.0, 62396.0)	(40.0, 3052.0)													
092023-BEL-CBC-T4-94-MCAV_S85_R2_16S	(14.0, 11.0)	(15.0, 160.0)	(16.0, 509.0)	(17.0, 767.0)	(18.0, 806.0)	(19.0, 740.0)	(20.0, 767.0)	(21.0, 933.0)	(22.0, 1005.0)	(23.0, 1233.0)	(24.0, 1800.0)	(25.0, 2331.0)	(26.0, 3039.0)	(27.0, 3710.0)	(28.0, 4553.0)	(29.0, 4945.0)	(30.0, 5588.0)	(31.0, 6110.0)	(32.0, 6688.0)	(33.0, 7357.0)	(34.0, 8648.0)	(35.0, 10557.0)	(36.0, 14976.0)	(37.0, 23214.0)	(38.0, 66061.0)	(39.0, 525781.0)	(40.0, 16883.0)												
102019-BEL-CBC-T1-29-PSTR_S22_R2_16S	(14.0, 10.0)	(15.0, 116.0)	(16.0, 310.0)	(17.0, 456.0)	(18.0, 498.0)	(19.0, 427.0)	(20.0, 422.0)	(21.0, 441.0)	(22.0, 471.0)	(23.0, 528.0)	(24.0, 585.0)	(25.0, 789.0)	(26.0, 872.0)	(27.0, 1118.0)	(28.0, 1285.0)	(29.0, 1472.0)	(30.0, 1657.0)	(31.0, 1883.0)	(32.0, 2153.0)	(33.0, 2458.0)	(34.0, 3172.0)	(35.0, 4126.0)	(36.0, 5780.0)	(37.0, 9774.0)	(38.0, 30752.0)	(39.0, 421941.0)	(40.0, 31438.0)												
112023-BEL-CBC-T1-276-MCAV_S26_R2_16S	(15.0, 12.0)	(16.0, 38.0)	(17.0, 83.0)	(18.0, 59.0)	(19.0, 67.0)	(20.0, 63.0)	(21.0, 99.0)	(22.0, 123.0)	(23.0, 98.0)	(24.0, 280.0)	(25.0, 172.0)	(26.0, 118.0)	(27.0, 133.0)	(28.0, 168.0)	(29.0, 177.0)	(30.0, 185.0)	(31.0, 206.0)	(32.0, 277.0)	(33.0, 332.0)	(34.0, 475.0)	(35.0, 670.0)	(36.0, 1106.0)	(37.0, 2317.0)	(38.0, 8353.0)	(39.0, 143032.0)	(40.0, 10064.0)													
112023-BEL-CBC-T2-304-OFAV_S72_R2_16S	(14.0, 7.0)	(15.0, 123.0)	(16.0, 450.0)	(17.0, 720.0)	(18.0, 864.0)	(19.0, 749.0)	(20.0, 816.0)	(21.0, 850.0)	(22.0, 993.0)	(23.0, 1128.0)	(24.0, 1680.0)	(25.0, 2099.0)	(26.0, 2707.0)	(27.0, 3364.0)	(28.0, 4040.0)	(29.0, 4472.0)	(30.0, 5173.0)	(31.0, 5606.0)	(32.0, 6156.0)	(33.0, 7051.0)	(34.0, 8273.0)	(35.0, 10068.0)	(36.0, 13038.0)	(37.0, 19616.0)	(38.0, 69264.0)	(39.0, 627080.0)	(40.0, 23333.0)												
112023-BEL-CBC-T2-307-SSID_S62_R2_16S	(14.0, 6.0)	(15.0, 104.0)	(16.0, 485.0)	(17.0, 791.0)	(18.0, 988.0)	(19.0, 778.0)	(20.0, 807.0)	(21.0, 913.0)	(22.0, 979.0)	(23.0, 1075.0)	(24.0, 1347.0)	(25.0, 1555.0)	(26.0, 1943.0)	(27.0, 2190.0)	(28.0, 2600.0)	(29.0, 2989.0)	(30.0, 3243.0)	(31.0, 3594.0)	(32.0, 4335.0)	(33.0, 4920.0)	(34.0, 6191.0)	(35.0, 7861.0)	(36.0, 10907.0)	(37.0, 17337.0)	(38.0, 58704.0)	(39.0, 678376.0)	(40.0, 35564.0)												
112023-BEL-CBC-T2-310-MCAV_S55_R2_16S	(14.0, 2.0)	(15.0, 53.0)	(16.0, 269.0)	(17.0, 563.0)	(18.0, 609.0)	(19.0, 643.0)	(20.0, 632.0)	(21.0, 818.0)	(22.0, 992.0)	(23.0, 1351.0)	(24.0, 2001.0)	(25.0, 2527.0)	(26.0, 3271.0)	(27.0, 4051.0)	(28.0, 4806.0)	(29.0, 5403.0)	(30.0, 5867.0)	(31.0, 6436.0)	(32.0, 7289.0)	(33.0, 7810.0)	(34.0, 8781.0)	(35.0, 10125.0)	(36.0, 12091.0)	(37.0, 14080.0)	(38.0, 30012.0)	(39.0, 315792.0)	(40.0, 20839.0)												
112023-BEL-CBC-T3-352-PAST_S30_R2_16S	(14.0, 1.0)	(15.0, 102.0)	(16.0, 648.0)	(17.0, 1261.0)	(18.0, 1570.0)	(19.0, 1818.0)	(20.0, 1951.0)	(21.0, 2389.0)	(22.0, 3281.0)	(23.0, 4402.0)	(24.0, 6482.0)	(25.0, 9120.0)	(26.0, 12378.0)	(27.0, 15170.0)	(28.0, 18115.0)	(29.0, 20056.0)	(30.0, 22352.0)	(31.0, 23420.0)	(32.0, 24767.0)	(33.0, 26162.0)	(34.0, 28575.0)	(35.0, 29766.0)	(36.0, 29228.0)	(37.0, 27452.0)	(38.0, 72047.0)	(39.0, 502986.0)	(40.0, 7990.0)												
112023-BEL-CBC-T3-355-PSTR_S10_R2_16S	(15.0, 20.0)	(16.0, 65.0)	(17.0, 90.0)	(18.0, 104.0)	(19.0, 114.0)	(20.0, 121.0)	(21.0, 121.0)	(22.0, 120.0)	(23.0, 135.0)	(24.0, 182.0)	(25.0, 197.0)	(26.0, 220.0)	(27.0, 241.0)	(28.0, 286.0)	(29.0, 305.0)	(30.0, 406.0)	(31.0, 450.0)	(32.0, 588.0)	(33.0, 659.0)	(34.0, 910.0)	(35.0, 1377.0)	(36.0, 2550.0)	(37.0, 5029.0)	(38.0, 11812.0)	(39.0, 71119.0)	(40.0, 3819.0)													
112023-BEL-CBC-T4-399-MCAV_S9_R2_16S	(14.0, 1.0)	(15.0, 20.0)	(16.0, 155.0)	(17.0, 227.0)	(18.0, 234.0)	(19.0, 281.0)	(20.0, 376.0)	(21.0, 457.0)	(22.0, 597.0)	(23.0, 787.0)	(24.0, 1148.0)	(25.0, 1213.0)	(26.0, 1460.0)	(27.0, 1617.0)	(28.0, 1808.0)	(29.0, 2013.0)	(30.0, 2064.0)	(31.0, 2133.0)	(32.0, 2503.0)	(33.0, 2866.0)	(34.0, 3362.0)	(35.0, 4055.0)	(36.0, 5448.0)	(37.0, 7471.0)	(38.0, 17276.0)	(39.0, 190561.0)	(40.0, 16326.0)												
112023-BEL-CBC-T4-401-MCAV_S53_R2_16S	(15.0, 13.0)	(16.0, 93.0)	(17.0, 199.0)	(18.0, 227.0)	(19.0, 235.0)	(20.0, 244.0)	(21.0, 334.0)	(22.0, 316.0)	(23.0, 339.0)	(24.0, 504.0)	(25.0, 416.0)	(26.0, 385.0)	(27.0, 444.0)	(28.0, 481.0)	(29.0, 619.0)	(30.0, 598.0)	(31.0, 772.0)	(32.0, 916.0)	(33.0, 1229.0)	(34.0, 1525.0)	(35.0, 2177.0)	(36.0, 3356.0)	(37.0, 6238.0)	(38.0, 19886.0)	(39.0, 210999.0)	(40.0, 15566.0)													
122022-BEL-CBC-T3-123-PAST_S20_R2_16S	(15.0, 9.0)	(16.0, 51.0)	(17.0, 99.0)	(18.0, 141.0)	(19.0, 159.0)	(20.0, 156.0)	(21.0, 125.0)	(22.0, 157.0)	(23.0, 156.0)	(24.0, 194.0)	(25.0, 224.0)	(26.0, 288.0)	(27.0, 321.0)	(28.0, 368.0)	(29.0, 483.0)	(30.0, 520.0)	(31.0, 634.0)	(32.0, 740.0)	(33.0, 907.0)	(34.0, 1221.0)	(35.0, 1590.0)	(36.0, 2468.0)	(37.0, 4704.0)	(38.0, 20678.0)	(39.0, 132001.0)	(40.0, 621.0)													
122022-BEL-CBC-T3-124-PAST_S64_R2_16S	(14.0, 2.0)	(15.0, 29.0)	(16.0, 527.0)	(17.0, 877.0)	(18.0, 785.0)	(19.0, 926.0)	(20.0, 1001.0)	(21.0, 1229.0)	(22.0, 1641.0)	(23.0, 2314.0)	(24.0, 3664.0)	(25.0, 5523.0)	(26.0, 8031.0)	(27.0, 10901.0)	(28.0, 14484.0)	(29.0, 17652.0)	(30.0, 21044.0)	(31.0, 23612.0)	(32.0, 27163.0)	(33.0, 30051.0)	(34.0, 32405.0)	(35.0, 35578.0)	(36.0, 43663.0)	(37.0, 48989.0)	(38.0, 49582.0)	(39.0, 148280.0)	(40.0, 2348.0)												
122022-BEL-CBC-T3-126-SSID_S77_R2_16S	(14.0, 6.0)	(15.0, 135.0)	(16.0, 422.0)	(17.0, 616.0)	(18.0, 675.0)	(19.0, 651.0)	(20.0, 727.0)	(21.0, 942.0)	(22.0, 1239.0)	(23.0, 1716.0)	(24.0, 2592.0)	(25.0, 3770.0)	(26.0, 5175.0)	(27.0, 6237.0)	(28.0, 7204.0)	(29.0, 7931.0)	(30.0, 8611.0)	(31.0, 8883.0)	(32.0, 9254.0)	(33.0, 9737.0)	(34.0, 10553.0)	(35.0, 11761.0)	(36.0, 13046.0)	(37.0, 14250.0)	(38.0, 37489.0)	(39.0, 294336.0)	(40.0, 8601.0)												
122022-BEL-CBC-T3-127-OFAV_S32_R2_16S	(14.0, 1.0)	(15.0, 104.0)	(16.0, 530.0)	(17.0, 879.0)	(18.0, 1045.0)	(19.0, 967.0)	(20.0, 998.0)	(21.0, 1122.0)	(22.0, 1304.0)	(23.0, 1434.0)	(24.0, 1748.0)	(25.0, 2007.0)	(26.0, 2226.0)	(27.0, 2473.0)	(28.0, 2766.0)	(29.0, 3041.0)	(30.0, 3305.0)	(31.0, 3908.0)	(32.0, 4594.0)	(33.0, 5442.0)	(34.0, 6632.0)	(35.0, 8564.0)	(36.0, 12107.0)	(37.0, 20694.0)	(38.0, 75420.0)	(39.0, 692444.0)	(40.0, 28654.0)												
122022-BEL-CBC-T3-141-PSTR_S80_R2_16S	(14.0, 13.0)	(15.0, 124.0)	(16.0, 485.0)	(17.0, 755.0)	(18.0, 850.0)	(19.0, 780.0)	(20.0, 715.0)	(21.0, 655.0)	(22.0, 752.0)	(23.0, 831.0)	(24.0, 913.0)	(25.0, 1071.0)	(26.0, 1209.0)	(27.0, 1360.0)	(28.0, 1602.0)	(29.0, 1759.0)	(30.0, 2075.0)	(31.0, 2445.0)	(32.0, 2990.0)	(33.0, 3595.0)	(34.0, 4678.0)	(35.0, 6094.0)	(36.0, 9227.0)	(37.0, 18011.0)	(38.0, 67263.0)	(39.0, 497729.0)	(40.0, 15283.0)												
122022-BEL-CBC-T3-142-MCAV_S24_R2_16S	(15.0, 9.0)	(16.0, 24.0)	(17.0, 23.0)	(18.0, 22.0)	(19.0, 9.0)	(20.0, 19.0)	(21.0, 28.0)	(22.0, 33.0)	(23.0, 33.0)	(24.0, 39.0)	(25.0, 46.0)	(26.0, 62.0)	(27.0, 67.0)	(28.0, 86.0)	(29.0, 106.0)	(30.0, 110.0)	(31.0, 127.0)	(32.0, 151.0)	(33.0, 166.0)	(34.0, 229.0)	(35.0, 308.0)	(36.0, 389.0)	(37.0, 669.0)	(38.0, 1984.0)	(39.0, 33669.0)	(40.0, 621.0)													
122023-BEL-CBC-T1-507-PAST_S51_R2_16S	(14.0, 1.0)	(15.0, 22.0)	(16.0, 213.0)	(17.0, 344.0)	(18.0, 416.0)	(19.0, 393.0)	(20.0, 354.0)	(21.0, 320.0)	(22.0, 385.0)	(23.0, 496.0)	(24.0, 704.0)	(25.0, 935.0)	(26.0, 1304.0)	(27.0, 1914.0)	(28.0, 2951.0)	(29.0, 4091.0)	(30.0, 5119.0)	(31.0, 6097.0)	(32.0, 7415.0)	(33.0, 8612.0)	(34.0, 9674.0)	(35.0, 11073.0)	(36.0, 12899.0)	(37.0, 15857.0)	(38.0, 46529.0)	(39.0, 386804.0)	(40.0, 11441.0)												
122023-BEL-CBC-T1-508-SSID_S75_R2_16S	(14.0, 3.0)	(15.0, 40.0)	(16.0, 173.0)	(17.0, 168.0)	(18.0, 204.0)	(19.0, 179.0)	(20.0, 161.0)	(21.0, 135.0)	(22.0, 121.0)	(23.0, 132.0)	(24.0, 156.0)	(25.0, 193.0)	(26.0, 253.0)	(27.0, 292.0)	(28.0, 391.0)	(29.0, 436.0)	(30.0, 577.0)	(31.0, 679.0)	(32.0, 947.0)	(33.0, 1232.0)	(34.0, 1684.0)	(35.0, 2325.0)	(36.0, 3821.0)	(37.0, 8018.0)	(38.0, 39266.0)	(39.0, 352433.0)	(40.0, 10462.0)												
122023-BEL-CBC-T2-513-SSID_S45_R2_16S	(15.0, 18.0)	(16.0, 79.0)	(17.0, 132.0)	(18.0, 143.0)	(19.0, 122.0)	(20.0, 160.0)	(21.0, 182.0)	(22.0, 223.0)	(23.0, 312.0)	(24.0, 444.0)	(25.0, 594.0)	(26.0, 766.0)	(27.0, 926.0)	(28.0, 1113.0)	(29.0, 1162.0)	(30.0, 1286.0)	(31.0, 1446.0)	(32.0, 1565.0)	(33.0, 1629.0)	(34.0, 1891.0)	(35.0, 2238.0)	(36.0, 2993.0)	(37.0, 4423.0)	(38.0, 14239.0)	(39.0, 91870.0)	(40.0, 1412.0)													
122023-BEL-CBC-T2-515-PAST_S73_R2_16S	(14.0, 3.0)	(15.0, 79.0)	(16.0, 242.0)	(17.0, 255.0)	(18.0, 249.0)	(19.0, 276.0)	(20.0, 228.0)	(21.0, 249.0)	(22.0, 222.0)	(23.0, 275.0)	(24.0, 389.0)	(25.0, 492.0)	(26.0, 773.0)	(27.0, 1086.0)	(28.0, 1355.0)	(29.0, 1592.0)	(30.0, 1842.0)	(31.0, 2051.0)	(32.0, 2211.0)	(33.0, 2551.0)	(34.0, 3131.0)	(35.0, 3850.0)	(36.0, 5247.0)	(37.0, 8410.0)	(38.0, 32879.0)	(39.0, 284356.0)	(40.0, 4538.0)												
122023-BEL-CBC-T2-518-MCAV_S27_R2_16S	(14.0, 1.0)	(15.0, 15.0)	(16.0, 72.0)	(17.0, 118.0)	(18.0, 124.0)	(19.0, 104.0)	(20.0, 132.0)	(21.0, 186.0)	(22.0, 196.0)	(23.0, 221.0)	(24.0, 477.0)	(25.0, 351.0)	(26.0, 353.0)	(27.0, 464.0)	(28.0, 536.0)	(29.0, 628.0)	(30.0, 870.0)	(31.0, 974.0)	(32.0, 1198.0)	(33.0, 1351.0)	(34.0, 1752.0)	(35.0, 2076.0)	(36.0, 2651.0)	(37.0, 3951.0)	(38.0, 12712.0)	(39.0, 153171.0)	(40.0, 11660.0)												
122023-BEL-CBC-T2-522-MCAV_S88_R2_16S	(14.0, 6.0)	(15.0, 92.0)	(16.0, 430.0)	(17.0, 685.0)	(18.0, 774.0)	(19.0, 679.0)	(20.0, 736.0)	(21.0, 1022.0)	(22.0, 1137.0)	(23.0, 1267.0)	(24.0, 1988.0)	(25.0, 1678.0)	(26.0, 1645.0)	(27.0, 1898.0)	(28.0, 2127.0)	(29.0, 2148.0)	(30.0, 2429.0)	(31.0, 2754.0)	(32.0, 3158.0)	(33.0, 3939.0)	(34.0, 5055.0)	(35.0, 6947.0)	(36.0, 11278.0)	(37.0, 21566.0)	(38.0, 64147.0)	(39.0, 593412.0)	(40.0, 30346.0)												
122023-BEL-CBC-T3-524-OFAV_S39_R2_16S	(13.0, 1.0)	(14.0, 14.0)	(15.0, 270.0)	(16.0, 510.0)	(17.0, 789.0)	(18.0, 739.0)	(19.0, 696.0)	(20.0, 647.0)	(21.0, 655.0)	(22.0, 696.0)	(23.0, 672.0)	(24.0, 1064.0)	(25.0, 1016.0)	(26.0, 1084.0)	(27.0, 1156.0)	(28.0, 1325.0)	(29.0, 1451.0)	(30.0, 1581.0)	(31.0, 1846.0)	(32.0, 2204.0)	(33.0, 2772.0)	(34.0, 3440.0)	(35.0, 4576.0)	(36.0, 6525.0)	(37.0, 11221.0)	(38.0, 34009.0)	(39.0, 373504.0)	(40.0, 26975.0)											
122023-BEL-CBC-T3-525-PAST_S29_R2_16S	(14.0, 6.0)	(15.0, 104.0)	(16.0, 461.0)	(17.0, 668.0)	(18.0, 760.0)	(19.0, 823.0)	(20.0, 822.0)	(21.0, 863.0)	(22.0, 989.0)	(23.0, 1215.0)	(24.0, 1759.0)	(25.0, 2338.0)	(26.0, 3060.0)	(27.0, 3597.0)	(28.0, 4221.0)	(29.0, 4640.0)	(30.0, 5221.0)	(31.0, 5611.0)	(32.0, 6299.0)	(33.0, 6929.0)	(34.0, 8156.0)	(35.0, 9776.0)	(36.0, 12472.0)	(37.0, 18053.0)	(38.0, 65470.0)	(39.0, 467326.0)	(40.0, 7827.0)												
122023-BEL-CBC-T3-526-SSID_S11_R2_16S	(14.0, 3.0)	(15.0, 31.0)	(16.0, 95.0)	(17.0, 140.0)	(18.0, 174.0)	(19.0, 171.0)	(20.0, 166.0)	(21.0, 189.0)	(22.0, 207.0)	(23.0, 244.0)	(24.0, 322.0)	(25.0, 387.0)	(26.0, 517.0)	(27.0, 543.0)	(28.0, 637.0)	(29.0, 692.0)	(30.0, 737.0)	(31.0, 780.0)	(32.0, 903.0)	(33.0, 971.0)	(34.0, 1209.0)	(35.0, 1555.0)	(36.0, 2368.0)	(37.0, 4270.0)	(38.0, 16443.0)	(39.0, 138554.0)	(40.0, 4853.0)												
122023-BEL-CBC-T3-531-PSTR_S28_R2_16S	(15.0, 20.0)	(16.0, 118.0)	(17.0, 213.0)	(18.0, 174.0)	(19.0, 180.0)	(20.0, 194.0)	(21.0, 236.0)	(22.0, 267.0)	(23.0, 319.0)	(24.0, 499.0)	(25.0, 529.0)	(26.0, 581.0)	(27.0, 665.0)	(28.0, 865.0)	(29.0, 886.0)	(30.0, 1104.0)	(31.0, 1209.0)	(32.0, 1384.0)	(33.0, 1608.0)	(34.0, 1998.0)	(35.0, 2363.0)	(36.0, 3134.0)	(37.0, 5085.0)	(38.0, 15723.0)	(39.0, 158376.0)	(40.0, 5521.0)													
122023-BEL-CBC-T3-532-MCAV_S52_R2_16S	(14.0, 2.0)	(15.0, 40.0)	(16.0, 251.0)	(17.0, 503.0)	(18.0, 565.0)	(19.0, 563.0)	(20.0, 613.0)	(21.0, 762.0)	(22.0, 878.0)	(23.0, 1031.0)	(24.0, 1461.0)	(25.0, 1658.0)	(26.0, 2151.0)	(27.0, 2695.0)	(28.0, 3442.0)	(29.0, 4035.0)	(30.0, 4636.0)	(31.0, 5268.0)	(32.0, 6042.0)	(33.0, 6683.0)	(34.0, 7749.0)	(35.0, 9233.0)	(36.0, 11915.0)	(37.0, 16332.0)	(38.0, 41993.0)	(39.0, 404880.0)	(40.0, 17342.0)												
122023-BEL-CBC-T4-539-MCAV_S44_R2_16S	(15.0, 13.0)	(16.0, 91.0)	(17.0, 181.0)	(18.0, 176.0)	(19.0, 163.0)	(20.0, 177.0)	(21.0, 312.0)	(22.0, 322.0)	(23.0, 357.0)	(24.0, 610.0)	(25.0, 538.0)	(26.0, 720.0)	(27.0, 830.0)	(28.0, 1030.0)	(29.0, 1270.0)	(30.0, 1441.0)	(31.0, 1509.0)	(32.0, 1801.0)	(33.0, 2066.0)	(34.0, 2371.0)	(35.0, 3189.0)	(36.0, 4268.0)	(37.0, 6849.0)	(38.0, 23792.0)	(39.0, 204543.0)	(40.0, 6499.0)													
Negative_S96_R2_16S	(15.0, 3.0)	(16.0, 10.0)	(17.0, 19.0)	(18.0, 8.0)	(19.0, 3.0)	(20.0, 6.0)	(21.0, 7.0)	(22.0, 8.0)	(23.0, 8.0)	(24.0, 11.0)	(25.0, 9.0)	(26.0, 8.0)	(27.0, 10.0)	(28.0, 15.0)	(29.0, 16.0)	(30.0, 16.0)	(31.0, 22.0)	(32.0, 18.0)	(33.0, 32.0)	(34.0, 44.0)	(35.0, 45.0)	(36.0, 71.0)	(37.0, 128.0)	(38.0, 264.0)	(39.0, 1248.0)	(40.0, 34.0)													
Undetermined_S0_R2_16S	(2.0, 22435.0)	(3.0, 1930.0)	(4.0, 1393.0)	(5.0, 1630.0)	(6.0, 1286.0)	(7.0, 897.0)	(8.0, 929.0)	(9.0, 979.0)	(10.0, 935.0)	(11.0, 790.0)	(12.0, 815.0)	(13.0, 644.0)	(14.0, 1972.0)	(15.0, 12365.0)	(16.0, 26331.0)	(17.0, 36158.0)	(18.0, 36292.0)	(19.0, 27972.0)	(20.0, 24566.0)	(21.0, 25217.0)	(22.0, 29186.0)	(23.0, 36085.0)	(24.0, 44785.0)	(25.0, 51834.0)	(26.0, 58311.0)	(27.0, 62433.0)	(28.0, 63228.0)	(29.0, 60847.0)	(30.0, 57168.0)	(31.0, 53205.0)	(32.0, 52067.0)	(33.0, 51878.0)	(34.0, 55584.0)	(35.0, 66771.0)	(36.0, 92666.0)	(37.0, 136570.0)	(38.0, 383980.0)	(39.0, 1649493.0)	(40.0, 29885.0)
