Sample	0	1	2	3	4	5	6	7	8	9	10	11	12	13	14	15
012024-BEL-CBC-T1-557-SSID_S56_R2_16S	(1.0, 3.191086421311786)	(2.0, 1.1247185573301348)	(3.0, 0.8758916735054606)	(4.0, 0.742798224017844)	(5.0, 0.5918186983145004)	(6.0, 0.6407423773751657)	(7.0, 0.5634114007954044)	(8.0, 0.5260610651684448)	(9.0, 0.6012877974875324)	('>10', 11.538623403404667)	('>50', 5.207478484102435)	('>100', 10.8379100646003)	('>500', 4.849230898722723)	('>1k', 14.780211686972624)	('>5k', 16.105885571197103)	('>10k+', 27.822843675693875)
012024-BEL-CBC-T1-563-PSTR_S68_R2_16S	(1.0, 2.264326517951767)	(2.0, 0.537648305632383)	(3.0, 0.3592938196293328)	(4.0, 0.2515918353279741)	(5.0, 0.22402012734682622)	(6.0, 0.25848476232326106)	(7.0, 0.22315851147241536)	(8.0, 0.24125244483504363)	(9.0, 0.2791635433091219)	('>10', 4.57518029312172)	('>50', 2.4116628324760256)	('>100', 12.406406975642119)	('>500', 5.111966982879693)	('>1k', 3.739412894943176)	('>5k', 8.579109261509034)	('>10k+', 58.53732089160011)
012024-BEL-CBC-T2-601-OFAV_S58_R2_16S	(1.0, 1.67531267765776)	(2.0, 0.4384593519044912)	(3.0, 0.2952671972711768)	(4.0, 0.2586696986924389)	(5.0, 0.2114127345082433)	(6.0, 0.19400227401932918)	(7.0, 0.17907902217168847)	(8.0, 0.1534963047185901)	(9.0, 0.17907902217168847)	('>10', 4.178155201819216)	('>50', 1.5317652075042638)	('>100', 5.899658897100625)	('>500', 2.48152359295054)	('>1k', 9.690520181921547)	('>5k', 10.138217737350768)	('>10k+', 62.49538089823764)
012024-BEL-CBC-T2-605-SSID_S83_R2_16S	(1.0, 2.2829909396890646)	(2.0, 0.9723413817052743)	(3.0, 0.5652087831276458)	(4.0, 0.356378515466639)	(5.0, 0.231771741760711)	(6.0, 0.1800748583442541)	(7.0, 0.16059031869792995)	(8.0, 0.15084804887476783)	(9.0, 0.12869224169628632)	('>10', 5.1016495862678)	('>50', 5.3426921976989385)	('>100', 12.511431453703793)	('>500', 5.458185235118683)	('>1k', 15.090618822693832)	('>5k', 3.0059616405982386)	('>10k+', 48.460564234556145)
012024-BEL-CBC-T3-627-PAST_S81_R2_16S	(1.0, 1.8622959251990683)	(2.0, 0.6496888701701732)	(3.0, 0.44665372479830684)	(4.0, 0.33221787877232756)	(5.0, 0.24863252113376427)	(6.0, 0.21801798294433994)	(7.0, 0.1990239920060073)	(8.0, 0.1864006564134508)	(9.0, 0.165106151044699)	('>10', 3.7178672697553727)	('>50', 2.392063107239955)	('>100', 8.159806709597806)	('>500', 4.6928134878571175)	('>1k', 10.897831794643105)	('>5k', 5.363855850945541)	('>10k+', 60.46772407747897)
012024-BEL-CBC-T3-631-MCAV_S61_R2_16S	(1.0, 1.8303661104208673)	(2.0, 0.4050947452999338)	(3.0, 0.2549976564766801)	(4.0, 0.17557825507949382)	(5.0, 0.16181470542283855)	(6.0, 0.13614754525231934)	(7.0, 0.10025071979644826)	(8.0, 0.0848132249112809)	(9.0, 0.09876276848221525)	('>10', 2.606704708621934)	('>50', 0.8795652206259811)	('>100', 2.691703927447494)	('>500', 1.5164083831177044)	('>1k', 9.577570621889251)	('>5k', 4.778555645659274)	('>10k+', 74.70166576149629)
012024-BEL-CBC-T3-633-MCAV_S69_R2_16S	(1.0, 1.6909064846566915)	(2.0, 0.40246551476993303)	(3.0, 0.29275231279840336)	(4.0, 0.28227718296192567)	(5.0, 0.26739147214166786)	(6.0, 0.24809518033762998)	(7.0, 0.21611846820522432)	(8.0, 0.23376079214034468)	(9.0, 0.23817137312412479)	('>10', 4.193911192951892)	('>50', 1.5183425036662954)	('>100', 8.613864661322513)	('>500', 2.1722111345116932)	('>1k', 2.1606333594292706)	('>5k', 0.0)	('>10k+', 77.4690983669824)
012024-BEL-CBC-T3-637-SSID_S70_R2_16S	(1.0, 5.9629139072847686)	(2.0, 1.928476821192053)	(3.0, 1.3986754966887418)	(4.0, 1.1443708609271523)	(5.0, 0.9403973509933775)	(6.0, 1.0649006622516557)	(7.0, 1.0754966887417219)	(8.0, 0.9536423841059603)	(9.0, 0.9298013245033112)	('>10', 15.814569536423843)	('>50', 8.651655629139073)	('>100', 31.43576158940397)	('>500', 14.047682119205298)	('>1k', 14.651655629139073)	('>5k', 0.0)	('>10k+', 0.0)
012024-BEL-CBC-T4-661-PSTR_S71_R2_16S	(1.0, 2.401929078726758)	(2.0, 0.6237689459351407)	(3.0, 0.3931000270020786)	(4.0, 0.3332349536673637)	(5.0, 0.25432190245342146)	(6.0, 0.1996897900745383)	(7.0, 0.1890145497246416)	(8.0, 0.16578020308074878)	(9.0, 0.1337544820310587)	('>10', 1.877167754075953)	('>50', 1.1539725499800102)	('>100', 4.804695431206449)	('>500', 5.341597225274783)	('>1k', 30.179951061349144)	('>5k', 18.584128220102524)	('>10k+', 33.36389382531539)
012024-BEL-CBC-T4-663-PSTR_S82_R2_16S	(1.0, 10.359453750062377)	(2.0, 6.413945674412415)	(3.0, 4.002062575891149)	(4.0, 2.3952494219797402)	(5.0, 1.3805951529466558)	(6.0, 0.8483175036178247)	(7.0, 0.4424557960045909)	(8.0, 0.3326735308305195)	(9.0, 0.14970308887373376)	('>10', 4.536003592874133)	('>50', 6.57030223390276)	('>100', 15.547497463364326)	('>500', 3.7176267070310547)	('>1k', 13.7693574410752)	('>5k', 9.63256208519769)	('>10k+', 19.902193981935827)
022024-BEL-CBC-T1-775-OANN_S93_R2_16S	(1.0, 2.8130180612511997)	(2.0, 0.814065090306256)	(3.0, 0.4214291946601518)	(4.0, 0.26350231218916326)	(5.0, 0.16577960038391065)	(6.0, 0.1492016403455196)	(7.0, 0.1190995550126516)	(8.0, 0.07678213070412704)	(9.0, 0.094232614955065)	('>10', 1.5051042666433994)	('>50', 1.5242997993194312)	('>100', 13.961696187069192)	('>500', 7.176511648198238)	('>1k', 15.267864933251898)	('>5k', 2.313934211674374)	('>10k+', 53.333478754035426)
022024-BEL-CBC-T1-776-PSTR_S59_R2_16S	(1.0, 2.376798576684573)	(2.0, 0.6080182405472164)	(3.0, 0.39901197035911073)	(4.0, 0.32819166393173616)	(5.0, 0.19000570017100513)	(6.0, 0.12954934102568533)	(7.0, 0.1934603492650234)	(8.0, 0.1105487710085848)	(9.0, 0.1632321696923635)	('>10', 4.324357003437376)	('>50', 1.2652652306841932)	('>100', 3.030590917727532)	('>500', 3.729293696992728)	('>1k', 10.388993487986458)	('>5k', 14.35752163473995)	('>10k+', 58.40516124574646)
022024-BEL-CBC-T2-804-OFAV_S87_R2_16S	(1.0, 1.7953833983589678)	(2.0, 0.46939841000426913)	(3.0, 0.28366671471459876)	(4.0, 0.19062844626091682)	(5.0, 0.13207433957657588)	(6.0, 0.1022110554843266)	(7.0, 0.07579618756901144)	(8.0, 0.0766927757750143)	(9.0, 0.06889935521514323)	('>10', 2.1774679107632653)	('>50', 1.904836127814856)	('>100', 4.887026437627462)	('>500', 2.1088444288422767)	('>1k', 5.335941255540743)	('>5k', 2.0444969829806867)	('>10k+', 78.34663617347188)
022024-BEL-CBC-T2-814-MCAV_S1_R2_16S	(1.0, 3.1125301554840967)	(2.0, 2.1504028801157515)	(3.0, 1.7260187355631067)	(4.0, 1.2680256453344803)	(5.0, 0.9228218982218589)	(6.0, 0.651102117078756)	(7.0, 0.4226752151114934)	(8.0, 0.3281144527011054)	(9.0, 0.24352244536410164)	('>10', 1.8886518540460326)	('>50', 0.8248432769291677)	('>100', 1.168907737747688)	('>500', 0.9550067360302139)	('>1k', 3.289973995790337)	('>5k', 2.563394161727386)	('>10k+', 78.48400869275443)
022024-BEL-CBC-T3-851-PSTR_S13_R2_16S	(1.0, 2.4139607008123685)	(2.0, 0.5017705464392344)	(3.0, 0.2869905339412595)	(4.0, 0.2302096110969673)	(5.0, 0.16123930535947106)	(6.0, 0.1305344041474761)	(7.0, 0.11772783731031236)	(8.0, 0.12096805301610078)	(9.0, 0.11942509315620155)	('>10', 2.323543253022273)	('>50', 1.3295685112751792)	('>100', 6.831917667661876)	('>500', 1.4491479004173706)	('>1k', 7.300514577113276)	('>5k', 5.591377940302883)	('>10k+', 71.09110406492775)
022024-BEL-CBC-T4-874-OFAV_S89_R2_16S	(1.0, 1.285532584102701)	(2.0, 0.38245788452319246)	(3.0, 0.21811774820402235)	(4.0, 0.14859603283972325)	(5.0, 0.11763852599811424)	(6.0, 0.07854361735813944)	(7.0, 0.09534912107215576)	(8.0, 0.09481842095487103)	(9.0, 0.07960501759270888)	('>10', 2.8679034338066587)	('>50', 1.3801741050184773)	('>100', 3.0511718743089844)	('>500', 2.315798411791449)	('>1k', 5.584734234226266)	('>5k', 1.487021728631802)	('>10k+', 80.81253725957073)
022024-BEL-CBC-T4-875-MCAV_S76_R2_16S	(1.0, 1.4093497194714129)	(2.0, 0.323775780646534)	(3.0, 0.1887150264339798)	(4.0, 0.11840942835073243)	(5.0, 0.11563420737376214)	(6.0, 0.08603185028607903)	(7.0, 0.0647551561293068)	(8.0, 0.08140648199112854)	(9.0, 0.06244247198183156)	('>10', 1.6322924712880265)	('>50', 1.9861331458517384)	('>100', 7.439904902427856)	('>500', 1.123501958843473)	('>1k', 1.9889083668287086)	('>5k', 2.716016262794925)	('>10k+', 80.66272276930052)
042024-BEL-CBC-T1-927-PSTR_S67_R2_16S	(1.0, 1.7664718811987348)	(2.0, 0.48517664718811987)	(3.0, 0.3658928858628639)	(4.0, 0.3484694151074894)	(5.0, 0.2278453868010508)	(6.0, 0.2734144641612609)	(7.0, 0.25331045944352115)	(8.0, 0.2680533962365303)	(9.0, 0.32568487642738436)	('>10', 5.725620543612288)	('>50', 2.5357851283975767)	('>100', 16.49198520345253)	('>500', 1.6552297217605747)	('>1k', 5.677370932289713)	('>5k', 0.0)	('>10k+', 63.59968905806036)
042024-BEL-CBC-T2-1014-OFAV_S95_R2_16S	(1.0, 1.801884778176429)	(2.0, 0.43498101406257195)	(3.0, 0.27128748519013146)	(4.0, 0.17834640230091978)	(5.0, 0.15280853718271295)	(6.0, 0.13564374259506573)	(7.0, 0.13187586085631392)	(8.0, 0.08707993351782)	(9.0, 0.1262240382481862)	('>10', 4.913945767622174)	('>50', 3.318457178024039)	('>100', 6.375883882257883)	('>500', 2.5912560024449367)	('>1k', 6.261172815989216)	('>5k', 5.3317619870970985)	('>10k+', 67.8873905744345)
042024-BEL-CBC-T2-1018-PAST_S15_R2_16S	(1.0, 0.9766647647177283)	(2.0, 0.16815466201248574)	(3.0, 0.11201919849634155)	(4.0, 0.08844062562932134)	(5.0, 0.06859602604551253)	(6.0, 0.07249781835268845)	(7.0, 0.06549137410216822)	(8.0, 0.06444250520238974)	(9.0, 0.05965966301939988)	('>10', 1.307897563267772)	('>50', 0.5325736725515204)	('>100', 1.9598744713700746)	('>500', 0.48474525072162183)	('>1k', 1.6087131637242398)	('>5k', 0.23691850708196283)	('>10k+', 92.19331073370476)
042024-BEL-CBC-T2-1026-OFAV_S91_R2_16S	(1.0, 1.5064948610150357)	(2.0, 0.40277494451491386)	(3.0, 0.2636596076241953)	(4.0, 0.20184761118873826)	(5.0, 0.18558936895013167)	(6.0, 0.1895772396879031)	(7.0, 0.1771534885433075)	(8.0, 0.1521526066103559)	(9.0, 0.16979126564280642)	('>10', 5.4123074893746255)	('>50', 2.6266263993975247)	('>100', 6.89763595955072)	('>500', 3.2745020146416204)	('>1k', 7.295195996177779)	('>5k', 2.383519664037228)	('>10k+', 68.86117148304311)
042024-BEL-CBC-T2-1144-MCAV_S3_R2_16S	(1.0, 2.4676044157985055)	(2.0, 1.7825340846136177)	(3.0, 1.4358101260691556)	(4.0, 1.1036793816801114)	(5.0, 0.7269582607050684)	(6.0, 0.4977907495236937)	(7.0, 0.38023430216060644)	(8.0, 0.21403380761279336)	(9.0, 0.16052535570959503)	('>10', 1.3531152458551219)	('>50', 0.6839893523585607)	('>100', 1.8400962071155431)	('>500', 1.7601037739673273)	('>1k', 5.5356925696217925)	('>5k', 7.070142013593308)	('>10k+', 72.98769035361519)
042024-BEL-CBC-T3-960-OFAV_S4_R2_16S	(1.0, 15.084277424702957)	(2.0, 11.55015197568389)	(3.0, 7.535230726720088)	(4.0, 4.874274661508704)	(5.0, 2.970433821497651)	(6.0, 1.8071290411715943)	(7.0, 1.1798839458413928)	(8.0, 0.5305332964907433)	(9.0, 0.5222437137330754)	('>10', 3.6308372478585245)	('>50', 0.7709311964631114)	('>100', 2.196739430781984)	('>500', 1.525283227410887)	('>1k', 0.0)	('>5k', 0.0)	('>10k+', 45.822050290135394)
042024-BEL-CBC-T4-1046-PSTR_S60_R2_16S	(1.0, 3.644269042333493)	(2.0, 0.7999497008652419)	(3.0, 0.486063754153306)	(4.0, 0.36563601804965107)	(5.0, 0.292605543545025)	(6.0, 0.2785798232759246)	(7.0, 0.27761253222288323)	(8.0, 0.20119653903261223)	(9.0, 0.23069891615037508)	('>10', 4.093575736471226)	('>50', 1.7662734628536052)	('>100', 6.307704956883001)	('>500', 1.7793318920696644)	('>1k', 12.15207749935917)	('>5k', 8.370453127493798)	('>10k+', 58.953971455241025)
042024-BEL-CBC-T4-1047-MCAV_S92_R2_16S	(1.0, 1.479940476631155)	(2.0, 0.34870033241284343)	(3.0, 0.2054444633642549)	(4.0, 0.12733855026541202)	(5.0, 0.09254255106497968)	(6.0, 0.11549310372909465)	(7.0, 0.08032693432440235)	(8.0, 0.09772493392461853)	(9.0, 0.08661982779682098)	('>10', 2.992826101441443)	('>50', 1.4455146476349827)	('>100', 1.9915156989183627)	('>500', 2.4893946236479536)	('>1k', 6.082266626194724)	('>5k', 0.0)	('>10k+', 82.36435112864895)
052022-BEL-CBC-T1-2-SSID_S8_R2_16S	(1.0, 3.0706539508599002)	(2.0, 1.11028128732056)	(3.0, 0.7217172534132718)	(4.0, 0.5052364940441979)	(5.0, 0.41644152438247917)	(6.0, 0.3097498941687862)	(7.0, 0.21200659423108031)	(8.0, 0.21751325901630314)	(9.0, 0.23850741850996535)	('>10', 5.486703125376432)	('>50', 3.0493156248171616)	('>100', 6.288267018175435)	('>500', 3.2213988993553757)	('>1k', 10.513255574637679)	('>5k', 17.258919936535687)	('>10k+', 47.38003214515568)
052022-BEL-CBC-T2-1-SSID_S57_R2_16S	(1.0, 1.9598706258414738)	(2.0, 0.5354480723697446)	(3.0, 0.39307459647952353)	(4.0, 0.29231269204513993)	(5.0, 0.31896473161396155)	(6.0, 0.26101803913207205)	(7.0, 0.27443003323767257)	(8.0, 0.3301413933686287)	(9.0, 0.28938956512468855)	('>10', 6.396317547874801)	('>50', 3.190335110709133)	('>100', 6.949820227694392)	('>500', 2.0970856424603097)	('>1k', 9.1089793300537)	('>5k', 5.812551906996418)	('>10k+', 61.79026048499834)
052022-BEL-CBC-T2-71-OFAV_S21_R2_16S	(1.0, 3.419868198134221)	(2.0, 1.7979151164960774)	(3.0, 1.382247224235256)	(4.0, 0.8977456985038379)	(5.0, 0.6725821580313581)	(6.0, 0.4391779712983138)	(7.0, 0.33932072837618066)	(8.0, 0.2540058023844552)	(9.0, 0.2552176621286559)	('>10', 2.8173315333176596)	('>50', 1.1328464888787633)	('>100', 4.889369323951923)	('>500', 4.296527537088968)	('>1k', 25.20377421598734)	('>5k', 15.263131106258285)	('>10k+', 36.93893923492871)
052022-BEL-CBC-T2-9-PAST_S23_R2_16S	(1.0, 2.8708902180755222)	(2.0, 0.9722544324862954)	(3.0, 0.6387826304133419)	(4.0, 0.418464424152686)	(5.0, 0.3739930221949249)	(6.0, 0.3096432858377061)	(7.0, 0.27383679887458046)	(8.0, 0.26198625336721143)	(9.0, 0.2167503000863943)	('>10', 4.60807824927941)	('>50', 2.5538562694482745)	('>100', 11.256871405015968)	('>500', 5.793387650457329)	('>1k', 12.075705872009012)	('>5k', 7.033872172115793)	('>10k+', 50.341627016185555)
052022-BEL-CBC-T3-11-PAST_S19_R2_16S	(1.0, 4.217958001448226)	(2.0, 2.865073618151098)	(3.0, 1.9279507603186097)	(4.0, 1.2092686459087616)	(5.0, 0.7090272749215545)	(6.0, 0.4127443881245474)	(7.0, 0.30412744388124546)	(8.0, 0.22688872797489743)	(9.0, 0.17921795800144824)	('>10', 1.7185614289162443)	('>50', 0.5243784697079411)	('>100', 2.1463915037412504)	('>500', 1.2400434467776973)	('>1k', 2.4312092686459086)	('>5k', 0.0)	('>10k+', 79.88715906348057)
052022-BEL-CBC-T3-13-MCAV_S5_R2_16S	(1.0, 3.1352194883132083)	(2.0, 1.1535710597477902)	(3.0, 0.7550229681505762)	(4.0, 0.4834594892311693)	(5.0, 0.4111700561103695)	(6.0, 0.3419404931745771)	(7.0, 0.32664114224954005)	(8.0, 0.34576533090583633)	(9.0, 0.4027554131015991)	('>10', 8.181327907163539)	('>50', 2.8319098562243497)	('>100', 6.452501252634358)	('>500', 3.210568791619015)	('>1k', 12.655623085190612)	('>5k', 5.402200811630566)	('>10k+', 53.910322854552895)
052022-BEL-CBC-T3-19-MCAV_S6_R2_16S	(1.0, 5.5152738680845825)	(2.0, 2.9590453713971585)	(3.0, 1.8140976428104294)	(4.0, 1.1904423403186517)	(5.0, 0.6445069995355758)	(6.0, 0.4833802496516819)	(7.0, 0.2653852351028842)	(8.0, 0.23505549394826883)	(9.0, 0.2473769512923313)	('>10', 5.07549262134266)	('>50', 1.6719269811481703)	('>100', 5.687774270901456)	('>500', 3.43105196811586)	('>1k', 17.96658041646526)	('>5k', 0.0)	('>10k+', 52.81260958988503)
052022-BEL-CBC-T3-66-OFAV_S40_R2_16S	(1.0, 4.582050133879207)	(2.0, 1.1185539217926106)	(3.0, 0.6442651265227046)	(4.0, 0.5629323658694838)	(5.0, 0.39295603461668505)	(6.0, 0.36736819980443586)	(7.0, 0.3006570590439288)	(8.0, 0.27781077796156345)	(9.0, 0.20561652974128872)	('>10', 4.111416743582479)	('>50', 1.3716907161852194)	('>100', 5.444725707549325)	('>500', 0.0)	('>1k', 16.33509097389127)	('>5k', 8.855218547524833)	('>10k+', 55.42964716203497)
052022-BEL-CBC-T3-8-PAST_S17_R2_16S	(1.0, 5.985926780791178)	(2.0, 3.6401231005962686)	(3.0, 2.5918445854972108)	(4.0, 1.612489581329743)	(5.0, 0.9737449509521061)	(6.0, 0.5385651086747452)	(7.0, 0.4039238315060588)	(8.0, 0.28851702250432776)	(9.0, 0.18753606462781303)	('>10', 1.8441046355068282)	('>50', 0.5297493107648906)	('>100', 3.810829005577996)	('>500', 1.7952170289158174)	('>1k', 1.746329422324806)	('>5k', 0.0)	('>10k+', 74.05109957043021)
062019-BEL-CBC-T1-21-PAST_S16_R2_16S	(1.0, 5.0599540777276975)	(2.0, 1.4839697253167785)	(3.0, 1.0396292201717834)	(4.0, 0.7568670805340589)	(5.0, 0.6165490262777448)	(6.0, 0.8163959520367378)	(7.0, 0.5208776256484394)	(8.0, 0.3571732290160728)	(9.0, 0.4974912832723871)	('>10', 6.769283102304617)	('>50', 4.266944468067012)	('>100', 8.978229441279021)	('>500', 2.6107662216174847)	('>1k', 29.12024832043541)	('>5k', 37.10562122629476)	('>10k+', 0.0)
062019-BEL-CBC-T1-22-MCAV_S18_R2_16S	(1.0, 2.515237057773925)	(2.0, 1.0159339994299526)	(3.0, 0.5071861127054221)	(4.0, 0.27799577540127834)	(5.0, 0.1600818369586013)	(6.0, 0.1218183734904478)	(7.0, 0.07379382240286742)	(8.0, 0.07808870095541526)	(9.0, 0.08433579703184847)	('>10', 1.781984155802576)	('>50', 0.5052338951815367)	('>100', 1.8987267637309218)	('>500', 0.5501348982309004)	('>1k', 2.9408204779809384)	('>5k', 10.48575076429316)	('>10k+', 77.00287756863021)
062019-BEL-CBC-T2-18-MCAV_S79_R2_16S	(1.0, 3.7155150594786126)	(2.0, 0.8554796254112883)	(3.0, 0.6226271829916477)	(4.0, 0.4100227790432802)	(5.0, 0.29739306504682356)	(6.0, 0.25816249050873197)	(7.0, 0.2214629207795495)	(8.0, 0.19235636547709442)	(9.0, 0.1366742596810934)	('>10', 3.3270058213110603)	('>50', 2.363958491521134)	('>100', 14.21918501645153)	('>500', 3.7420906099721587)	('>1k', 20.186028853454822)	('>5k', 0.0)	('>10k+', 49.452037458871175)
062019-BEL-CBC-T3-1-MCAV_S48_R2_16S	(1.0, 1.6736448514430287)	(2.0, 0.4567539126346193)	(3.0, 0.34256543447596444)	(4.0, 0.26867877213801133)	(5.0, 0.1903141302644247)	(6.0, 0.2015090791035085)	(7.0, 0.19591160468396662)	(8.0, 0.11642746792647157)	(9.0, 0.13098090141728053)	('>10', 1.6814813156303874)	('>50', 0.36943331168976556)	('>100', 3.003604773526185)	('>500', 0.0)	('>1k', 7.779369948279337)	('>5k', 0.0)	('>10k+', 83.58932449678706)
062024-BEL-CBC-T1-1347-OANN_S65_R2_16S	(1.0, 2.6184241847179246)	(2.0, 0.7572601761485361)	(3.0, 0.4842597000714116)	(4.0, 0.4344203761009284)	(5.0, 0.34961913830040464)	(6.0, 0.3659842894548917)	(7.0, 0.3853249226374673)	(8.0, 0.31540109497738633)	(9.0, 0.421774577481552)	('>10', 12.65695667698167)	('>50', 6.004522732682695)	('>100', 17.908682456557962)	('>500', 7.657402999285884)	('>1k', 10.647018567007855)	('>5k', 20.324773863365866)	('>10k+', 18.668174244227565)
062024-BEL-CBC-T1-1353-MCAV_S86_R2_16S	(1.0, 1.8203362202209405)	(2.0, 0.3581380492765648)	(3.0, 0.21670013694053547)	(4.0, 0.1347377386822135)	(5.0, 0.1101398408846432)	(6.0, 0.07764858782367345)	(7.0, 0.08994753672245862)	(8.0, 0.07048949816617164)	(9.0, 0.07351834379049933)	('>10', 2.8808911047393173)	('>50', 2.883828167162908)	('>100', 6.61242891391103)	('>500', 3.5800037447545905)	('>1k', 7.981650702508618)	('>5k', 4.114365539446585)	('>10k+', 68.99517587496925)
062024-BEL-CBC-T2-1375-SSID_S33_R2_16S	(1.0, 1.3745352712361614)	(2.0, 0.29083393087900433)	(3.0, 0.1891595158552571)	(4.0, 0.1447560512057821)	(5.0, 0.11744417737179236)	(6.0, 0.09569059450971615)	(7.0, 0.08649448312950109)	(8.0, 0.07500819163075095)	(9.0, 0.07011393607096612)	('>10', 1.8364821637276776)	('>50', 1.4643965526599412)	('>100', 4.439401387528172)	('>500', 2.6410543150778913)	('>1k', 9.248537344567467)	('>5k', 4.828412908126782)	('>10k+', 73.09767917642314)
062024-BEL-CBC-T2-1396-MCAV_S49_R2_16S	(1.0, 1.554749276576509)	(2.0, 0.5235380217043346)	(3.0, 0.4084639733471553)	(4.0, 0.3651074622097477)	(5.0, 0.34609144855299007)	(6.0, 0.3116452981004632)	(7.0, 0.2951285319528794)	(8.0, 0.27035338273150367)	(9.0, 0.2562272011579122)	('>10', 5.4731347192204085)	('>50', 3.126341308106146)	('>100', 7.911096332951926)	('>500', 3.661397600939717)	('>1k', 11.435469972627807)	('>5k', 6.515320930545912)	('>10k+', 57.54593453927459)
062024-BEL-CBC-T3-1415-MCAV_S50_R2_16S	(1.0, 1.2058131600655866)	(2.0, 0.34117179782261103)	(3.0, 0.2566426658247701)	(4.0, 0.1894267295373303)	(5.0, 0.21641494638001446)	(6.0, 0.17415038038109398)	(7.0, 0.09980548115407725)	(8.0, 0.11406340703323116)	(9.0, 0.12373842816551416)	('>10', 3.223309671965863)	('>50', 0.7857135582690877)	('>100', 2.6687781975944844)	('>500', 0.0)	('>1k', 5.608966198531434)	('>5k', 8.516564654601746)	('>10k+', 76.47544072267316)
062024-BEL-CBC-T3-1433-PSTR_S2_R2_16S	(1.0, 2.2078547144534473)	(2.0, 0.7970594637016055)	(3.0, 0.5714303232076126)	(4.0, 0.40506970693758515)	(5.0, 0.3438596276097311)	(6.0, 0.2519934150625845)	(7.0, 0.22317664983644953)	(8.0, 0.1798493148865161)	(9.0, 0.17749901133970367)	('>10', 2.2878672221558007)	('>50', 0.8962831482213822)	('>100', 1.6860873270610885)	('>500', 1.7069334976502073)	('>1k', 18.22180121132601)	('>5k', 21.836874627655714)	('>10k+', 48.20636073889456)
062024-BEL-CBC-T3-1439-OFAV_S41_R2_16S	(1.0, 2.2282940394245965)	(2.0, 1.0128976714670848)	(3.0, 0.7978691155131785)	(4.0, 0.7113726663136749)	(5.0, 0.6568071492952965)	(6.0, 0.5820321815293704)	(7.0, 0.4696676353730059)	(8.0, 0.45592520886467347)	(9.0, 0.4110602282051178)	('>10', 6.674777392900015)	('>50', 1.2493482452133915)	('>100', 4.3393732645134175)	('>500', 4.241155333880336)	('>1k', 5.698660921793468)	('>5k', 0.0)	('>10k+', 70.47075894571337)
062024-BEL-CBC-T3-1442-OFAV_S35_R2_16S	(1.0, 1.261338407865525)	(2.0, 0.3469711385981605)	(3.0, 0.23596574690770694)	(4.0, 0.21883920076117983)	(5.0, 0.15540754836663495)	(6.0, 0.12654614652711704)	(7.0, 0.09768474468759912)	(8.0, 0.07865524896923565)	(9.0, 0.07278782112274025)	('>10', 1.4660640659689184)	('>50', 0.7724389470345703)	('>100', 1.3988265144307008)	('>500', 1.38534728829686)	('>1k', 3.6175071360608944)	('>5k', 3.480653346019664)	('>10k+', 85.28496669838249)
082024-BEL-CBC-T1-1479-PAST_S47_R2_16S	(1.0, 1.8872538617159096)	(2.0, 0.7328317094219199)	(3.0, 0.5954005008154926)	(4.0, 0.5101123095920921)	(5.0, 0.48808289527135595)	(6.0, 0.42441990893161385)	(7.0, 0.4201757098422977)	(8.0, 0.40097576158110565)	(9.0, 0.38743474543900175)	('>10', 6.089213064857425)	('>50', 2.3781662230468092)	('>100', 5.103346247824848)	('>500', 2.505896405163371)	('>1k', 5.654081605843252)	('>5k', 1.8205593045980843)	('>10k+', 70.60204974605541)
082024-BEL-CBC-T1-1482-OANN_S36_R2_16S	(1.0, 4.243484289811226)	(2.0, 1.0005987835239987)	(3.0, 0.6807223220194762)	(4.0, 0.5987835239986133)	(5.0, 0.6145409851564716)	(6.0, 0.6003592701143992)	(7.0, 0.5073902492830356)	(8.0, 0.5672686016828968)	(9.0, 0.5105417415146072)	('>10', 9.895685607134979)	('>50', 3.605307112917967)	('>100', 8.339636317796478)	('>500', 4.6200876114840375)	('>1k', 17.028300400239512)	('>5k', 7.499763638082632)	('>10k+', 39.68752954523967)
082024-BEL-CBC-T2-1510-PAST_S94_R2_16S	(1.0, 2.1905686845796914)	(2.0, 0.6494899675635875)	(3.0, 0.4825471787938225)	(4.0, 0.3783190194174141)	(5.0, 0.31420791042218116)	(6.0, 0.2856435549292556)	(7.0, 0.27371000196776674)	(8.0, 0.2437491668729648)	(9.0, 0.25936434787576407)	('>10', 4.8673661759945155)	('>50', 3.2466881216714594)	('>100', 9.476764483715144)	('>500', 4.627552542545021)	('>1k', 10.385745751845574)	('>5k', 4.71972019626886)	('>10k+', 57.59856289553697)
082024-BEL-CBC-T3-1554-OANN_S14_R2_16S	(1.0, 2.3465698145400835)	(2.0, 0.5183281389351788)	(3.0, 0.35243731489241303)	(4.0, 0.2964948839571094)	(5.0, 0.24905139926005376)	(6.0, 0.20591117848109847)	(7.0, 0.18902086760255485)	(8.0, 0.2160238486886341)	(9.0, 0.19655157945923035)	('>10', 5.96819672801328)	('>50', 3.566545135321513)	('>100', 7.988901882355219)	('>500', 3.7426562111697668)	('>1k', 10.414866916184252)	('>5k', 3.8721844551045854)	('>10k+', 59.876259646035024)
082024-BEL-CBC-T3-1558-MCAV_S34_R2_16S	(1.0, 2.3031005123003094)	(2.0, 0.5612194367997887)	(3.0, 0.4087598250916108)	(4.0, 0.3805487945786803)	(5.0, 0.3691443354351552)	(6.0, 0.3367316620798732)	(7.0, 0.3760470343904467)	(8.0, 0.36014081505868795)	(9.0, 0.3457351824563404)	('>10', 7.224124632731398)	('>50', 3.196549850991738)	('>100', 6.014051494134207)	('>500', 2.6182237254766614)	('>1k', 5.884400800713078)	('>5k', 4.785671197438198)	('>10k+', 64.83555070032384)
082024-BEL-CBC-T3-1560-PSTR_S54_R2_16S	(1.0, 1.7978528334567059)	(2.0, 0.4509146503718111)	(3.0, 0.3236715677025125)	(4.0, 0.2331983492266233)	(5.0, 0.2080400210942905)	(6.0, 0.17997880894668855)	(7.0, 0.19981518305102786)	(8.0, 0.181914064956868)	(9.0, 0.1654643888703427)	('>10', 3.979370170931487)	('>50', 1.4231388884857106)	('>100', 3.6980323284516503)	('>500', 2.2799734869926604)	('>1k', 11.542592565714036)	('>5k', 6.715580262323952)	('>10k+', 66.62046242942364)
082024-BEL-CBC-T3-1561-MCAV_S38_R2_16S	(1.0, 2.6937030257450845)	(2.0, 0.5699582345957553)	(3.0, 0.4015722333375903)	(4.0, 0.3187982158651777)	(5.0, 0.26251188398393716)	(6.0, 0.25541696820058746)	(7.0, 0.2582549345139273)	(8.0, 0.24406510294722802)	(9.0, 0.2383891703205483)	('>10', 6.756488300483873)	('>50', 3.179941254097314)	('>100', 6.58360885256292)	('>500', 3.1033161636371376)	('>1k', 9.828113840288715)	('>5k', 4.704875153131932)	('>10k+', 60.60098666628827)
082024-BEL-CBC-T3-1562-OFAV_S31_R2_16S	(1.0, 0.9986629896439919)	(2.0, 0.190010007913485)	(3.0, 0.12205675346000976)	(4.0, 0.08124778585131809)	(5.0, 0.06354230784119791)	(6.0, 0.0472865815148332)	(7.0, 0.04329205293937925)	(8.0, 0.04046966402313187)	(9.0, 0.03789404135092798)	('>10', 0.7634947590705488)	('>50', 0.7535932635283038)	('>100', 2.0785891880295546)	('>500', 1.1728336892679354)	('>1k', 4.153368922166687)	('>5k', 1.8932985845334014)	('>10k+', 87.5603594088653)
082024-BEL-CBC-T4-1606-PSTR_S25_R2_16S	(1.0, 1.8461471100588902)	(2.0, 0.4234597979027168)	(3.0, 0.2692753958598517)	(4.0, 0.1863973704209891)	(5.0, 0.14230000594219805)	(6.0, 0.1276008844492677)	(7.0, 0.09632615786856483)	(8.0, 0.10758505943761787)	(9.0, 0.087256487160161)	('>10', 1.7964202947955727)	('>50', 0.6223670589559871)	('>100', 4.985191416964038)	('>500', 6.336885099782015)	('>1k', 10.648418906197712)	('>5k', 2.811910666870995)	('>10k+', 69.51245828733342)
082024-BEL-CBC-T4-1607-PSTR_S90_R2_16S	(1.0, 5.299377509740405)	(2.0, 2.397408529758617)	(3.0, 1.280807296720357)	(4.0, 0.6329397363746287)	(5.0, 0.47769036707519147)	(6.0, 0.18809058203585663)	(7.0, 0.10449476779769813)	(8.0, 0.1791338876531968)	(9.0, 0.02687008314797952)	('>10', 2.4795115615996655)	('>50', 3.678215826478974)	('>100', 13.317111764618073)	('>500', 3.5423726283419663)	('>1k', 8.87906969801012)	('>5k', 0.0)	('>10k+', 57.516905760647276)
082024-BEL-CBC-T4-1609-OFAV_S12_R2_16S	(1.0, 1.2126372777746166)	(2.0, 0.21744962078411928)	(3.0, 0.13687132672720032)	(4.0, 0.0979539413251827)	(5.0, 0.08941853564954437)	(6.0, 0.0755993074127966)	(7.0, 0.07326223204922896)	(8.0, 0.05608980872562328)	(9.0, 0.0722461123259387)	('>10', 1.8578733020639424)	('>50', 1.4648381930952632)	('>100', 3.955449246852061)	('>500', 1.5826064690246062)	('>1k', 4.2139501044571075)	('>5k', 1.4205353731598072)	('>10k+', 83.47321914857297)
092023-BEL-CBC-T1-171-PAST_S42_R2_16S	(1.0, 2.344267459330221)	(2.0, 0.8860923086864511)	(3.0, 0.6730505161467505)	(4.0, 0.5621880098867547)	(5.0, 0.4735383919484338)	(6.0, 0.38408103261659743)	(7.0, 0.37883071355874703)	(8.0, 0.3101726951099336)	(9.0, 0.27261272031146505)	('>10', 5.384202193825625)	('>50', 2.3929338782895266)	('>100', 8.824372788807935)	('>500', 6.901342466196023)	('>1k', 19.02008852845673)	('>5k', 6.017067575644981)	('>10k+', 45.17515872118383)
092023-BEL-CBC-T1-175-PAST_S7_R2_16S	(1.0, 3.410247124355459)	(2.0, 1.1368927518236847)	(3.0, 0.7398209943608051)	(4.0, 0.5320157966440754)	(5.0, 0.3837066928794385)	(6.0, 0.33369548347043304)	(7.0, 0.3304620001034715)	(8.0, 0.22591270457171436)	(9.0, 0.24057116250194008)	('>10', 4.975253073964854)	('>50', 2.4117474606377294)	('>100', 7.65645748184938)	('>500', 3.6784106782554713)	('>1k', 13.090218497249385)	('>5k', 4.260868815424146)	('>10k+', 56.593719281908015)
092023-BEL-CBC-T2-174-SSID_S46_R2_16S	(1.0, 2.218457476448523)	(2.0, 0.7943364261592487)	(3.0, 0.6086546768240007)	(4.0, 0.5220779900745345)	(5.0, 0.4038998777080926)	(6.0, 0.342192951947134)	(7.0, 0.26964056650697665)	(8.0, 0.3036728710175659)	(9.0, 0.2860957467098989)	('>10', 4.282273657126402)	('>50', 2.768210087773427)	('>100', 7.825560130594293)	('>500', 4.188217343011972)	('>1k', 14.264210357040014)	('>5k', 2.480618415590535)	('>10k+', 58.44188142546738)
092023-BEL-CBC-T2-181-PAST_S63_R2_16S	(1.0, 2.6214343457674096)	(2.0, 0.6940755283520037)	(3.0, 0.49439889132694304)	(4.0, 0.3686337914308812)	(5.0, 0.312969165030604)	(6.0, 0.2792470262154983)	(7.0, 0.22150363783346805)	(8.0, 0.20880009238942143)	(9.0, 0.20683681718443236)	('>10', 3.96188936366786)	('>50', 1.889017207529738)	('>100', 7.4058205335489085)	('>500', 5.524540940062363)	('>1k', 24.329368287331103)	('>5k', 8.392655040997806)	('>10k+', 43.08880933133156)
092023-BEL-CBC-T2-184-MCAV_S37_R2_16S	(1.0, 1.5613302055536173)	(2.0, 0.26522620023521765)	(3.0, 0.16210721556958832)	(4.0, 0.12513942000327635)	(5.0, 0.10197375092521668)	(6.0, 0.0871319583786022)	(7.0, 0.07524424815861666)	(8.0, 0.07241359741271548)	(9.0, 0.06436184218925717)	('>10', 1.1390182597298126)	('>50', 0.5688099381854524)	('>100', 1.5135904550151156)	('>500', 0.7594207800007582)	('>1k', 3.123101094448487)	('>5k', 3.776688628422516)	('>10k+', 86.60444240577175)
092023-BEL-CBC-T3-171-OFAV_S78_R2_16S	(1.0, 1.8090995727548211)	(2.0, 0.46569627141214803)	(3.0, 0.3421173799912195)	(4.0, 0.26730810227795954)	(5.0, 0.2041801691653387)	(6.0, 0.1874855808402586)	(7.0, 0.17307858916613694)	(8.0, 0.14991058904153595)	(9.0, 0.12484437041933108)	('>10', 2.7251116785216087)	('>50', 1.7469937572947563)	('>100', 8.260706195687833)	('>500', 5.035973674143052)	('>1k', 10.17016798746981)	('>5k', 5.473050651283633)	('>10k+', 62.86427543053056)
092023-BEL-CBC-T3-173-OFAV_S84_R2_16S	(1.0, 2.1040837597119575)	(2.0, 0.44333901838165624)	(3.0, 0.2662023877202956)	(4.0, 0.1936706462004927)	(5.0, 0.14615311730149708)	(6.0, 0.1281978396816373)	(7.0, 0.10877392457835891)	(8.0, 0.09740382793253742)	(9.0, 0.09081864695849914)	('>10', 2.825042637862422)	('>50', 2.192107257911692)	('>100', 7.439122607542164)	('>500', 4.627392457835891)	('>1k', 11.833854462762934)	('>5k', 5.397716505590298)	('>10k+', 62.10612090202767)
092023-BEL-CBC-T3-178-PAST_S74_R2_16S	(1.0, 1.2956402942614964)	(2.0, 0.26691302199378464)	(3.0, 0.18388184043605904)	(4.0, 0.14457788691330004)	(5.0, 0.11121375916407694)	(6.0, 0.10388376140099005)	(7.0, 0.11146651770763166)	(8.0, 0.09908134907345037)	(9.0, 0.10236721013966173)	('>10', 1.8802708055035644)	('>50', 1.112643108727879)	('>100', 4.744909758880987)	('>500', 0.7065865085072206)	('>1k', 1.1858167070869703)	('>5k', 0.8452245696469848)	('>10k+', 87.10552290055594)
092023-BEL-CBC-T3-195-PSTR_S66_R2_16S	(1.0, 2.5482541747993928)	(2.0, 0.7084508060435192)	(3.0, 0.48796356538711777)	(4.0, 0.4771199306007373)	(5.0, 0.3975999421672811)	(6.0, 0.4229017566688354)	(7.0, 0.3415744957709824)	(8.0, 0.3469963131641726)	(9.0, 0.3903708523096942)	('>10', 8.21405335068315)	('>50', 3.374177691028699)	('>100', 16.469673968047424)	('>500', 3.0235668329357335)	('>1k', 10.727969348659004)	('>5k', 0.0)	('>10k+', 52.069326971734256)
092023-BEL-CBC-T4-92-PSTR_S43_R2_16S	(1.0, 2.946447063908725)	(2.0, 1.0121658006825816)	(3.0, 0.6699745157543067)	(4.0, 0.5763221640897261)	(5.0, 0.5267944781132653)	(6.0, 0.5565110896991419)	(7.0, 0.46646075156012207)	(8.0, 0.33858927140271416)	(9.0, 0.429540112923124)	('>10', 10.042413709263478)	('>50', 2.218840331745446)	('>100', 5.855072985799062)	('>500', 3.0364974020477447)	('>1k', 6.284613098722186)	('>5k', 0.0)	('>10k+', 65.03975722428838)
092023-BEL-CBC-T4-94-MCAV_S85_R2_16S	(1.0, 2.4860534058611847)	(2.0, 0.7914657411578871)	(3.0, 0.485975538535983)	(4.0, 0.31258169116706436)	(5.0, 0.21343990032982374)	(6.0, 0.13849259982312992)	(7.0, 0.12361437875779367)	(8.0, 0.11346381672256427)	(9.0, 0.09135505831706463)	('>10', 2.5853342454934287)	('>50', 2.4910591624812977)	('>100', 10.002475068551057)	('>500', 5.031341598393708)	('>1k', 11.80621603733182)	('>5k', 7.0521377361743784)	('>10k+', 56.274994020901815)
102019-BEL-CBC-T1-29-PSTR_S22_R2_16S	(1.0, 1.5257156137723982)	(2.0, 0.3737612728457292)	(3.0, 0.20574015019030964)	(4.0, 0.12496809122670659)	(5.0, 0.07429505423538958)	(6.0, 0.05372103921635863)	(7.0, 0.04267203115058274)	(8.0, 0.038100027813020305)	(9.0, 0.0377190275348901)	('>10', 0.6711319899263527)	('>50', 0.5353053907729353)	('>100', 1.2553959164390192)	('>500', 0.12477759108764148)	('>1k', 1.4005570224066264)	('>5k', 2.0781660170611924)	('>10k+', 91.45797376432084)
112023-BEL-CBC-T1-276-MCAV_S26_R2_16S	(1.0, 1.3052214786582654)	(2.0, 0.4030656700670393)	(3.0, 0.3022992525502795)	(4.0, 0.27029109639789695)	(5.0, 0.2904443799012489)	(6.0, 0.27029109639789695)	(7.0, 0.29459358532840957)	(8.0, 0.2465813510998358)	(9.0, 0.24539586383493273)	('>10', 3.995092082723301)	('>50', 1.904485291066761)	('>100', 9.776120730023058)	('>500', 2.731362658336643)	('>1k', 6.532627573248294)	('>5k', 3.2180051805793477)	('>10k+', 68.21412270978679)
112023-BEL-CBC-T2-304-OFAV_S72_R2_16S	(1.0, 1.5410140047821208)	(2.0, 0.3571951398038355)	(3.0, 0.27521592738984046)	(4.0, 0.20202020202020202)	(5.0, 0.17139999024056995)	(6.0, 0.1566388522910262)	(7.0, 0.1579807739228029)	(8.0, 0.13955984970477725)	(9.0, 0.12845849802371542)	('>10', 1.9345630215195433)	('>50', 1.015712682379349)	('>100', 3.9873371395110526)	('>500', 1.1571024252183673)	('>1k', 5.606792563314302)	('>5k', 8.0467720685112)	('>10k+', 75.1222368613673)
112023-BEL-CBC-T2-307-SSID_S62_R2_16S	(1.0, 1.6354684204462357)	(2.0, 0.40301816873623)	(3.0, 0.28780293963427395)	(4.0, 0.23701418558116677)	(5.0, 0.21161980855461318)	(6.0, 0.18340383408066477)	(7.0, 0.18434436656312972)	(8.0, 0.15706892457164626)	(9.0, 0.18516733248528655)	('>10', 2.928935716956155)	('>50', 1.9559548638461666)	('>100', 3.266469311600763)	('>500', 1.9951045284287698)	('>1k', 6.983336115741927)	('>5k', 5.946986886625863)	('>10k+', 73.4383045961471)
112023-BEL-CBC-T2-310-MCAV_S55_R2_16S	(1.0, 1.9915951814657267)	(2.0, 0.4906735629280281)	(3.0, 0.36736292931260744)	(4.0, 0.23377640956256834)	(5.0, 0.19695448424685247)	(6.0, 0.17212109275485804)	(7.0, 0.1588480731643093)	(8.0, 0.13358651975003907)	(9.0, 0.12909081956614354)	('>10', 2.4525114907955894)	('>50', 0.7604155739617608)	('>100', 2.4535818956012783)	('>500', 2.0489688790506793)	('>1k', 9.466231939594916)	('>5k', 11.630804537660053)	('>10k+', 67.31347661058459)
112023-BEL-CBC-T3-352-PAST_S30_R2_16S	(1.0, 2.563769671478888)	(2.0, 0.5721391085956291)	(3.0, 0.3955280926793726)	(4.0, 0.32770409036932746)	(5.0, 0.28204040564573263)	(6.0, 0.28405497997177354)	(7.0, 0.29379208921430483)	(8.0, 0.2829357720128619)	(9.0, 0.2729748211785484)	('>10', 6.184743180945708)	('>50', 3.1295292947087203)	('>100', 8.8865111937584)	('>500', 4.529994213694852)	('>1k', 7.876202169248867)	('>5k', 4.974319773382772)	('>10k+', 59.14376114311424)
112023-BEL-CBC-T3-355-PSTR_S10_R2_16S	(1.0, 2.4208234362628662)	(2.0, 0.556215360253365)	(3.0, 0.29097387173396677)	(4.0, 0.23357086302454474)	(5.0, 0.1979414093428345)	(6.0, 0.11876484560570072)	(7.0, 0.1731987331749802)	(8.0, 0.09501187648456057)	(9.0, 0.1514251781472684)	('>10', 5.501781472684086)	('>50', 5.053444180522566)	('>100', 9.596199524940618)	('>500', 1.283650039588282)	('>1k', 11.84085510688836)	('>5k', 12.745447347585115)	('>10k+', 49.740696753760886)
112023-BEL-CBC-T4-399-MCAV_S9_R2_16S	(1.0, 2.2269842639955866)	(2.0, 0.5749477405529556)	(3.0, 0.37153933625811103)	(4.0, 0.30023380707726144)	(5.0, 0.26645750378106947)	(6.0, 0.2476928908387407)	(7.0, 0.2942291309357162)	(8.0, 0.2822197786526257)	(9.0, 0.212790710766009)	('>10', 4.075298638814977)	('>50', 1.6024979452748829)	('>100', 3.9139229675109495)	('>500', 0.9250954180568118)	('>1k', 6.652055288055574)	('>5k', 6.015184324792933)	('>10k+', 72.0388502546358)
112023-BEL-CBC-T4-401-MCAV_S53_R2_16S	(1.0, 1.4818489357020042)	(2.0, 0.35731469428706764)	(3.0, 0.2573560950501844)	(4.0, 0.16411113307547995)	(5.0, 0.17530052851244446)	(6.0, 0.1342727452435745)	(7.0, 0.11226693421754422)	(8.0, 0.12532122889400288)	(9.0, 0.1074181961948596)	('>10', 2.4116876965137575)	('>50', 0.9704935642327245)	('>100', 2.2106515584962945)	('>500', 0.0)	('>1k', 4.358642502545587)	('>5k', 6.565564262562893)	('>10k+', 80.56774992447157)
122022-BEL-CBC-T3-123-PAST_S20_R2_16S	(1.0, 4.584208502203946)	(2.0, 3.234032482324054)	(3.0, 2.2986125491820255)	(4.0, 1.4057923852912464)	(5.0, 0.9259533177528623)	(6.0, 0.47214744253468627)	(7.0, 0.31890660592255127)	(8.0, 0.22246546164541606)	(9.0, 0.13844925006656214)	('>10', 1.3200011833269236)	('>50', 0.2834067982131763)	('>100', 1.6406827796349437)	('>500', 0.746087625358696)	('>1k', 2.23057125107239)	('>5k', 0.0)	('>10k+', 80.17868236547052)
122022-BEL-CBC-T3-124-PAST_S64_R2_16S	(1.0, 3.520940219913169)	(2.0, 0.8510222599619388)	(3.0, 0.5917704456688978)	(4.0, 0.4486183569070883)	(5.0, 0.4048461302909444)	(6.0, 0.333645813177131)	(7.0, 0.301145404573728)	(8.0, 0.2870556320578019)	(9.0, 0.25530667798858164)	('>10', 4.664841884572827)	('>50', 2.7548323223138786)	('>100', 7.435642615738088)	('>500', 1.5012182956635438)	('>1k', 9.66088735508669)	('>5k', 1.0837853019250385)	('>10k+', 65.90444128416065)
122022-BEL-CBC-T3-126-SSID_S77_R2_16S	(1.0, 3.113646934256975)	(2.0, 0.6790138010412402)	(3.0, 0.4681079992026732)	(4.0, 0.419239581703493)	(5.0, 0.39330502680261237)	(6.0, 0.3703711642043128)	(7.0, 0.3450796147968424)	(8.0, 0.3360775378890987)	(9.0, 0.3433649334810817)	('>10', 13.488326235267136)	('>50', 6.757559065412949)	('>100', 17.551477948126603)	('>500', 6.152705231278359)	('>1k', 12.08893194644193)	('>5k', 6.225364852033719)	('>10k+', 31.267428128060974)
122022-BEL-CBC-T3-127-OFAV_S32_R2_16S	(1.0, 2.628648057629445)	(2.0, 0.7648045191760826)	(3.0, 0.5695328744958498)	(4.0, 0.47579796225502)	(5.0, 0.46132502043737683)	(6.0, 0.3731305312361136)	(7.0, 0.39574450282618107)	(8.0, 0.3401141327146151)	(9.0, 0.30834150263057025)	('>10', 5.704148193878624)	('>50', 3.3236884744501696)	('>100', 10.965967103455528)	('>500', 6.360744858996234)	('>1k', 17.612891772924065)	('>5k', 6.313481658372992)	('>10k+', 43.40163883452114)
122022-BEL-CBC-T3-141-PSTR_S80_R2_16S	(1.0, 2.004775644214506)	(2.0, 0.5167396278977215)	(3.0, 0.3460476569495573)	(4.0, 0.2667645010446722)	(5.0, 0.2160854641329221)	(6.0, 0.15763356879912446)	(7.0, 0.14473062381852553)	(8.0, 0.11192916127748484)	(9.0, 0.11192916127748484)	('>10', 1.4497935528803103)	('>50', 0.7342242065466122)	('>100', 2.9838448910556163)	('>500', 3.848653119092628)	('>1k', 21.88836931648592)	('>5k', 8.641397622127151)	('>10k+', 56.57708188239976)
122022-BEL-CBC-T3-142-MCAV_S24_R2_16S	(1.0, 3.0080196776755748)	(2.0, 0.9787593840477593)	(3.0, 0.653360321811986)	(4.0, 0.3382100489379692)	(5.0, 0.3971405877680699)	(6.0, 0.2613441287247944)	(7.0, 0.21522457659688948)	(8.0, 0.20497578723513285)	(9.0, 0.18447820851161956)	('>10', 3.382100489379692)	('>50', 0.5893053883010069)	('>100', 3.3077967665069563)	('>500', 1.675677060647211)	('>1k', 11.066130313356735)	('>5k', 26.382946014502036)	('>10k+', 47.35453124599657)
122023-BEL-CBC-T1-507-PAST_S51_R2_16S	(1.0, 1.7723071874831038)	(2.0, 0.5004073733646802)	(3.0, 0.35684788100596054)	(4.0, 0.2841359303307648)	(5.0, 0.2880511892132753)	(6.0, 0.28972915730577986)	(7.0, 0.3210512283658642)	(8.0, 0.29084780270078286)	(9.0, 0.305390192835822)	('>10', 7.9134839651504665)	('>50', 3.9875979513873996)	('>100', 9.789079410772182)	('>500', 3.5019194090569257)	('>1k', 13.442575270852016)	('>5k', 3.908174128342186)	('>10k+', 53.04840192183279)
122023-BEL-CBC-T1-508-SSID_S75_R2_16S	(1.0, 2.1049234241344137)	(2.0, 1.0257231772446824)	(3.0, 0.8502147328148962)	(4.0, 0.7406691936741574)	(5.0, 0.7032116867421628)	(6.0, 0.648792289878699)	(7.0, 0.6959086507994469)	(8.0, 0.6445518173958317)	(9.0, 0.6148685100157605)	('>10', 12.104664284149349)	('>50', 6.1552813906865085)	('>100', 19.774265514828695)	('>500', 11.927742348891941)	('>1k', 20.317045992635713)	('>5k', 12.877137021445012)	('>10k+', 8.81499996466273)
122023-BEL-CBC-T2-513-SSID_S45_R2_16S	(1.0, 5.505145849826442)	(2.0, 2.8835028317398455)	(3.0, 2.539431216125693)	(4.0, 2.262346994701906)	(5.0, 1.8193167285792584)	(6.0, 1.5437549479325254)	(7.0, 1.4440350770355033)	(8.0, 1.278850252725169)	(9.0, 1.2126240789233298)	('>10', 17.105383350587662)	('>50', 6.971256318129225)	('>100', 11.58577431337921)	('>500', 2.7868278423969306)	('>1k', 16.229979903781743)	('>5k', 9.005237196273065)	('>10k+', 15.826533097862495)
122023-BEL-CBC-T2-515-PAST_S73_R2_16S	(1.0, 1.8763707706413324)	(2.0, 0.5289398073187657)	(3.0, 0.41467989109079206)	(4.0, 0.31212464920812305)	(5.0, 0.333025853396167)	(6.0, 0.32271459266339864)	(7.0, 0.34333711412893536)	(8.0, 0.3188130345482971)	(9.0, 0.34612394135400787)	('>10', 6.465160479445756)	('>50', 2.55830739261658)	('>100', 10.85998701338513)	('>500', 3.676382475315678)	('>1k', 5.171793964289596)	('>5k', 2.2511990324135875)	('>10k+', 64.22103998818385)
122023-BEL-CBC-T2-518-MCAV_S27_R2_16S	(1.0, 1.76017601760176)	(2.0, 0.5419060424560975)	(3.0, 0.37587092042537584)	(4.0, 0.21187303915576744)	(5.0, 0.16807236279183474)	(6.0, 0.1497371959418164)	(7.0, 0.11765065395428433)	(8.0, 0.09778755653343113)	(9.0, 0.10542720938760543)	('>10', 1.841665648046286)	('>50', 0.8968952450800636)	('>100', 8.303793342297192)	('>500', 3.833577802224667)	('>1k', 12.132278042619077)	('>5k', 3.9002974371511225)	('>10k+', 65.56299148433362)
122023-BEL-CBC-T2-522-MCAV_S88_R2_16S	(1.0, 2.3192719393509864)	(2.0, 0.9670619891713161)	(3.0, 0.7416063290028205)	(4.0, 0.5318709937734413)	(5.0, 0.336021945573615)	(6.0, 0.25309723151977553)	(7.0, 0.18248677200157726)	(8.0, 0.16558742269202703)	(9.0, 0.12969268074771104)	('>10', 4.4601181906430005)	('>50', 4.48906978907254)	('>100', 9.679266070429676)	('>500', 4.78526691146706)	('>1k', 9.90249468456513)	('>5k', 2.8410557246218278)	('>10k+', 58.21603132536749)
122023-BEL-CBC-T3-524-OFAV_S39_R2_16S	(1.0, 3.1449532442391335)	(2.0, 0.7548220123878879)	(3.0, 0.616278731633149)	(4.0, 0.5392179262958054)	(5.0, 0.5068150000623133)	(6.0, 0.4661036312048488)	(7.0, 0.4507330123505)	(8.0, 0.3805266721779336)	(9.0, 0.39070451439229975)	('>10', 8.047349814514018)	('>50', 3.8860663262974673)	('>100', 8.326928908810688)	('>500', 2.164349303544797)	('>1k', 10.591602657039951)	('>5k', 9.739571865951586)	('>10k+', 49.993976379097624)
122023-BEL-CBC-T3-525-PAST_S29_R2_16S	(1.0, 2.1223958740574167)	(2.0, 0.46757763508927763)	(3.0, 0.2777317324142331)	(4.0, 0.23206863226504618)	(5.0, 0.19782130715315593)	(6.0, 0.1482486950048947)	(7.0, 0.16310484060137678)	(8.0, 0.116347077092449)	(9.0, 0.13792758332733876)	('>10', 2.357748496401685)	('>50', 1.3354892988837561)	('>100', 5.640643912264295)	('>500', 5.0603159511217175)	('>1k', 12.7343752443445)	('>5k', 8.167439707505949)	('>10k+', 60.8407640124729)
122023-BEL-CBC-T3-526-SSID_S11_R2_16S	(1.0, 3.0068694577248944)	(2.0, 0.7112174801451787)	(3.0, 0.46906486190527263)	(4.0, 0.27545565897686286)	(5.0, 0.27376228402413627)	(6.0, 0.17611099508356803)	(7.0, 0.23312128515869746)	(8.0, 0.17611099508356803)	(9.0, 0.16764412031993497)	('>10', 9.753839727705307)	('>50', 9.897212140369495)	('>100', 25.16693854742297)	('>500', 11.801694503869362)	('>1k', 24.15938045055063)	('>5k', 6.866635433306427)	('>10k+', 6.8649420583537015)
122023-BEL-CBC-T3-531-PSTR_S28_R2_16S	(1.0, 2.2686235246075053)	(2.0, 0.532346704321258)	(3.0, 0.3601458295408141)	(4.0, 0.3444017495608878)	(5.0, 0.28044142464243715)	(6.0, 0.31586560459727137)	(7.0, 0.25485729467505697)	(8.0, 0.2952014996236181)	(9.0, 0.17712089977417084)	('>10', 3.995552297405671)	('>50', 1.0509173386600803)	('>100', 9.17683061829954)	('>500', 9.289007188156516)	('>1k', 8.095409124678353)	('>5k', 2.5593970017367687)	('>10k+', 61.00388189972005)
122023-BEL-CBC-T3-532-MCAV_S52_R2_16S	(1.0, 1.8578926514727991)	(2.0, 0.4251677603428842)	(3.0, 0.32674594688478675)	(4.0, 0.25690988071782794)	(5.0, 0.22524845175612376)	(6.0, 0.2073371290863597)	(7.0, 0.19883377387950202)	(8.0, 0.17513293277102635)	(9.0, 0.22796228852426983)	('>10', 5.110878324223888)	('>50', 2.1679937328462904)	('>100', 4.795530491765314)	('>500', 2.0122195023547054)	('>1k', 6.9675045185382185)	('>5k', 11.135234104605743)	('>10k+', 63.90940851023026)
122023-BEL-CBC-T4-539-MCAV_S44_R2_16S	(1.0, 2.0251359771875164)	(2.0, 0.8328366991301986)	(3.0, 0.6664956736245747)	(4.0, 0.600487330169962)	(5.0, 0.5148650789459788)	(6.0, 0.5476806554062719)	(7.0, 0.49110207530231825)	(8.0, 0.4767688350093166)	(9.0, 0.43791821000460174)	('>10', 8.051886329860666)	('>50', 2.2518274881373577)	('>100', 4.090631341515853)	('>500', 0.9309062379770517)	('>1k', 8.417006766798181)	('>5k', 5.954706960674115)	('>10k+', 63.70974434025604)
Negative_S96_R2_16S	(1.0, 21.27968977217644)	(2.0, 5.913717886572952)	(3.0, 3.1992244304411055)	(4.0, 1.5511391177896268)	(5.0, 1.211827435773146)	(6.0, 1.4541929229277752)	(7.0, 0.3393116820164809)	(8.0, 1.16335433834222)	(9.0, 0.4362578768783325)	('>10', 20.01938923897237)	('>50', 4.314105671352399)	('>100', 12.021328162869608)	('>500', 27.096461463887543)	('>1k', 0.0)	('>5k', 0.0)	('>10k+', 0.0)
Undetermined_S0_R2_16S	(1.0, 11.777165599572042)	(2.0, 1.5479831594371)	(3.0, 0.8367089831866826)	(4.0, 0.5707630732422084)	(5.0, 0.4431294034552076)	(6.0, 0.35726973849876764)	(7.0, 0.30579834839948494)	(8.0, 0.2655911009796475)	(9.0, 0.24731094826755964)	('>10', 6.879312627182426)	('>50', 8.38227011248059)	('>100', 13.263556776833733)	('>500', 2.0959802330195045)	('>1k', 22.30979899041515)	('>5k', 10.782655249757653)	('>10k+', 19.934705655272246)
