Sample	0	1	2	3	4	5	6	7	8	9	10	11	12	13	14	15	16	17	18	19	20	21	22	23	24	25	26	27	28	29	30	31	32	33	34	35	36	37	38	39	40	41	42	43	44	45	46	47	48
012024-BEL-CBC-T1-557-SSID_S56_R2_16S	(218, 1.0)	(219, 0.0)	(220, 0.0)	(221, 0.0)	(222, 0.0)	(223, 0.0)	(224, 0.0)	(225, 1.0)	(226, 0.0)	(227, 0.0)	(228, 143.0)	(229, 4.0)	(230, 1319.0)	(231, 146247.0)	(232, 961.0)	(233, 3.0)	(234, 2.0)	(235, 4.0)	(236, 0.0)	(237, 1.0)	(238, 1.0)	(239, 0.0)	(240, 0.0)	(241, 0.0)	(242, 0.0)	(243, 0.0)	(244, 0.0)	(245, 0.0)	(246, 0.0)	(247, 0.0)	(248, 0.0)	(249, 0.0)	(250, 0.0)	(251, 41405.0)															
012024-BEL-CBC-T1-563-PSTR_S68_R2_16S	(211, 1.0)	(212, 0.0)	(213, 0.0)	(214, 0.0)	(215, 0.0)	(216, 0.0)	(217, 1.0)	(218, 0.0)	(219, 0.0)	(220, 0.0)	(221, 0.0)	(222, 0.0)	(223, 0.0)	(224, 0.0)	(225, 0.0)	(226, 0.0)	(227, 4.0)	(228, 529.0)	(229, 423.0)	(230, 98460.0)	(231, 1101.0)	(232, 10.0)	(233, 2.0)	(234, 3.0)	(235, 0.0)	(236, 0.0)	(237, 0.0)	(238, 0.0)	(239, 0.0)	(240, 0.0)	(241, 0.0)	(242, 1.0)	(243, 0.0)	(244, 0.0)	(245, 0.0)	(246, 0.0)	(247, 0.0)	(248, 6.0)	(249, 0.0)	(250, 0.0)	(251, 15520.0)								
012024-BEL-CBC-T2-601-OFAV_S58_R2_16S	(219, 2.0)	(220, 0.0)	(221, 1.0)	(222, 1.0)	(223, 3.0)	(224, 0.0)	(225, 1.0)	(226, 1.0)	(227, 4.0)	(228, 294.0)	(229, 107.0)	(230, 1062.0)	(231, 265700.0)	(232, 1476.0)	(233, 25.0)	(234, 13.0)	(235, 13.0)	(236, 4.0)	(237, 5.0)	(238, 0.0)	(239, 2.0)	(240, 0.0)	(241, 0.0)	(242, 0.0)	(243, 1.0)	(244, 0.0)	(245, 0.0)	(246, 0.0)	(247, 0.0)	(248, 0.0)	(249, 0.0)	(250, 0.0)	(251, 12725.0)																
012024-BEL-CBC-T2-605-SSID_S83_R2_16S	(200, 2.0)	(202, 0.0)	(204, 0.0)	(206, 0.0)	(208, 0.0)	(210, 0.0)	(212, 3.0)	(214, 2.0)	(216, 2.0)	(218, 3.0)	(220, 2.0)	(222, 1.0)	(224, 5.0)	(226, 1848.0)	(228, 615213.0)	(230, 501.0)	(232, 78.0)	(234, 44.0)	(236, 16.0)	(238, 11.0)	(240, 4.0)	(242, 4.0)	(244, 0.0)	(246, 3.0)	(248, 1075.0)	(250, 17585.0)																							
012024-BEL-CBC-T3-627-PAST_S81_R2_16S	(188, 3.0)	(190, 0.0)	(192, 0.0)	(194, 0.0)	(196, 0.0)	(198, 0.0)	(200, 0.0)	(202, 0.0)	(204, 1.0)	(206, 0.0)	(208, 1.0)	(210, 3.0)	(212, 2.0)	(214, 6.0)	(216, 2.0)	(218, 8.0)	(220, 9.0)	(222, 13.0)	(224, 9.0)	(226, 4452.0)	(228, 1664744.0)	(230, 2448.0)	(232, 178.0)	(234, 110.0)	(236, 88.0)	(238, 44.0)	(240, 29.0)	(242, 1.0)	(244, 0.0)	(246, 4.0)	(248, 640.0)	(250, 22478.0)																	
012024-BEL-CBC-T3-631-MCAV_S61_R2_16S	(208, 1.0)	(209, 0.0)	(210, 0.0)	(211, 0.0)	(212, 3.0)	(213, 0.0)	(214, 0.0)	(215, 1.0)	(216, 2.0)	(217, 3.0)	(218, 0.0)	(219, 0.0)	(220, 1.0)	(221, 2.0)	(222, 3.0)	(223, 1.0)	(224, 0.0)	(225, 1.0)	(226, 1.0)	(227, 2.0)	(228, 428.0)	(229, 16.0)	(230, 1502.0)	(231, 513946.0)	(232, 2412.0)	(233, 45.0)	(234, 19.0)	(235, 16.0)	(236, 8.0)	(237, 8.0)	(238, 1.0)	(239, 1.0)	(240, 0.0)	(241, 1.0)	(242, 4.0)	(243, 0.0)	(244, 0.0)	(245, 0.0)	(246, 0.0)	(247, 0.0)	(248, 3.0)	(249, 0.0)	(250, 0.0)	(251, 19221.0)					
012024-BEL-CBC-T3-633-MCAV_S69_R2_16S	(208, 1.0)	(209, 0.0)	(210, 0.0)	(211, 0.0)	(212, 0.0)	(213, 0.0)	(214, 2.0)	(215, 0.0)	(216, 0.0)	(217, 0.0)	(218, 1.0)	(219, 4.0)	(220, 1.0)	(221, 0.0)	(222, 0.0)	(223, 2.0)	(224, 0.0)	(225, 1.0)	(226, 0.0)	(227, 3.0)	(228, 499.0)	(229, 568.0)	(230, 161914.0)	(231, 2913.0)	(232, 19.0)	(233, 7.0)	(234, 2.0)	(235, 3.0)	(236, 4.0)	(237, 3.0)	(238, 3.0)	(239, 0.0)	(240, 0.0)	(241, 0.0)	(242, 0.0)	(243, 0.0)	(244, 0.0)	(245, 0.0)	(246, 0.0)	(247, 0.0)	(248, 6.0)	(249, 0.0)	(250, 0.0)	(251, 15426.0)					
012024-BEL-CBC-T3-637-SSID_S70_R2_16S	(217, 1.0)	(218, 0.0)	(219, 0.0)	(220, 0.0)	(221, 0.0)	(222, 0.0)	(223, 0.0)	(224, 0.0)	(225, 0.0)	(226, 1.0)	(227, 2.0)	(228, 500.0)	(229, 193.0)	(230, 24437.0)	(231, 909.0)	(232, 6.0)	(233, 0.0)	(234, 0.0)	(235, 1.0)	(236, 0.0)	(237, 0.0)	(238, 2.0)	(239, 1.0)	(240, 0.0)	(241, 0.0)	(242, 0.0)	(243, 0.0)	(244, 0.0)	(245, 2.0)	(246, 0.0)	(247, 0.0)	(248, 2.0)	(249, 0.0)	(250, 0.0)	(251, 11693.0)														
012024-BEL-CBC-T4-661-PSTR_S71_R2_16S	(214, 7.0)	(215, 0.0)	(216, 0.0)	(217, 1.0)	(218, 0.0)	(219, 0.0)	(220, 2.0)	(221, 0.0)	(222, 2.0)	(223, 0.0)	(224, 5.0)	(225, 2.0)	(226, 0.0)	(227, 5.0)	(228, 977.0)	(229, 1535.0)	(230, 456791.0)	(231, 2910.0)	(232, 26.0)	(233, 14.0)	(234, 7.0)	(235, 4.0)	(236, 5.0)	(237, 7.0)	(238, 2.0)	(239, 4.0)	(240, 2.0)	(241, 1.0)	(242, 0.0)	(243, 0.0)	(244, 0.0)	(245, 0.0)	(246, 0.0)	(247, 0.0)	(248, 8.0)	(249, 0.0)	(250, 0.0)	(251, 15424.0)											
012024-BEL-CBC-T4-663-PSTR_S82_R2_16S	(211, 1.0)	(212, 0.0)	(213, 0.0)	(214, 0.0)	(215, 0.0)	(216, 0.0)	(217, 0.0)	(218, 0.0)	(219, 0.0)	(220, 0.0)	(221, 0.0)	(222, 0.0)	(223, 0.0)	(224, 0.0)	(225, 0.0)	(226, 0.0)	(227, 144.0)	(228, 45719.0)	(229, 441.0)	(230, 308.0)	(231, 473.0)	(232, 8.0)	(233, 0.0)	(234, 5.0)	(235, 0.0)	(236, 2.0)	(237, 0.0)	(238, 1.0)	(239, 0.0)	(240, 2.0)	(241, 0.0)	(242, 0.0)	(243, 0.0)	(244, 0.0)	(245, 0.0)	(246, 0.0)	(247, 0.0)	(248, 893.0)	(249, 0.0)	(250, 0.0)	(251, 12122.0)								
022024-BEL-CBC-T1-775-OANN_S93_R2_16S	(209, 4.0)	(210, 0.0)	(211, 0.0)	(212, 0.0)	(213, 2.0)	(214, 0.0)	(215, 0.0)	(216, 0.0)	(217, 0.0)	(218, 0.0)	(219, 3.0)	(220, 0.0)	(221, 0.0)	(222, 0.0)	(223, 1.0)	(224, 1.0)	(225, 0.0)	(226, 4.0)	(227, 584.0)	(228, 220787.0)	(229, 1706.0)	(230, 175.0)	(231, 794.0)	(232, 25.0)	(233, 7.0)	(234, 4.0)	(235, 7.0)	(236, 0.0)	(237, 11.0)	(238, 0.0)	(239, 5.0)	(240, 2.0)	(241, 0.0)	(242, 0.0)	(243, 0.0)	(244, 0.0)	(245, 0.0)	(246, 0.0)	(247, 1.0)	(248, 270.0)	(249, 0.0)	(250, 0.0)	(251, 4827.0)						
022024-BEL-CBC-T1-776-PSTR_S59_R2_16S	(220, 1.0)	(221, 0.0)	(222, 1.0)	(223, 0.0)	(224, 0.0)	(225, 0.0)	(226, 2.0)	(227, 1.0)	(228, 303.0)	(229, 27.0)	(230, 419.0)	(231, 93869.0)	(232, 522.0)	(233, 7.0)	(234, 7.0)	(235, 0.0)	(236, 0.0)	(237, 10.0)	(238, 1.0)	(239, 0.0)	(240, 0.0)	(241, 0.0)	(242, 0.0)	(243, 0.0)	(244, 0.0)	(245, 0.0)	(246, 0.0)	(247, 0.0)	(248, 1.0)	(249, 0.0)	(250, 0.0)	(251, 20615.0)																	
022024-BEL-CBC-T2-804-OFAV_S87_R2_16S	(196, 1.0)	(198, 0.0)	(200, 0.0)	(202, 0.0)	(204, 0.0)	(206, 0.0)	(208, 0.0)	(210, 2.0)	(212, 2.0)	(214, 2.0)	(216, 2.0)	(218, 13.0)	(220, 14.0)	(222, 11.0)	(224, 16.0)	(226, 3902.0)	(228, 1419843.0)	(230, 3236.0)	(232, 170.0)	(234, 94.0)	(236, 57.0)	(238, 19.0)	(240, 8.0)	(242, 2.0)	(244, 0.0)	(246, 1.0)	(248, 710.0)	(250, 21836.0)																					
022024-BEL-CBC-T2-814-MCAV_S1_R2_16S	(202, 1.0)	(204, 0.0)	(206, 5.0)	(208, 1.0)	(210, 2.0)	(212, 0.0)	(214, 4.0)	(216, 0.0)	(218, 9.0)	(220, 4.0)	(222, 11.0)	(224, 5.0)	(226, 1029.0)	(228, 315870.0)	(230, 1756.0)	(232, 41.0)	(234, 25.0)	(236, 10.0)	(238, 4.0)	(240, 1.0)	(242, 0.0)	(244, 0.0)	(246, 0.0)	(248, 2087.0)	(250, 30232.0)																								
022024-BEL-CBC-T3-851-PSTR_S13_R2_16S	(215, 1.0)	(216, 0.0)	(217, 0.0)	(218, 0.0)	(219, 0.0)	(220, 0.0)	(221, 1.0)	(222, 1.0)	(223, 0.0)	(224, 1.0)	(225, 1.0)	(226, 0.0)	(227, 0.0)	(228, 278.0)	(229, 24.0)	(230, 1741.0)	(231, 595155.0)	(232, 2782.0)	(233, 42.0)	(234, 10.0)	(235, 12.0)	(236, 2.0)	(237, 8.0)	(238, 10.0)	(239, 2.0)	(240, 2.0)	(241, 1.0)	(242, 0.0)	(243, 0.0)	(244, 0.0)	(245, 0.0)	(246, 0.0)	(247, 0.0)	(248, 1.0)	(249, 0.0)	(250, 0.0)	(251, 48030.0)												
022024-BEL-CBC-T4-874-OFAV_S89_R2_16S	(207, 1.0)	(208, 2.0)	(209, 2.0)	(210, 0.0)	(211, 0.0)	(212, 0.0)	(213, 0.0)	(214, 1.0)	(215, 0.0)	(216, 3.0)	(217, 3.0)	(218, 5.0)	(219, 0.0)	(220, 0.0)	(221, 2.0)	(222, 2.0)	(223, 1.0)	(224, 1.0)	(225, 2.0)	(226, 1.0)	(227, 1575.0)	(228, 552267.0)	(229, 3890.0)	(230, 164.0)	(231, 675.0)	(232, 47.0)	(233, 23.0)	(234, 9.0)	(235, 19.0)	(236, 13.0)	(237, 17.0)	(238, 12.0)	(239, 1.0)	(240, 6.0)	(241, 2.0)	(242, 0.0)	(243, 0.0)	(244, 0.0)	(245, 0.0)	(246, 0.0)	(247, 0.0)	(248, 239.0)	(249, 0.0)	(250, 0.0)	(251, 6306.0)				
022024-BEL-CBC-T4-875-MCAV_S76_R2_16S	(212, 3.0)	(213, 0.0)	(214, 0.0)	(215, 0.0)	(216, 0.0)	(217, 0.0)	(218, 0.0)	(219, 1.0)	(220, 0.0)	(221, 1.0)	(222, 2.0)	(223, 0.0)	(224, 0.0)	(225, 1.0)	(226, 1.0)	(227, 6.0)	(228, 362.0)	(229, 605.0)	(230, 199234.0)	(231, 1417.0)	(232, 7.0)	(233, 10.0)	(234, 4.0)	(235, 3.0)	(236, 1.0)	(237, 1.0)	(238, 4.0)	(239, 0.0)	(240, 0.0)	(241, 1.0)	(242, 0.0)	(243, 1.0)	(244, 0.0)	(245, 0.0)	(246, 0.0)	(247, 0.0)	(248, 13.0)	(249, 0.0)	(250, 0.0)	(251, 14521.0)									
042024-BEL-CBC-T1-927-PSTR_S67_R2_16S	(213, 1.0)	(214, 0.0)	(215, 0.0)	(216, 0.0)	(217, 0.0)	(218, 0.0)	(219, 2.0)	(220, 0.0)	(221, 0.0)	(222, 0.0)	(223, 1.0)	(224, 0.0)	(225, 0.0)	(226, 0.0)	(227, 0.0)	(228, 293.0)	(229, 254.0)	(230, 61205.0)	(231, 737.0)	(232, 11.0)	(233, 5.0)	(234, 2.0)	(235, 4.0)	(236, 1.0)	(237, 1.0)	(238, 0.0)	(239, 0.0)	(240, 0.0)	(241, 0.0)	(242, 0.0)	(243, 0.0)	(244, 0.0)	(245, 0.0)	(246, 0.0)	(247, 0.0)	(248, 1.0)	(249, 0.0)	(250, 0.0)	(251, 12094.0)										
042024-BEL-CBC-T2-1014-OFAV_S95_R2_16S	(200, 2.0)	(202, 0.0)	(204, 0.0)	(206, 0.0)	(208, 2.0)	(210, 2.0)	(212, 2.0)	(214, 1.0)	(216, 4.0)	(218, 0.0)	(220, 5.0)	(222, 1.0)	(224, 1.0)	(226, 1269.0)	(228, 469965.0)	(230, 1306.0)	(232, 49.0)	(234, 25.0)	(236, 31.0)	(238, 8.0)	(240, 3.0)	(242, 0.0)	(244, 0.0)	(246, 3.0)	(248, 155.0)	(250, 4888.0)																							
042024-BEL-CBC-T2-1018-PAST_S15_R2_16S	(208, 2.0)	(209, 0.0)	(210, 0.0)	(211, 7.0)	(212, 2.0)	(213, 0.0)	(214, 1.0)	(215, 5.0)	(216, 4.0)	(217, 0.0)	(218, 0.0)	(219, 0.0)	(220, 2.0)	(221, 2.0)	(222, 4.0)	(223, 2.0)	(224, 3.0)	(225, 5.0)	(226, 6.0)	(227, 11.0)	(228, 582.0)	(229, 144.0)	(230, 7294.0)	(231, 2341366.0)	(232, 11076.0)	(233, 125.0)	(234, 33.0)	(235, 26.0)	(236, 18.0)	(237, 35.0)	(238, 20.0)	(239, 11.0)	(240, 11.0)	(241, 8.0)	(242, 3.0)	(243, 0.0)	(244, 0.0)	(245, 0.0)	(246, 0.0)	(247, 0.0)	(248, 1.0)	(249, 0.0)	(250, 0.0)	(251, 22711.0)					
042024-BEL-CBC-T2-1026-OFAV_S91_R2_16S	(210, 3.0)	(211, 0.0)	(212, 0.0)	(213, 0.0)	(214, 0.0)	(215, 0.0)	(216, 0.0)	(217, 0.0)	(218, 1.0)	(219, 1.0)	(220, 0.0)	(221, 4.0)	(222, 1.0)	(223, 1.0)	(224, 1.0)	(225, 5.0)	(226, 9.0)	(227, 1784.0)	(228, 639258.0)	(229, 4595.0)	(230, 166.0)	(231, 142.0)	(232, 67.0)	(233, 35.0)	(234, 17.0)	(235, 18.0)	(236, 20.0)	(237, 28.0)	(238, 14.0)	(239, 8.0)	(240, 2.0)	(241, 2.0)	(242, 4.0)	(243, 0.0)	(244, 0.0)	(245, 0.0)	(246, 0.0)	(247, 1.0)	(248, 160.0)	(249, 0.0)	(250, 0.0)	(251, 5630.0)							
042024-BEL-CBC-T2-1144-MCAV_S3_R2_16S	(205, 2.0)	(206, 0.0)	(207, 0.0)	(208, 0.0)	(209, 1.0)	(210, 0.0)	(211, 0.0)	(212, 0.0)	(213, 1.0)	(214, 0.0)	(215, 0.0)	(216, 1.0)	(217, 0.0)	(218, 2.0)	(219, 6.0)	(220, 0.0)	(221, 0.0)	(222, 0.0)	(223, 0.0)	(224, 3.0)	(225, 3.0)	(226, 3.0)	(227, 957.0)	(228, 338488.0)	(229, 2241.0)	(230, 159.0)	(231, 264.0)	(232, 30.0)	(233, 7.0)	(234, 19.0)	(235, 3.0)	(236, 7.0)	(237, 4.0)	(238, 3.0)	(239, 5.0)	(240, 4.0)	(241, 4.0)	(242, 0.0)	(243, 0.0)	(244, 0.0)	(245, 0.0)	(246, 0.0)	(247, 3.0)	(248, 1599.0)	(249, 0.0)	(250, 0.0)	(251, 26216.0)		
042024-BEL-CBC-T3-960-OFAV_S4_R2_16S	(216, 1.0)	(217, 0.0)	(218, 0.0)	(219, 0.0)	(220, 0.0)	(221, 0.0)	(222, 1.0)	(223, 0.0)	(224, 0.0)	(225, 0.0)	(226, 0.0)	(227, 71.0)	(228, 20928.0)	(229, 197.0)	(230, 118.0)	(231, 191.0)	(232, 5.0)	(233, 3.0)	(234, 0.0)	(235, 0.0)	(236, 0.0)	(237, 0.0)	(238, 0.0)	(239, 0.0)	(240, 0.0)	(241, 0.0)	(242, 0.0)	(243, 0.0)	(244, 0.0)	(245, 0.0)	(246, 0.0)	(247, 0.0)	(248, 906.0)	(249, 0.0)	(250, 0.0)	(251, 13769.0)													
042024-BEL-CBC-T4-1046-PSTR_S60_R2_16S	(214, 2.0)	(215, 0.0)	(216, 0.0)	(217, 0.0)	(218, 0.0)	(219, 0.0)	(220, 0.0)	(221, 0.0)	(222, 0.0)	(223, 0.0)	(224, 3.0)	(225, 0.0)	(226, 0.0)	(227, 2.0)	(228, 375.0)	(229, 86.0)	(230, 622.0)	(231, 169406.0)	(232, 832.0)	(233, 16.0)	(234, 2.0)	(235, 0.0)	(236, 2.0)	(237, 1.0)	(238, 0.0)	(239, 0.0)	(240, 0.0)	(241, 0.0)	(242, 0.0)	(243, 0.0)	(244, 0.0)	(245, 0.0)	(246, 0.0)	(247, 0.0)	(248, 9.0)	(249, 0.0)	(250, 0.0)	(251, 35405.0)											
042024-BEL-CBC-T4-1047-MCAV_S92_R2_16S	(192, 1.0)	(194, 0.0)	(196, 0.0)	(198, 0.0)	(200, 1.0)	(202, 0.0)	(204, 0.0)	(206, 0.0)	(208, 0.0)	(210, 0.0)	(212, 1.0)	(214, 0.0)	(216, 0.0)	(218, 0.0)	(220, 0.0)	(222, 3.0)	(224, 7.0)	(226, 760.0)	(228, 266167.0)	(230, 237.0)	(232, 36.0)	(234, 18.0)	(236, 7.0)	(238, 2.0)	(240, 4.0)	(242, 1.0)	(244, 0.0)	(246, 0.0)	(248, 98.0)	(250, 2803.0)																			
052022-BEL-CBC-T1-2-SSID_S8_R2_16S	(205, 1.0)	(206, 0.0)	(207, 0.0)	(208, 0.0)	(209, 0.0)	(210, 1.0)	(211, 0.0)	(212, 0.0)	(213, 0.0)	(214, 2.0)	(215, 0.0)	(216, 0.0)	(217, 0.0)	(218, 0.0)	(219, 0.0)	(220, 0.0)	(221, 0.0)	(222, 2.0)	(223, 1.0)	(224, 0.0)	(225, 2.0)	(226, 2.0)	(227, 856.0)	(228, 278323.0)	(229, 2071.0)	(230, 153.0)	(231, 350.0)	(232, 16.0)	(233, 14.0)	(234, 4.0)	(235, 6.0)	(236, 11.0)	(237, 8.0)	(238, 10.0)	(239, 0.0)	(240, 0.0)	(241, 0.0)	(242, 0.0)	(243, 0.0)	(244, 0.0)	(245, 0.0)	(246, 1.0)	(247, 0.0)	(248, 488.0)	(249, 0.0)	(250, 0.0)	(251, 8235.0)		
052022-BEL-CBC-T2-1-SSID_S57_R2_16S	(210, 1.0)	(211, 0.0)	(212, 0.0)	(213, 0.0)	(214, 0.0)	(215, 0.0)	(216, 0.0)	(217, 0.0)	(218, 0.0)	(219, 0.0)	(220, 1.0)	(221, 0.0)	(222, 1.0)	(223, 0.0)	(224, 0.0)	(225, 3.0)	(226, 8.0)	(227, 3.0)	(228, 655.0)	(229, 121.0)	(230, 1735.0)	(231, 546400.0)	(232, 2807.0)	(233, 39.0)	(234, 13.0)	(235, 10.0)	(236, 9.0)	(237, 4.0)	(238, 2.0)	(239, 3.0)	(240, 0.0)	(241, 4.0)	(242, 0.0)	(243, 0.0)	(244, 0.0)	(245, 0.0)	(246, 0.0)	(247, 0.0)	(248, 9.0)	(249, 0.0)	(250, 0.0)	(251, 29741.0)							
052022-BEL-CBC-T2-71-OFAV_S21_R2_16S	(200, 2.0)	(202, 0.0)	(204, 0.0)	(206, 0.0)	(208, 0.0)	(210, 0.0)	(212, 0.0)	(214, 0.0)	(216, 2.0)	(218, 2.0)	(220, 0.0)	(222, 0.0)	(224, 4.0)	(226, 907.0)	(228, 387993.0)	(230, 1210.0)	(232, 39.0)	(234, 12.0)	(236, 14.0)	(238, 8.0)	(240, 3.0)	(242, 0.0)	(244, 0.0)	(246, 0.0)	(248, 1322.0)	(250, 21071.0)																							
052022-BEL-CBC-T2-9-PAST_S23_R2_16S	(200, 2.0)	(202, 0.0)	(204, 0.0)	(206, 2.0)	(208, 0.0)	(210, 1.0)	(212, 1.0)	(214, 1.0)	(216, 4.0)	(218, 2.0)	(220, 1.0)	(222, 1.0)	(224, 7.0)	(226, 1790.0)	(228, 762843.0)	(230, 1538.0)	(232, 60.0)	(234, 24.0)	(236, 15.0)	(238, 7.0)	(240, 2.0)	(242, 0.0)	(244, 0.0)	(246, 0.0)	(248, 781.0)	(250, 17692.0)																							
052022-BEL-CBC-T3-11-PAST_S19_R2_16S	(209, 1.0)	(210, 0.0)	(211, 0.0)	(212, 0.0)	(213, 0.0)	(214, 1.0)	(215, 0.0)	(216, 0.0)	(217, 0.0)	(218, 0.0)	(219, 1.0)	(220, 0.0)	(221, 2.0)	(222, 1.0)	(223, 0.0)	(224, 0.0)	(225, 1.0)	(226, 2.0)	(227, 371.0)	(228, 147725.0)	(229, 814.0)	(230, 99.0)	(231, 146.0)	(232, 4.0)	(233, 2.0)	(234, 2.0)	(235, 2.0)	(236, 2.0)	(237, 1.0)	(238, 2.0)	(239, 0.0)	(240, 1.0)	(241, 4.0)	(242, 0.0)	(243, 0.0)	(244, 0.0)	(245, 0.0)	(246, 0.0)	(247, 0.0)	(248, 1118.0)	(249, 0.0)	(250, 0.0)	(251, 15418.0)						
052022-BEL-CBC-T3-13-MCAV_S5_R2_16S	(182, 4.0)	(184, 0.0)	(186, 0.0)	(188, 0.0)	(190, 0.0)	(192, 3.0)	(194, 0.0)	(196, 0.0)	(198, 0.0)	(200, 0.0)	(202, 0.0)	(204, 0.0)	(206, 0.0)	(208, 0.0)	(210, 0.0)	(212, 0.0)	(214, 1.0)	(216, 0.0)	(218, 1.0)	(220, 3.0)	(222, 0.0)	(224, 5.0)	(226, 829.0)	(228, 250441.0)	(230, 1984.0)	(232, 39.0)	(234, 27.0)	(236, 5.0)	(238, 6.0)	(240, 1.0)	(242, 0.0)	(244, 0.0)	(246, 1.0)	(248, 431.0)	(250, 7668.0)														
052022-BEL-CBC-T3-19-MCAV_S6_R2_16S	(198, 1.0)	(200, 0.0)	(202, 0.0)	(204, 0.0)	(206, 0.0)	(208, 0.0)	(210, 0.0)	(212, 0.0)	(214, 0.0)	(216, 0.0)	(218, 0.0)	(220, 0.0)	(222, 0.0)	(224, 2.0)	(226, 285.0)	(228, 94100.0)	(230, 882.0)	(232, 23.0)	(234, 1.0)	(236, 7.0)	(238, 2.0)	(240, 2.0)	(242, 0.0)	(244, 0.0)	(246, 0.0)	(248, 617.0)	(250, 9585.0)																						
052022-BEL-CBC-T3-66-OFAV_S40_R2_16S	(214, 1.0)	(215, 5.0)	(216, 0.0)	(217, 0.0)	(218, 1.0)	(219, 1.0)	(220, 0.0)	(221, 0.0)	(222, 1.0)	(223, 0.0)	(224, 0.0)	(225, 4.0)	(226, 0.0)	(227, 3.0)	(228, 1141.0)	(229, 8.0)	(230, 1024.0)	(231, 86382.0)	(232, 474.0)	(233, 10.0)	(234, 5.0)	(235, 1.0)	(236, 0.0)	(237, 1.0)	(238, 2.0)	(239, 0.0)	(240, 1.0)	(241, 0.0)	(242, 0.0)	(243, 0.0)	(244, 0.0)	(245, 0.0)	(246, 0.0)	(247, 0.0)	(248, 4.0)	(249, 0.0)	(250, 0.0)	(251, 20358.0)											
052022-BEL-CBC-T3-8-PAST_S17_R2_16S	(208, 1.0)	(209, 0.0)	(210, 0.0)	(211, 0.0)	(212, 0.0)	(213, 0.0)	(214, 0.0)	(215, 0.0)	(216, 0.0)	(217, 0.0)	(218, 0.0)	(219, 3.0)	(220, 0.0)	(221, 0.0)	(222, 0.0)	(223, 0.0)	(224, 0.0)	(225, 0.0)	(226, 0.0)	(227, 280.0)	(228, 105532.0)	(229, 639.0)	(230, 132.0)	(231, 769.0)	(232, 10.0)	(233, 4.0)	(234, 8.0)	(235, 3.0)	(236, 0.0)	(237, 4.0)	(238, 0.0)	(239, 0.0)	(240, 0.0)	(241, 0.0)	(242, 0.0)	(243, 0.0)	(244, 0.0)	(245, 0.0)	(246, 0.0)	(247, 0.0)	(248, 1135.0)	(249, 0.0)	(250, 0.0)	(251, 16256.0)					
062019-BEL-CBC-T1-21-PAST_S16_R2_16S	(228, 180.0)	(229, 1.0)	(230, 257.0)	(231, 28456.0)	(232, 108.0)	(233, 1.0)	(234, 2.0)	(235, 2.0)	(236, 0.0)	(237, 0.0)	(238, 0.0)	(239, 0.0)	(240, 0.0)	(241, 0.0)	(242, 0.0)	(243, 0.0)	(244, 0.0)	(245, 0.0)	(246, 0.0)	(247, 0.0)	(248, 0.0)	(249, 0.0)	(250, 0.0)	(251, 18029.0)																									
062019-BEL-CBC-T1-22-MCAV_S18_R2_16S	(190, 1.0)	(192, 0.0)	(194, 0.0)	(196, 0.0)	(198, 0.0)	(200, 0.0)	(202, 0.0)	(204, 0.0)	(206, 0.0)	(208, 2.0)	(210, 3.0)	(212, 6.0)	(214, 0.0)	(216, 1.0)	(218, 1.0)	(220, 0.0)	(222, 3.0)	(224, 2.0)	(226, 641.0)	(228, 246623.0)	(230, 408.0)	(232, 23.0)	(234, 11.0)	(236, 3.0)	(238, 6.0)	(240, 3.0)	(242, 0.0)	(244, 0.0)	(246, 0.0)	(248, 479.0)	(250, 7903.0)																		
062019-BEL-CBC-T2-18-MCAV_S79_R2_16S	(219, 2.0)	(220, 0.0)	(221, 0.0)	(222, 0.0)	(223, 0.0)	(224, 0.0)	(225, 0.0)	(226, 2.0)	(227, 4.0)	(228, 659.0)	(229, 338.0)	(230, 61836.0)	(231, 1666.0)	(232, 8.0)	(233, 1.0)	(234, 0.0)	(235, 1.0)	(236, 0.0)	(237, 2.0)	(238, 1.0)	(239, 0.0)	(240, 0.0)	(241, 0.0)	(242, 0.0)	(243, 0.0)	(244, 0.0)	(245, 0.0)	(246, 0.0)	(247, 0.0)	(248, 11.0)	(249, 0.0)	(250, 0.0)	(251, 14489.0)																
062019-BEL-CBC-T3-1-MCAV_S48_R2_16S	(218, 2.0)	(219, 0.0)	(220, 0.0)	(221, 0.0)	(222, 1.0)	(223, 0.0)	(224, 0.0)	(225, 0.0)	(226, 0.0)	(227, 0.0)	(228, 153.0)	(229, 946.0)	(230, 294.0)	(231, 66622.0)	(232, 295.0)	(233, 7.0)	(234, 2.0)	(235, 0.0)	(236, 0.0)	(237, 0.0)	(238, 0.0)	(239, 0.0)	(240, 0.0)	(241, 0.0)	(242, 0.0)	(243, 0.0)	(244, 0.0)	(245, 0.0)	(246, 0.0)	(247, 0.0)	(248, 0.0)	(249, 0.0)	(250, 0.0)	(251, 21004.0)															
062024-BEL-CBC-T1-1347-OANN_S65_R2_16S	(224, 2.0)	(225, 3.0)	(226, 0.0)	(227, 1.0)	(228, 752.0)	(229, 539.0)	(230, 119571.0)	(231, 2798.0)	(232, 26.0)	(233, 7.0)	(234, 2.0)	(235, 0.0)	(236, 1.0)	(237, 2.0)	(238, 2.0)	(239, 0.0)	(240, 0.0)	(241, 0.0)	(242, 1.0)	(243, 0.0)	(244, 0.0)	(245, 0.0)	(246, 0.0)	(247, 0.0)	(248, 8.0)	(249, 0.0)	(250, 0.0)	(251, 10717.0)																					
062024-BEL-CBC-T1-1353-MCAV_S86_R2_16S	(208, 2.0)	(209, 2.0)	(210, 0.0)	(211, 0.0)	(212, 1.0)	(213, 2.0)	(214, 2.0)	(215, 1.0)	(216, 6.0)	(217, 4.0)	(218, 1.0)	(219, 1.0)	(220, 4.0)	(221, 4.0)	(222, 2.0)	(223, 3.0)	(224, 2.0)	(225, 4.0)	(226, 12.0)	(227, 2774.0)	(228, 1065920.0)	(229, 7326.0)	(230, 809.0)	(231, 675.0)	(232, 85.0)	(233, 62.0)	(234, 27.0)	(235, 28.0)	(236, 30.0)	(237, 22.0)	(238, 15.0)	(239, 16.0)	(240, 6.0)	(241, 10.0)	(242, 1.0)	(243, 1.0)	(244, 0.0)	(245, 0.0)	(246, 1.0)	(247, 1.0)	(248, 182.0)	(249, 0.0)	(250, 0.0)	(251, 11480.0)					
062024-BEL-CBC-T2-1375-SSID_S33_R2_16S	(198, 1.0)	(200, 0.0)	(202, 0.0)	(204, 0.0)	(206, 0.0)	(208, 2.0)	(210, 10.0)	(212, 6.0)	(214, 11.0)	(216, 31.0)	(218, 16.0)	(220, 21.0)	(222, 40.0)	(224, 24.0)	(226, 53.0)	(228, 3661.0)	(230, 8273390.0)	(232, 47908.0)	(234, 255.0)	(236, 157.0)	(238, 79.0)	(240, 25.0)	(242, 7.0)	(244, 0.0)	(246, 0.0)	(248, 32.0)	(250, 1498731.0)																						
062024-BEL-CBC-T2-1396-MCAV_S49_R2_16S	(200, 1.0)	(202, 0.0)	(204, 0.0)	(206, 0.0)	(208, 0.0)	(210, 0.0)	(212, 4.0)	(214, 0.0)	(216, 0.0)	(218, 0.0)	(220, 2.0)	(222, 8.0)	(224, 2.0)	(226, 4.0)	(228, 415.0)	(230, 901894.0)	(232, 4162.0)	(234, 18.0)	(236, 14.0)	(238, 14.0)	(240, 4.0)	(242, 2.0)	(244, 0.0)	(246, 0.0)	(248, 9.0)	(250, 13724.0)																							
062024-BEL-CBC-T3-1415-MCAV_S50_R2_16S	(210, 1.0)	(211, 0.0)	(212, 0.0)	(213, 0.0)	(214, 0.0)	(215, 0.0)	(216, 0.0)	(217, 0.0)	(218, 0.0)	(219, 0.0)	(220, 1.0)	(221, 2.0)	(222, 0.0)	(223, 0.0)	(224, 0.0)	(225, 0.0)	(226, 0.0)	(227, 0.0)	(228, 165.0)	(229, 51.0)	(230, 733.0)	(231, 178793.0)	(232, 825.0)	(233, 9.0)	(234, 4.0)	(235, 1.0)	(236, 0.0)	(237, 2.0)	(238, 0.0)	(239, 2.0)	(240, 1.0)	(241, 0.0)	(242, 0.0)	(243, 0.0)	(244, 0.0)	(245, 0.0)	(246, 0.0)	(247, 0.0)	(248, 2.0)	(249, 0.0)	(250, 0.0)	(251, 15790.0)							
062024-BEL-CBC-T3-1433-PSTR_S2_R2_16S	(202, 3.0)	(204, 0.0)	(206, 0.0)	(208, 1.0)	(210, 4.0)	(212, 1.0)	(214, 1.0)	(216, 2.0)	(218, 2.0)	(220, 5.0)	(222, 6.0)	(224, 10.0)	(226, 2580.0)	(228, 960588.0)	(230, 827.0)	(232, 114.0)	(234, 42.0)	(236, 33.0)	(238, 14.0)	(240, 3.0)	(242, 0.0)	(244, 0.0)	(246, 1.0)	(248, 495.0)	(250, 13865.0)																								
062024-BEL-CBC-T3-1439-OFAV_S41_R2_16S	(188, 1.0)	(190, 0.0)	(192, 0.0)	(194, 0.0)	(196, 0.0)	(198, 0.0)	(200, 0.0)	(202, 0.0)	(204, 0.0)	(206, 0.0)	(208, 0.0)	(210, 2.0)	(212, 0.0)	(214, 2.0)	(216, 0.0)	(218, 1.0)	(220, 1.0)	(222, 5.0)	(224, 2.0)	(226, 8.0)	(228, 230318.0)	(230, 3578.0)	(232, 28.0)	(234, 4.0)	(236, 10.0)	(238, 4.0)	(240, 0.0)	(242, 0.0)	(244, 0.0)	(246, 0.0)	(248, 2.0)	(250, 13443.0)																	
062024-BEL-CBC-T3-1442-OFAV_S35_R2_16S	(206, 1.0)	(207, 0.0)	(208, 0.0)	(209, 0.0)	(210, 0.0)	(211, 1.0)	(212, 0.0)	(213, 1.0)	(214, 0.0)	(215, 0.0)	(216, 0.0)	(217, 0.0)	(218, 1.0)	(219, 0.0)	(220, 2.0)	(221, 0.0)	(222, 2.0)	(223, 0.0)	(224, 0.0)	(225, 6.0)	(226, 2.0)	(227, 6.0)	(228, 1272.0)	(229, 67.0)	(230, 2306.0)	(231, 559683.0)	(232, 3032.0)	(233, 26.0)	(234, 9.0)	(235, 5.0)	(236, 1.0)	(237, 6.0)	(238, 5.0)	(239, 0.0)	(240, 1.0)	(241, 6.0)	(242, 0.0)	(243, 0.0)	(244, 0.0)	(245, 0.0)	(246, 0.0)	(247, 0.0)	(248, 27.0)	(249, 0.0)	(250, 0.0)	(251, 64132.0)			
082024-BEL-CBC-T1-1479-PAST_S47_R2_16S	(200, 1.0)	(202, 0.0)	(204, 0.0)	(206, 3.0)	(208, 1.0)	(210, 0.0)	(212, 0.0)	(214, 0.0)	(216, 1.0)	(218, 4.0)	(220, 4.0)	(222, 5.0)	(224, 1.0)	(226, 7.0)	(228, 477338.0)	(230, 4973.0)	(232, 56.0)	(234, 13.0)	(236, 18.0)	(238, 10.0)	(240, 1.0)	(242, 1.0)	(244, 0.0)	(246, 0.0)	(248, 4.0)	(250, 12352.0)																							
082024-BEL-CBC-T1-1482-OANN_S36_R2_16S	(166, 1.0)	(168, 0.0)	(170, 0.0)	(172, 0.0)	(174, 0.0)	(176, 0.0)	(178, 0.0)	(180, 0.0)	(182, 0.0)	(184, 0.0)	(186, 0.0)	(188, 0.0)	(190, 0.0)	(192, 0.0)	(194, 0.0)	(196, 0.0)	(198, 0.0)	(200, 0.0)	(202, 0.0)	(204, 0.0)	(206, 0.0)	(208, 0.0)	(210, 0.0)	(212, 0.0)	(214, 0.0)	(216, 4.0)	(218, 0.0)	(220, 0.0)	(222, 0.0)	(224, 0.0)	(226, 3.0)	(228, 2265.0)	(230, 102943.0)	(232, 715.0)	(234, 4.0)	(236, 1.0)	(238, 0.0)	(240, 0.0)	(242, 0.0)	(244, 0.0)	(246, 0.0)	(248, 30.0)	(250, 20958.0)						
082024-BEL-CBC-T2-1510-PAST_S94_R2_16S	(194, 1.0)	(196, 0.0)	(198, 0.0)	(200, 1.0)	(202, 0.0)	(204, 0.0)	(206, 0.0)	(208, 2.0)	(210, 4.0)	(212, 0.0)	(214, 3.0)	(216, 2.0)	(218, 2.0)	(220, 5.0)	(222, 4.0)	(224, 10.0)	(226, 1971.0)	(228, 775869.0)	(230, 589.0)	(232, 87.0)	(234, 52.0)	(236, 37.0)	(238, 17.0)	(240, 13.0)	(242, 0.0)	(244, 0.0)	(246, 1.0)	(248, 217.0)	(250, 8808.0)																				
082024-BEL-CBC-T3-1554-OANN_S14_R2_16S	(214, 3.0)	(215, 0.0)	(216, 0.0)	(217, 1.0)	(218, 0.0)	(219, 1.0)	(220, 5.0)	(221, 0.0)	(222, 2.0)	(223, 2.0)	(224, 2.0)	(225, 3.0)	(226, 2.0)	(227, 4.0)	(228, 344.0)	(229, 68.0)	(230, 2659.0)	(231, 890818.0)	(232, 4614.0)	(233, 58.0)	(234, 13.0)	(235, 9.0)	(236, 7.0)	(237, 11.0)	(238, 11.0)	(239, 4.0)	(240, 2.0)	(241, 3.0)	(242, 1.0)	(243, 1.0)	(244, 0.0)	(245, 0.0)	(246, 0.0)	(247, 0.0)	(248, 0.0)	(249, 0.0)	(250, 0.0)	(251, 30879.0)											
082024-BEL-CBC-T3-1558-MCAV_S34_R2_16S	(190, 1.0)	(192, 0.0)	(194, 3.0)	(196, 0.0)	(198, 0.0)	(200, 0.0)	(202, 0.0)	(204, 0.0)	(206, 0.0)	(208, 0.0)	(210, 2.0)	(212, 0.0)	(214, 0.0)	(216, 0.0)	(218, 0.0)	(220, 2.0)	(222, 4.0)	(224, 0.0)	(226, 9.0)	(228, 1969.0)	(230, 311155.0)	(232, 1386.0)	(234, 18.0)	(236, 8.0)	(238, 4.0)	(240, 2.0)	(242, 0.0)	(244, 0.0)	(246, 0.0)	(248, 5.0)	(250, 18635.0)																		
082024-BEL-CBC-T3-1560-PSTR_S54_R2_16S	(213, 2.0)	(214, 0.0)	(215, 0.0)	(216, 0.0)	(217, 0.0)	(218, 0.0)	(219, 0.0)	(220, 1.0)	(221, 1.0)	(222, 3.0)	(223, 2.0)	(224, 0.0)	(225, 0.0)	(226, 2.0)	(227, 4.0)	(228, 224.0)	(229, 59.0)	(230, 1375.0)	(231, 385819.0)	(232, 1821.0)	(233, 25.0)	(234, 6.0)	(235, 8.0)	(236, 2.0)	(237, 7.0)	(238, 1.0)	(239, 4.0)	(240, 0.0)	(241, 0.0)	(242, 0.0)	(243, 0.0)	(244, 0.0)	(245, 0.0)	(246, 0.0)	(247, 0.0)	(248, 0.0)	(249, 0.0)	(250, 0.0)	(251, 24016.0)										
082024-BEL-CBC-T3-1561-MCAV_S38_R2_16S	(212, 3.0)	(213, 0.0)	(214, 1.0)	(215, 0.0)	(216, 0.0)	(217, 1.0)	(218, 0.0)	(219, 2.0)	(220, 2.0)	(221, 0.0)	(222, 0.0)	(223, 0.0)	(224, 3.0)	(225, 1.0)	(226, 0.0)	(227, 6.0)	(228, 1712.0)	(229, 351.0)	(230, 3683.0)	(231, 381809.0)	(232, 1683.0)	(233, 26.0)	(234, 20.0)	(235, 9.0)	(236, 2.0)	(237, 2.0)	(238, 6.0)	(239, 0.0)	(240, 0.0)	(241, 2.0)	(242, 0.0)	(243, 0.0)	(244, 0.0)	(245, 0.0)	(246, 0.0)	(247, 0.0)	(248, 3.0)	(249, 0.0)	(250, 0.0)	(251, 33511.0)									
082024-BEL-CBC-T3-1562-OFAV_S31_R2_16S	(196, 3.0)	(198, 0.0)	(200, 2.0)	(202, 1.0)	(204, 3.0)	(206, 1.0)	(208, 9.0)	(210, 4.0)	(212, 12.0)	(214, 14.0)	(216, 11.0)	(218, 47.0)	(220, 22.0)	(222, 32.0)	(224, 39.0)	(226, 53.0)	(228, 20427.0)	(230, 6245373.0)	(232, 615.0)	(234, 208.0)	(236, 155.0)	(238, 91.0)	(240, 47.0)	(242, 6.0)	(244, 0.0)	(246, 0.0)	(248, 20.0)	(250, 216674.0)																					
082024-BEL-CBC-T4-1606-PSTR_S25_R2_16S	(212, 3.0)	(213, 4.0)	(214, 0.0)	(215, 1.0)	(216, 1.0)	(217, 3.0)	(218, 1.0)	(219, 1.0)	(220, 2.0)	(221, 1.0)	(222, 0.0)	(223, 3.0)	(224, 0.0)	(225, 1.0)	(226, 5.0)	(227, 7.0)	(228, 893.0)	(229, 1011.0)	(230, 271218.0)	(231, 4708.0)	(232, 36.0)	(233, 5.0)	(234, 6.0)	(235, 2.0)	(236, 0.0)	(237, 4.0)	(238, 1.0)	(239, 2.0)	(240, 0.0)	(241, 1.0)	(242, 0.0)	(243, 0.0)	(244, 0.0)	(245, 0.0)	(246, 0.0)	(247, 0.0)	(248, 11.0)	(249, 0.0)	(250, 0.0)	(251, 41816.0)									
082024-BEL-CBC-T4-1607-PSTR_S90_R2_16S	(196, 5.0)	(198, 0.0)	(200, 0.0)	(202, 0.0)	(204, 0.0)	(206, 0.0)	(208, 0.0)	(210, 0.0)	(212, 0.0)	(214, 0.0)	(216, 0.0)	(218, 0.0)	(220, 1.0)	(222, 0.0)	(224, 0.0)	(226, 180.0)	(228, 61306.0)	(230, 257.0)	(232, 3.0)	(234, 4.0)	(236, 4.0)	(238, 2.0)	(240, 2.0)	(242, 0.0)	(244, 0.0)	(246, 0.0)	(248, 330.0)	(250, 4895.0)																					
082024-BEL-CBC-T4-1609-OFAV_S12_R2_16S	(207, 1.0)	(208, 0.0)	(209, 0.0)	(210, 1.0)	(211, 0.0)	(212, 0.0)	(213, 2.0)	(214, 5.0)	(215, 0.0)	(216, 0.0)	(217, 1.0)	(218, 0.0)	(219, 1.0)	(220, 1.0)	(221, 5.0)	(222, 0.0)	(223, 7.0)	(224, 2.0)	(225, 1.0)	(226, 2.0)	(227, 2.0)	(228, 344.0)	(229, 88.0)	(230, 2562.0)	(231, 965025.0)	(232, 4681.0)	(233, 61.0)	(234, 16.0)	(235, 25.0)	(236, 6.0)	(237, 7.0)	(238, 4.0)	(239, 3.0)	(240, 5.0)	(241, 2.0)	(242, 1.0)	(243, 0.0)	(244, 0.0)	(245, 0.0)	(246, 0.0)	(247, 0.0)	(248, 3.0)	(249, 0.0)	(250, 0.0)	(251, 11272.0)				
092023-BEL-CBC-T1-171-PAST_S42_R2_16S	(215, 1.0)	(216, 1.0)	(217, 0.0)	(218, 3.0)	(219, 0.0)	(220, 0.0)	(221, 2.0)	(222, 0.0)	(223, 0.0)	(224, 0.0)	(225, 3.0)	(226, 1.0)	(227, 4.0)	(228, 1684.0)	(229, 478165.0)	(230, 3603.0)	(231, 285.0)	(232, 38.0)	(233, 23.0)	(234, 10.0)	(235, 12.0)	(236, 3.0)	(237, 3.0)	(238, 1.0)	(239, 2.0)	(240, 0.0)	(241, 2.0)	(242, 0.0)	(243, 0.0)	(244, 0.0)	(245, 0.0)	(246, 0.0)	(247, 0.0)	(248, 0.0)	(249, 0.0)	(250, 0.0)	(251, 11362.0)												
092023-BEL-CBC-T1-175-PAST_S7_R2_16S	(208, 3.0)	(209, 0.0)	(210, 0.0)	(211, 0.0)	(212, 0.0)	(213, 0.0)	(214, 1.0)	(215, 0.0)	(216, 0.0)	(217, 0.0)	(218, 0.0)	(219, 0.0)	(220, 2.0)	(221, 1.0)	(222, 3.0)	(223, 0.0)	(224, 7.0)	(225, 0.0)	(226, 1.0)	(227, 1544.0)	(228, 440379.0)	(229, 3814.0)	(230, 1729.0)	(231, 665.0)	(232, 53.0)	(233, 22.0)	(234, 14.0)	(235, 11.0)	(236, 12.0)	(237, 10.0)	(238, 10.0)	(239, 0.0)	(240, 3.0)	(241, 7.0)	(242, 0.0)	(243, 0.0)	(244, 0.0)	(245, 0.0)	(246, 2.0)	(247, 0.0)	(248, 674.0)	(249, 0.0)	(250, 0.0)	(251, 14929.0)					
092023-BEL-CBC-T2-174-SSID_S46_R2_16S	(207, 2.0)	(208, 0.0)	(209, 1.0)	(210, 0.0)	(211, 0.0)	(212, 0.0)	(213, 0.0)	(214, 0.0)	(215, 0.0)	(216, 0.0)	(217, 1.0)	(218, 0.0)	(219, 0.0)	(220, 0.0)	(221, 0.0)	(222, 1.0)	(223, 1.0)	(224, 0.0)	(225, 2.0)	(226, 2.0)	(227, 1.0)	(228, 1535.0)	(229, 515409.0)	(230, 3680.0)	(231, 403.0)	(232, 32.0)	(233, 27.0)	(234, 12.0)	(235, 8.0)	(236, 5.0)	(237, 5.0)	(238, 10.0)	(239, 1.0)	(240, 7.0)	(241, 0.0)	(242, 0.0)	(243, 0.0)	(244, 0.0)	(245, 0.0)	(246, 0.0)	(247, 0.0)	(248, 3.0)	(249, 0.0)	(250, 0.0)	(251, 13638.0)				
092023-BEL-CBC-T2-181-PAST_S63_R2_16S	(202, 1.0)	(204, 0.0)	(206, 0.0)	(208, 0.0)	(210, 0.0)	(212, 0.0)	(214, 0.0)	(216, 0.0)	(218, 3.0)	(220, 2.0)	(222, 3.0)	(224, 2.0)	(226, 11.0)	(228, 1014.0)	(230, 820275.0)	(232, 3818.0)	(234, 30.0)	(236, 29.0)	(238, 15.0)	(240, 9.0)	(242, 2.0)	(244, 0.0)	(246, 0.0)	(248, 1.0)	(250, 40685.0)																								
092023-BEL-CBC-T2-184-MCAV_S37_R2_16S	(200, 1.0)	(202, 0.0)	(204, 3.0)	(206, 11.0)	(208, 14.0)	(210, 9.0)	(212, 20.0)	(214, 15.0)	(216, 28.0)	(218, 32.0)	(220, 55.0)	(222, 57.0)	(224, 32.0)	(226, 71.0)	(228, 2308.0)	(230, 11107685.0)	(232, 49938.0)	(234, 434.0)	(236, 271.0)	(238, 118.0)	(240, 31.0)	(242, 19.0)	(244, 0.0)	(246, 0.0)	(248, 19.0)	(250, 551155.0)																							
092023-BEL-CBC-T3-171-OFAV_S78_R2_16S	(209, 1.0)	(210, 0.0)	(211, 1.0)	(212, 2.0)	(213, 1.0)	(214, 6.0)	(215, 0.0)	(216, 1.0)	(217, 2.0)	(218, 1.0)	(219, 1.0)	(220, 3.0)	(221, 2.0)	(222, 4.0)	(223, 9.0)	(224, 12.0)	(225, 3.0)	(226, 8.0)	(227, 10.0)	(228, 351.0)	(229, 5858.0)	(230, 2013164.0)	(231, 10383.0)	(232, 134.0)	(233, 51.0)	(234, 25.0)	(235, 34.0)	(236, 27.0)	(237, 34.0)	(238, 11.0)	(239, 19.0)	(240, 6.0)	(241, 12.0)	(242, 1.0)	(243, 0.0)	(244, 0.0)	(245, 0.0)	(246, 0.0)	(247, 0.0)	(248, 11.0)	(249, 0.0)	(250, 0.0)	(251, 24370.0)						
092023-BEL-CBC-T3-173-OFAV_S84_R2_16S	(198, 3.0)	(200, 0.0)	(202, 2.0)	(204, 0.0)	(206, 0.0)	(208, 1.0)	(210, 3.0)	(212, 1.0)	(214, 4.0)	(216, 7.0)	(218, 9.0)	(220, 11.0)	(222, 12.0)	(224, 32.0)	(226, 5308.0)	(228, 2073488.0)	(230, 896.0)	(232, 259.0)	(234, 112.0)	(236, 123.0)	(238, 38.0)	(240, 22.0)	(242, 4.0)	(244, 0.0)	(246, 5.0)	(248, 389.0)	(250, 30071.0)																						
092023-BEL-CBC-T3-178-PAST_S74_R2_16S	(204, 1.0)	(205, 0.0)	(206, 0.0)	(207, 0.0)	(208, 0.0)	(209, 1.0)	(210, 1.0)	(211, 0.0)	(212, 1.0)	(213, 0.0)	(214, 1.0)	(215, 6.0)	(216, 1.0)	(217, 0.0)	(218, 4.0)	(219, 1.0)	(220, 1.0)	(221, 0.0)	(222, 7.0)	(223, 5.0)	(224, 2.0)	(225, 0.0)	(226, 1.0)	(227, 6.0)	(228, 217.0)	(229, 2355.0)	(230, 765715.0)	(231, 4059.0)	(232, 86.0)	(233, 31.0)	(234, 20.0)	(235, 20.0)	(236, 15.0)	(237, 11.0)	(238, 4.0)	(239, 2.0)	(240, 1.0)	(241, 4.0)	(242, 0.0)	(243, 0.0)	(244, 0.0)	(245, 0.0)	(246, 0.0)	(247, 0.0)	(248, 6.0)	(249, 0.0)	(250, 0.0)	(251, 18684.0)	
092023-BEL-CBC-T3-195-PSTR_S66_R2_16S	(228, 352.0)	(229, 257.0)	(230, 45294.0)	(231, 765.0)	(232, 2.0)	(233, 1.0)	(234, 0.0)	(235, 0.0)	(236, 1.0)	(237, 0.0)	(238, 0.0)	(239, 0.0)	(240, 0.0)	(241, 0.0)	(242, 0.0)	(243, 0.0)	(244, 0.0)	(245, 0.0)	(246, 0.0)	(247, 0.0)	(248, 4.0)	(249, 0.0)	(250, 0.0)	(251, 8656.0)																									
092023-BEL-CBC-T4-92-PSTR_S43_R2_16S	(214, 1.0)	(215, 0.0)	(216, 0.0)	(217, 0.0)	(218, 2.0)	(219, 0.0)	(220, 0.0)	(221, 0.0)	(222, 0.0)	(223, 0.0)	(224, 0.0)	(225, 0.0)	(226, 3.0)	(227, 0.0)	(228, 561.0)	(229, 95974.0)	(230, 894.0)	(231, 192.0)	(232, 13.0)	(233, 1.0)	(234, 1.0)	(235, 3.0)	(236, 4.0)	(237, 1.0)	(238, 0.0)	(239, 1.0)	(240, 0.0)	(241, 1.0)	(242, 0.0)	(243, 0.0)	(244, 0.0)	(245, 0.0)	(246, 0.0)	(247, 0.0)	(248, 4.0)	(249, 0.0)	(250, 0.0)	(251, 13393.0)											
092023-BEL-CBC-T4-94-MCAV_S85_R2_16S	(203, 2.0)	(204, 0.0)	(205, 0.0)	(206, 0.0)	(207, 0.0)	(208, 0.0)	(209, 0.0)	(210, 1.0)	(211, 1.0)	(212, 1.0)	(213, 1.0)	(214, 0.0)	(215, 3.0)	(216, 0.0)	(217, 3.0)	(218, 0.0)	(219, 3.0)	(220, 0.0)	(221, 6.0)	(222, 1.0)	(223, 3.0)	(224, 4.0)	(225, 2.0)	(226, 3.0)	(227, 1871.0)	(228, 691905.0)	(229, 4595.0)	(230, 421.0)	(231, 2468.0)	(232, 61.0)	(233, 32.0)	(234, 26.0)	(235, 18.0)	(236, 12.0)	(237, 12.0)	(238, 6.0)	(239, 6.0)	(240, 2.0)	(241, 5.0)	(242, 1.0)	(243, 0.0)	(244, 0.0)	(245, 0.0)	(246, 0.0)	(247, 1.0)	(248, 794.0)	(249, 0.0)	(250, 0.0)	(251, 16902.0)
102019-BEL-CBC-T1-29-PSTR_S22_R2_16S	(213, 1.0)	(214, 0.0)	(215, 1.0)	(216, 0.0)	(217, 1.0)	(218, 0.0)	(219, 0.0)	(220, 1.0)	(221, 0.0)	(222, 1.0)	(223, 0.0)	(224, 5.0)	(225, 3.0)	(226, 3.0)	(227, 1357.0)	(228, 512272.0)	(229, 2774.0)	(230, 346.0)	(231, 256.0)	(232, 28.0)	(233, 14.0)	(234, 10.0)	(235, 3.0)	(236, 8.0)	(237, 12.0)	(238, 2.0)	(239, 2.0)	(240, 5.0)	(241, 3.0)	(242, 0.0)	(243, 0.0)	(244, 0.0)	(245, 0.0)	(246, 0.0)	(247, 2.0)	(248, 318.0)	(249, 0.0)	(250, 0.0)	(251, 7506.0)										
112023-BEL-CBC-T1-276-MCAV_S26_R2_16S	(207, 4.0)	(208, 0.0)	(209, 1.0)	(210, 1.0)	(211, 0.0)	(212, 0.0)	(213, 3.0)	(214, 0.0)	(215, 0.0)	(216, 0.0)	(217, 0.0)	(218, 0.0)	(219, 0.0)	(220, 0.0)	(221, 0.0)	(222, 0.0)	(223, 0.0)	(224, 0.0)	(225, 1.0)	(226, 6.0)	(227, 2.0)	(228, 306.0)	(229, 615.0)	(230, 150485.0)	(231, 1394.0)	(232, 9.0)	(233, 10.0)	(234, 2.0)	(235, 1.0)	(236, 1.0)	(237, 0.0)	(238, 0.0)	(239, 1.0)	(240, 0.0)	(241, 0.0)	(242, 0.0)	(243, 0.0)	(244, 0.0)	(245, 0.0)	(246, 0.0)	(247, 0.0)	(248, 1.0)	(249, 0.0)	(250, 0.0)	(251, 15864.0)				
112023-BEL-CBC-T2-304-OFAV_S72_R2_16S	(212, 3.0)	(213, 0.0)	(214, 0.0)	(215, 2.0)	(216, 0.0)	(217, 0.0)	(218, 1.0)	(219, 1.0)	(220, 1.0)	(221, 2.0)	(222, 1.0)	(223, 1.0)	(224, 5.0)	(225, 2.0)	(226, 6.0)	(227, 10.0)	(228, 334.0)	(229, 2383.0)	(230, 791926.0)	(231, 4608.0)	(232, 79.0)	(233, 44.0)	(234, 6.0)	(235, 9.0)	(236, 13.0)	(237, 6.0)	(238, 2.0)	(239, 3.0)	(240, 4.0)	(241, 8.0)	(242, 0.0)	(243, 0.0)	(244, 0.0)	(245, 0.0)	(246, 0.0)	(247, 0.0)	(248, 10.0)	(249, 0.0)	(250, 0.0)	(251, 20250.0)									
112023-BEL-CBC-T2-307-SSID_S62_R2_16S	(210, 1.0)	(211, 0.0)	(212, 0.0)	(213, 0.0)	(214, 0.0)	(215, 0.0)	(216, 2.0)	(217, 2.0)	(218, 0.0)	(219, 0.0)	(220, 1.0)	(221, 0.0)	(222, 0.0)	(223, 2.0)	(224, 0.0)	(225, 4.0)	(226, 2.0)	(227, 1.0)	(228, 398.0)	(229, 72.0)	(230, 2666.0)	(231, 805186.0)	(232, 4076.0)	(233, 51.0)	(234, 10.0)	(235, 16.0)	(236, 4.0)	(237, 17.0)	(238, 7.0)	(239, 7.0)	(240, 3.0)	(241, 8.0)	(242, 0.0)	(243, 0.0)	(244, 0.0)	(245, 0.0)	(246, 0.0)	(247, 0.0)	(248, 0.0)	(249, 0.0)	(250, 0.0)	(251, 38046.0)							
112023-BEL-CBC-T2-310-MCAV_S55_R2_16S	(212, 1.0)	(213, 0.0)	(214, 0.0)	(215, 3.0)	(216, 0.0)	(217, 0.0)	(218, 1.0)	(219, 3.0)	(220, 2.0)	(221, 0.0)	(222, 0.0)	(223, 5.0)	(224, 0.0)	(225, 1.0)	(226, 0.0)	(227, 6.0)	(228, 453.0)	(229, 113.0)	(230, 2562.0)	(231, 436653.0)	(232, 2008.0)	(233, 43.0)	(234, 14.0)	(235, 10.0)	(236, 4.0)	(237, 0.0)	(238, 0.0)	(239, 1.0)	(240, 1.0)	(241, 1.0)	(242, 0.0)	(243, 0.0)	(244, 0.0)	(245, 0.0)	(246, 0.0)	(247, 0.0)	(248, 2.0)	(249, 0.0)	(250, 0.0)	(251, 25226.0)									
112023-BEL-CBC-T3-352-PAST_S30_R2_16S	(202, 2.0)	(204, 1.0)	(206, 0.0)	(208, 1.0)	(210, 0.0)	(212, 2.0)	(214, 1.0)	(216, 0.0)	(218, 5.0)	(220, 2.0)	(222, 3.0)	(224, 6.0)	(226, 10.0)	(228, 3183.0)	(230, 848727.0)	(232, 58.0)	(234, 26.0)	(236, 34.0)	(238, 1.0)	(240, 2.0)	(242, 0.0)	(244, 0.0)	(246, 0.0)	(248, 7.0)	(250, 41418.0)																								
112023-BEL-CBC-T3-355-PSTR_S10_R2_16S	(218, 1.0)	(219, 0.0)	(220, 0.0)	(221, 0.0)	(222, 0.0)	(223, 1.0)	(224, 0.0)	(225, 0.0)	(226, 0.0)	(227, 2.0)	(228, 207.0)	(229, 63.0)	(230, 451.0)	(231, 86098.0)	(232, 402.0)	(233, 5.0)	(234, 0.0)	(235, 2.0)	(236, 0.0)	(237, 0.0)	(238, 2.0)	(239, 0.0)	(240, 0.0)	(241, 0.0)	(242, 0.0)	(243, 0.0)	(244, 0.0)	(245, 0.0)	(246, 0.0)	(247, 0.0)	(248, 1.0)	(249, 0.0)	(250, 0.0)	(251, 13805.0)															
112023-BEL-CBC-T4-399-MCAV_S9_R2_16S	(214, 2.0)	(215, 0.0)	(216, 0.0)	(217, 0.0)	(218, 0.0)	(219, 0.0)	(220, 0.0)	(221, 1.0)	(222, 2.0)	(223, 0.0)	(224, 1.0)	(225, 0.0)	(226, 0.0)	(227, 3.0)	(228, 458.0)	(229, 95.0)	(230, 841.0)	(231, 243368.0)	(232, 1086.0)	(233, 16.0)	(234, 14.0)	(235, 6.0)	(236, 3.0)	(237, 4.0)	(238, 3.0)	(239, 0.0)	(240, 1.0)	(241, 0.0)	(242, 0.0)	(243, 0.0)	(244, 0.0)	(245, 0.0)	(246, 0.0)	(247, 0.0)	(248, 6.0)	(249, 0.0)	(250, 0.0)	(251, 20549.0)											
112023-BEL-CBC-T4-401-MCAV_S53_R2_16S	(205, 4.0)	(206, 0.0)	(207, 0.0)	(208, 0.0)	(209, 0.0)	(210, 0.0)	(211, 0.0)	(212, 0.0)	(213, 0.0)	(214, 0.0)	(215, 0.0)	(216, 1.0)	(217, 0.0)	(218, 0.0)	(219, 0.0)	(220, 0.0)	(221, 0.0)	(222, 0.0)	(223, 0.0)	(224, 0.0)	(225, 1.0)	(226, 0.0)	(227, 4.0)	(228, 221.0)	(229, 23.0)	(230, 1026.0)	(231, 245551.0)	(232, 1114.0)	(233, 16.0)	(234, 3.0)	(235, 2.0)	(236, 1.0)	(237, 0.0)	(238, 4.0)	(239, 0.0)	(240, 0.0)	(241, 0.0)	(242, 0.0)	(243, 0.0)	(244, 0.0)	(245, 0.0)	(246, 0.0)	(247, 0.0)	(248, 1.0)	(249, 0.0)	(250, 0.0)	(251, 20139.0)		
122022-BEL-CBC-T3-123-PAST_S20_R2_16S	(212, 1.0)	(213, 0.0)	(214, 0.0)	(215, 0.0)	(216, 0.0)	(217, 0.0)	(218, 0.0)	(219, 1.0)	(220, 1.0)	(221, 0.0)	(222, 1.0)	(223, 0.0)	(224, 0.0)	(225, 2.0)	(226, 1.0)	(227, 339.0)	(228, 147287.0)	(229, 870.0)	(230, 89.0)	(231, 173.0)	(232, 12.0)	(233, 2.0)	(234, 5.0)	(235, 1.0)	(236, 0.0)	(237, 4.0)	(238, 0.0)	(239, 0.0)	(240, 1.0)	(241, 0.0)	(242, 1.0)	(243, 0.0)	(244, 0.0)	(245, 0.0)	(246, 0.0)	(247, 0.0)	(248, 1415.0)	(249, 0.0)	(250, 0.0)	(251, 18809.0)									
122022-BEL-CBC-T3-124-PAST_S64_R2_16S	(209, 1.0)	(210, 1.0)	(211, 0.0)	(212, 0.0)	(213, 0.0)	(214, 3.0)	(215, 1.0)	(216, 0.0)	(217, 2.0)	(218, 0.0)	(219, 0.0)	(220, 2.0)	(221, 3.0)	(222, 1.0)	(223, 1.0)	(224, 1.0)	(225, 0.0)	(226, 1.0)	(227, 1.0)	(228, 250.0)	(229, 6.0)	(230, 1490.0)	(231, 441760.0)	(232, 1696.0)	(233, 37.0)	(234, 17.0)	(235, 1.0)	(236, 4.0)	(237, 13.0)	(238, 2.0)	(239, 1.0)	(240, 0.0)	(241, 0.0)	(242, 0.0)	(243, 0.0)	(244, 0.0)	(245, 0.0)	(246, 0.0)	(247, 0.0)	(248, 2.0)	(249, 0.0)	(250, 0.0)	(251, 87004.0)						
122022-BEL-CBC-T3-126-SSID_S77_R2_16S	(213, 4.0)	(214, 1.0)	(215, 0.0)	(216, 0.0)	(217, 0.0)	(218, 0.0)	(219, 4.0)	(220, 1.0)	(221, 3.0)	(222, 0.0)	(223, 5.0)	(224, 1.0)	(225, 0.0)	(226, 0.0)	(227, 4.0)	(228, 286.0)	(229, 1344.0)	(230, 441883.0)	(231, 4297.0)	(232, 30.0)	(233, 14.0)	(234, 8.0)	(235, 6.0)	(236, 1.0)	(237, 6.0)	(238, 7.0)	(239, 3.0)	(240, 0.0)	(241, 0.0)	(242, 0.0)	(243, 0.0)	(244, 0.0)	(245, 0.0)	(246, 0.0)	(247, 0.0)	(248, 7.0)	(249, 0.0)	(250, 0.0)	(251, 18644.0)										
122022-BEL-CBC-T3-127-OFAV_S32_R2_16S	(210, 2.0)	(211, 0.0)	(212, 0.0)	(213, 0.0)	(214, 0.0)	(215, 0.0)	(216, 0.0)	(217, 0.0)	(218, 1.0)	(219, 0.0)	(220, 1.0)	(221, 0.0)	(222, 7.0)	(223, 2.0)	(224, 2.0)	(225, 4.0)	(226, 1.0)	(227, 7.0)	(228, 366.0)	(229, 33.0)	(230, 8448.0)	(231, 831181.0)	(232, 3700.0)	(233, 66.0)	(234, 11.0)	(235, 13.0)	(236, 4.0)	(237, 11.0)	(238, 17.0)	(239, 3.0)	(240, 1.0)	(241, 0.0)	(242, 0.0)	(243, 1.0)	(244, 0.0)	(245, 0.0)	(246, 0.0)	(247, 0.0)	(248, 2.0)	(249, 0.0)	(250, 0.0)	(251, 40525.0)							
122022-BEL-CBC-T3-141-PSTR_S80_R2_16S	(213, 2.0)	(214, 0.0)	(215, 1.0)	(216, 0.0)	(217, 0.0)	(218, 5.0)	(219, 2.0)	(220, 2.0)	(221, 3.0)	(222, 2.0)	(223, 1.0)	(224, 1.0)	(225, 8.0)	(226, 4.0)	(227, 0.0)	(228, 201.0)	(229, 19.0)	(230, 3556.0)	(231, 618068.0)	(232, 2801.0)	(233, 49.0)	(234, 20.0)	(235, 7.0)	(236, 9.0)	(237, 9.0)	(238, 9.0)	(239, 0.0)	(240, 0.0)	(241, 0.0)	(242, 0.0)	(243, 0.0)	(244, 0.0)	(245, 0.0)	(246, 0.0)	(247, 0.0)	(248, 0.0)	(249, 0.0)	(250, 0.0)	(251, 18485.0)										
122022-BEL-CBC-T3-142-MCAV_S24_R2_16S	(227, 12.0)	(228, 1472.0)	(229, 13.0)	(230, 100.0)	(231, 6108.0)	(232, 59.0)	(233, 0.0)	(234, 0.0)	(235, 0.0)	(236, 0.0)	(237, 0.0)	(238, 0.0)	(239, 0.0)	(240, 0.0)	(241, 0.0)	(242, 0.0)	(243, 0.0)	(244, 0.0)	(245, 0.0)	(246, 0.0)	(247, 0.0)	(248, 7.0)	(249, 0.0)	(250, 0.0)	(251, 31258.0)																								
122023-BEL-CBC-T1-507-PAST_S51_R2_16S	(208, 5.0)	(209, 0.0)	(210, 0.0)	(211, 0.0)	(212, 0.0)	(213, 0.0)	(214, 0.0)	(215, 0.0)	(216, 0.0)	(217, 0.0)	(218, 0.0)	(219, 1.0)	(220, 0.0)	(221, 0.0)	(222, 1.0)	(223, 0.0)	(224, 1.0)	(225, 2.0)	(226, 5.0)	(227, 4.0)	(228, 155.0)	(229, 17.0)	(230, 1611.0)	(231, 497132.0)	(232, 1882.0)	(233, 18.0)	(234, 9.0)	(235, 4.0)	(236, 2.0)	(237, 5.0)	(238, 5.0)	(239, 1.0)	(240, 1.0)	(241, 0.0)	(242, 0.0)	(243, 0.0)	(244, 0.0)	(245, 0.0)	(246, 0.0)	(247, 0.0)	(248, 2.0)	(249, 0.0)	(250, 0.0)	(251, 35500.0)					
122023-BEL-CBC-T1-508-SSID_S75_R2_16S	(217, 2.0)	(218, 0.0)	(219, 1.0)	(220, 1.0)	(221, 0.0)	(222, 0.0)	(223, 3.0)	(224, 1.0)	(225, 3.0)	(226, 0.0)	(227, 2.0)	(228, 176.0)	(229, 1284.0)	(230, 398609.0)	(231, 2352.0)	(232, 39.0)	(233, 18.0)	(234, 11.0)	(235, 6.0)	(236, 4.0)	(237, 3.0)	(238, 0.0)	(239, 1.0)	(240, 3.0)	(241, 0.0)	(242, 0.0)	(243, 0.0)	(244, 0.0)	(245, 0.0)	(246, 0.0)	(247, 0.0)	(248, 12.0)	(249, 0.0)	(250, 0.0)	(251, 21950.0)														
122023-BEL-CBC-T2-513-SSID_S45_R2_16S	(211, 2.0)	(212, 0.0)	(213, 0.0)	(214, 0.0)	(215, 0.0)	(216, 0.0)	(217, 0.0)	(218, 0.0)	(219, 0.0)	(220, 0.0)	(221, 1.0)	(222, 1.0)	(223, 0.0)	(224, 0.0)	(225, 0.0)	(226, 0.0)	(227, 0.0)	(228, 787.0)	(229, 109188.0)	(230, 2182.0)	(231, 1251.0)	(232, 13.0)	(233, 3.0)	(234, 1.0)	(235, 2.0)	(236, 1.0)	(237, 1.0)	(238, 2.0)	(239, 0.0)	(240, 0.0)	(241, 2.0)	(242, 0.0)	(243, 0.0)	(244, 0.0)	(245, 0.0)	(246, 0.0)	(247, 0.0)	(248, 4.0)	(249, 0.0)	(250, 0.0)	(251, 17927.0)								
122023-BEL-CBC-T2-515-PAST_S73_R2_16S	(203, 1.0)	(204, 0.0)	(205, 0.0)	(206, 0.0)	(207, 0.0)	(208, 0.0)	(209, 0.0)	(210, 1.0)	(211, 0.0)	(212, 0.0)	(213, 0.0)	(214, 1.0)	(215, 1.0)	(216, 4.0)	(217, 2.0)	(218, 3.0)	(219, 1.0)	(220, 0.0)	(221, 4.0)	(222, 0.0)	(223, 0.0)	(224, 0.0)	(225, 0.0)	(226, 5.0)	(227, 3.0)	(228, 472.0)	(229, 1347.0)	(230, 335361.0)	(231, 4061.0)	(232, 25.0)	(233, 7.0)	(234, 10.0)	(235, 6.0)	(236, 3.0)	(237, 6.0)	(238, 4.0)	(239, 7.0)	(240, 0.0)	(241, 0.0)	(242, 2.0)	(243, 0.0)	(244, 0.0)	(245, 0.0)	(246, 0.0)	(247, 0.0)	(248, 10.0)	(249, 0.0)	(250, 0.0)	(251, 17484.0)
122023-BEL-CBC-T2-518-MCAV_S27_R2_16S	(206, 1.0)	(207, 0.0)	(208, 0.0)	(209, 0.0)	(210, 0.0)	(211, 0.0)	(212, 0.0)	(213, 0.0)	(214, 0.0)	(215, 0.0)	(216, 1.0)	(217, 0.0)	(218, 0.0)	(219, 0.0)	(220, 0.0)	(221, 0.0)	(222, 0.0)	(223, 0.0)	(224, 0.0)	(225, 1.0)	(226, 0.0)	(227, 0.0)	(228, 420.0)	(229, 528.0)	(230, 172289.0)	(231, 1475.0)	(232, 15.0)	(233, 6.0)	(234, 4.0)	(235, 0.0)	(236, 0.0)	(237, 1.0)	(238, 0.0)	(239, 0.0)	(240, 0.0)	(241, 0.0)	(242, 0.0)	(243, 0.0)	(244, 0.0)	(245, 0.0)	(246, 1.0)	(247, 0.0)	(248, 7.0)	(249, 0.0)	(250, 0.0)	(251, 21595.0)			
122023-BEL-CBC-T2-522-MCAV_S88_R2_16S	(204, 3.0)	(205, 0.0)	(206, 3.0)	(207, 0.0)	(208, 0.0)	(209, 0.0)	(210, 0.0)	(211, 0.0)	(212, 0.0)	(213, 0.0)	(214, 0.0)	(215, 0.0)	(216, 0.0)	(217, 1.0)	(218, 0.0)	(219, 4.0)	(220, 1.0)	(221, 1.0)	(222, 0.0)	(223, 4.0)	(224, 1.0)	(225, 2.0)	(226, 7.0)	(227, 2053.0)	(228, 726937.0)	(229, 4895.0)	(230, 359.0)	(231, 569.0)	(232, 57.0)	(233, 55.0)	(234, 23.0)	(235, 13.0)	(236, 9.0)	(237, 18.0)	(238, 11.0)	(239, 7.0)	(240, 0.0)	(241, 2.0)	(242, 6.0)	(243, 0.0)	(244, 0.0)	(245, 0.0)	(246, 0.0)	(247, 0.0)	(248, 1467.0)	(249, 0.0)	(250, 0.0)	(251, 26835.0)	
122023-BEL-CBC-T3-524-OFAV_S39_R2_16S	(10, 1.0)	(15, 0.0)	(20, 0.0)	(25, 0.0)	(30, 0.0)	(35, 0.0)	(40, 0.0)	(45, 0.0)	(50, 0.0)	(55, 0.0)	(60, 0.0)	(65, 0.0)	(70, 0.0)	(75, 0.0)	(80, 0.0)	(85, 0.0)	(90, 0.0)	(95, 0.0)	(100, 0.0)	(105, 0.0)	(110, 0.0)	(115, 0.0)	(120, 0.0)	(125, 0.0)	(130, 0.0)	(135, 0.0)	(140, 0.0)	(145, 0.0)	(150, 0.0)	(155, 0.0)	(160, 0.0)	(165, 0.0)	(170, 0.0)	(175, 0.0)	(180, 0.0)	(185, 0.0)	(190, 0.0)	(195, 0.0)	(200, 0.0)	(205, 1.0)	(210, 2.0)	(215, 6.0)	(220, 11.0)	(225, 4857.0)	(230, 437631.0)	(235, 32.0)	(240, 12.0)	(245, 13.0)	(250, 38872.0)
122023-BEL-CBC-T3-525-PAST_S29_R2_16S	(196, 1.0)	(198, 0.0)	(200, 0.0)	(202, 0.0)	(204, 0.0)	(206, 0.0)	(208, 2.0)	(210, 0.0)	(212, 0.0)	(214, 2.0)	(216, 0.0)	(218, 4.0)	(220, 0.0)	(222, 5.0)	(224, 2.0)	(226, 10.0)	(228, 2331.0)	(230, 591263.0)	(232, 84.0)	(234, 18.0)	(236, 18.0)	(238, 5.0)	(240, 9.0)	(242, 1.0)	(244, 0.0)	(246, 0.0)	(248, 8.0)	(250, 45703.0)																					
122023-BEL-CBC-T3-526-SSID_S11_R2_16S	(221, 1.0)	(222, 0.0)	(223, 0.0)	(224, 0.0)	(225, 3.0)	(226, 1.0)	(227, 2.0)	(228, 237.0)	(229, 19.0)	(230, 619.0)	(231, 162857.0)	(232, 988.0)	(233, 17.0)	(234, 3.0)	(235, 1.0)	(236, 1.0)	(237, 2.0)	(238, 4.0)	(239, 0.0)	(240, 0.0)	(241, 0.0)	(242, 0.0)	(243, 0.0)	(244, 0.0)	(245, 0.0)	(246, 0.0)	(247, 0.0)	(248, 4.0)	(249, 0.0)	(250, 0.0)	(251, 12402.0)																		
122023-BEL-CBC-T3-531-PSTR_S28_R2_16S	(215, 1.0)	(216, 0.0)	(217, 0.0)	(218, 0.0)	(219, 0.0)	(220, 2.0)	(221, 4.0)	(222, 0.0)	(223, 0.0)	(224, 0.0)	(225, 3.0)	(226, 0.0)	(227, 1.0)	(228, 513.0)	(229, 687.0)	(230, 170421.0)	(231, 1654.0)	(232, 7.0)	(233, 0.0)	(234, 2.0)	(235, 2.0)	(236, 0.0)	(237, 1.0)	(238, 0.0)	(239, 0.0)	(240, 0.0)	(241, 4.0)	(242, 0.0)	(243, 0.0)	(244, 0.0)	(245, 0.0)	(246, 0.0)	(247, 0.0)	(248, 12.0)	(249, 0.0)	(250, 0.0)	(251, 29937.0)												
122023-BEL-CBC-T3-532-MCAV_S52_R2_16S	(213, 1.0)	(214, 0.0)	(215, 0.0)	(216, 0.0)	(217, 3.0)	(218, 9.0)	(219, 0.0)	(220, 1.0)	(221, 0.0)	(222, 1.0)	(223, 3.0)	(224, 0.0)	(225, 3.0)	(226, 2.0)	(227, 3.0)	(228, 249.0)	(229, 53.0)	(230, 1556.0)	(231, 522764.0)	(232, 2283.0)	(233, 46.0)	(234, 3.0)	(235, 6.0)	(236, 8.0)	(237, 4.0)	(238, 6.0)	(239, 1.0)	(240, 2.0)	(241, 0.0)	(242, 0.0)	(243, 0.0)	(244, 0.0)	(245, 0.0)	(246, 0.0)	(247, 0.0)	(248, 5.0)	(249, 0.0)	(250, 0.0)	(251, 25711.0)										
122023-BEL-CBC-T4-539-MCAV_S44_R2_16S	(204, 1.0)	(205, 0.0)	(206, 2.0)	(207, 0.0)	(208, 0.0)	(209, 0.0)	(210, 0.0)	(211, 0.0)	(212, 2.0)	(213, 0.0)	(214, 0.0)	(215, 0.0)	(216, 0.0)	(217, 3.0)	(218, 3.0)	(219, 0.0)	(220, 1.0)	(221, 0.0)	(222, 0.0)	(223, 0.0)	(224, 0.0)	(225, 1.0)	(226, 0.0)	(227, 1.0)	(228, 865.0)	(229, 245849.0)	(230, 2146.0)	(231, 206.0)	(232, 16.0)	(233, 5.0)	(234, 1.0)	(235, 8.0)	(236, 3.0)	(237, 4.0)	(238, 0.0)	(239, 1.0)	(240, 0.0)	(241, 0.0)	(242, 0.0)	(243, 0.0)	(244, 0.0)	(245, 0.0)	(246, 0.0)	(247, 0.0)	(248, 3.0)	(249, 0.0)	(250, 0.0)	(251, 15997.0)	
Negative_S96_R2_16S	(227, 3.0)	(228, 1453.0)	(229, 14.0)	(230, 121.0)	(231, 211.0)	(232, 0.0)	(233, 0.0)	(234, 0.0)	(235, 0.0)	(236, 0.0)	(237, 0.0)	(238, 0.0)	(239, 0.0)	(240, 0.0)	(241, 0.0)	(242, 0.0)	(243, 0.0)	(244, 0.0)	(245, 0.0)	(246, 0.0)	(247, 0.0)	(248, 7.0)	(249, 0.0)	(250, 0.0)	(251, 254.0)																								
Undetermined_S0_R2_16S	(40, 1.0)	(45, 0.0)	(50, 0.0)	(55, 0.0)	(60, 0.0)	(65, 0.0)	(70, 0.0)	(75, 0.0)	(80, 0.0)	(85, 0.0)	(90, 0.0)	(95, 0.0)	(100, 0.0)	(105, 0.0)	(110, 0.0)	(115, 0.0)	(120, 0.0)	(125, 0.0)	(130, 0.0)	(135, 0.0)	(140, 0.0)	(145, 0.0)	(150, 0.0)	(155, 0.0)	(160, 0.0)	(165, 0.0)	(170, 0.0)	(175, 0.0)	(180, 1.0)	(185, 0.0)	(190, 0.0)	(195, 0.0)	(200, 1.0)	(205, 1.0)	(210, 3.0)	(215, 11.0)	(220, 14.0)	(225, 536807.0)	(230, 846250.0)	(235, 92.0)	(240, 7703.0)	(245, 891852.0)	(250, 978776.0)						
