Sample	0	1	2	3	4	5	6	7	8	9	10	11	12	13	14	15	16	17	18	19	20	21	22	23	24	25	26	27	28	29	30	31	32	33	34	35	36	37	38	39	40	41	42	43	44	45	46	47	48
012024-BEL-CBC-T2-597-PAST_S54_R2_16S	(202, 1.0)	(204, 2.0)	(206, 1.0)	(208, 0.0)	(210, 2.0)	(212, 2.0)	(214, 0.0)	(216, 4.0)	(218, 5.0)	(220, 4.0)	(222, 4.0)	(224, 11.0)	(226, 15.0)	(228, 850115.0)	(230, 6478.0)	(232, 78.0)	(234, 25.0)	(236, 14.0)	(238, 6.0)	(240, 4.0)	(242, 0.0)	(244, 1.0)	(246, 1.0)	(248, 7.0)	(250, 66454.0)																								
012024-BEL-CBC-T3-640-MCAV_S56_R2_16S	(204, 2.0)	(205, 0.0)	(206, 1.0)	(207, 0.0)	(208, 0.0)	(209, 1.0)	(210, 2.0)	(211, 0.0)	(212, 1.0)	(213, 1.0)	(214, 2.0)	(215, 2.0)	(216, 2.0)	(217, 0.0)	(218, 2.0)	(219, 5.0)	(220, 2.0)	(221, 4.0)	(222, 0.0)	(223, 0.0)	(224, 4.0)	(225, 5.0)	(226, 1.0)	(227, 6.0)	(228, 2175.0)	(229, 927005.0)	(230, 7717.0)	(231, 719.0)	(232, 59.0)	(233, 36.0)	(234, 24.0)	(235, 8.0)	(236, 12.0)	(237, 19.0)	(238, 10.0)	(239, 7.0)	(240, 5.0)	(241, 0.0)	(242, 0.0)	(243, 1.0)	(244, 0.0)	(245, 0.0)	(246, 0.0)	(247, 0.0)	(248, 2.0)	(249, 0.0)	(250, 0.0)	(251, 27798.0)	
022024-BEL-CBC-T1-773-SSID_S63_R2_16S	(204, 1.0)	(205, 0.0)	(206, 0.0)	(207, 0.0)	(208, 0.0)	(209, 1.0)	(210, 0.0)	(211, 0.0)	(212, 2.0)	(213, 1.0)	(214, 2.0)	(215, 2.0)	(216, 3.0)	(217, 0.0)	(218, 1.0)	(219, 4.0)	(220, 0.0)	(221, 3.0)	(222, 3.0)	(223, 4.0)	(224, 1.0)	(225, 0.0)	(226, 3.0)	(227, 3.0)	(228, 424.0)	(229, 8936.0)	(230, 768015.0)	(231, 4517.0)	(232, 45.0)	(233, 19.0)	(234, 12.0)	(235, 7.0)	(236, 8.0)	(237, 6.0)	(238, 6.0)	(239, 3.0)	(240, 1.0)	(241, 0.0)	(242, 0.0)	(243, 0.0)	(244, 0.0)	(245, 0.0)	(246, 0.0)	(247, 0.0)	(248, 11.0)	(249, 0.0)	(250, 0.0)	(251, 98786.0)	
022024-BEL-CBC-T3-845-SSID_S70_R2_16S	(208, 1.0)	(209, 1.0)	(210, 0.0)	(211, 1.0)	(212, 3.0)	(213, 0.0)	(214, 0.0)	(215, 1.0)	(216, 0.0)	(217, 2.0)	(218, 2.0)	(219, 2.0)	(220, 2.0)	(221, 0.0)	(222, 5.0)	(223, 3.0)	(224, 4.0)	(225, 3.0)	(226, 9.0)	(227, 2.0)	(228, 617.0)	(229, 3607.0)	(230, 823013.0)	(231, 4240.0)	(232, 56.0)	(233, 14.0)	(234, 11.0)	(235, 15.0)	(236, 5.0)	(237, 2.0)	(238, 0.0)	(239, 0.0)	(240, 3.0)	(241, 0.0)	(242, 0.0)	(243, 1.0)	(244, 0.0)	(245, 0.0)	(246, 0.0)	(247, 0.0)	(248, 13.0)	(249, 0.0)	(250, 0.0)	(251, 104362.0)					
022024-BEL-CBC-T3-846-OFAV_S94_R2_16S	(190, 3.0)	(192, 3.0)	(194, 0.0)	(196, 0.0)	(198, 2.0)	(200, 1.0)	(202, 1.0)	(204, 4.0)	(206, 3.0)	(208, 6.0)	(210, 4.0)	(212, 7.0)	(214, 6.0)	(216, 14.0)	(218, 14.0)	(220, 13.0)	(222, 13.0)	(224, 17.0)	(226, 3604.0)	(228, 1253990.0)	(230, 8297.0)	(232, 158.0)	(234, 50.0)	(236, 51.0)	(238, 23.0)	(240, 12.0)	(242, 4.0)	(244, 0.0)	(246, 2.0)	(248, 8119.0)	(250, 17979.0)																		
022024-BEL-CBC-T3-849-PSTR_S23_R2_16S	(196, 1.0)	(198, 1.0)	(200, 0.0)	(202, 0.0)	(204, 0.0)	(206, 2.0)	(208, 0.0)	(210, 1.0)	(212, 2.0)	(214, 1.0)	(216, 0.0)	(218, 0.0)	(220, 3.0)	(222, 1.0)	(224, 1.0)	(226, 5.0)	(228, 776.0)	(230, 410695.0)	(232, 1666.0)	(234, 18.0)	(236, 7.0)	(238, 6.0)	(240, 1.0)	(242, 0.0)	(244, 0.0)	(246, 0.0)	(248, 2.0)	(250, 41630.0)																					
022024-BEL-CBC-T3-850-MCAV_S43_R2_16S	(196, 1.0)	(198, 0.0)	(200, 0.0)	(202, 0.0)	(204, 4.0)	(206, 0.0)	(208, 1.0)	(210, 5.0)	(212, 2.0)	(214, 2.0)	(216, 3.0)	(218, 3.0)	(220, 4.0)	(222, 6.0)	(224, 8.0)	(226, 11.0)	(228, 736119.0)	(230, 6076.0)	(232, 68.0)	(234, 24.0)	(236, 27.0)	(238, 13.0)	(240, 1.0)	(242, 1.0)	(244, 0.0)	(246, 0.0)	(248, 1.0)	(250, 6773.0)																					
022024-BEL-CBC-T3-853-SSID_S75_R2_16S	(212, 1.0)	(213, 0.0)	(214, 0.0)	(215, 1.0)	(216, 0.0)	(217, 0.0)	(218, 0.0)	(219, 2.0)	(220, 0.0)	(221, 3.0)	(222, 0.0)	(223, 6.0)	(224, 1.0)	(225, 2.0)	(226, 0.0)	(227, 2.0)	(228, 5.0)	(229, 1398.0)	(230, 399567.0)	(231, 1727.0)	(232, 15.0)	(233, 9.0)	(234, 1.0)	(235, 4.0)	(236, 2.0)	(237, 4.0)	(238, 0.0)	(239, 1.0)	(240, 1.0)	(241, 0.0)	(242, 0.0)	(243, 0.0)	(244, 0.0)	(245, 0.0)	(246, 0.0)	(247, 0.0)	(248, 4.0)	(249, 0.0)	(250, 0.0)	(251, 50904.0)									
022024-BEL-CBC-T4-871-PSTR_S91_R2_16S	(196, 1.0)	(198, 1.0)	(200, 0.0)	(202, 0.0)	(204, 4.0)	(206, 1.0)	(208, 3.0)	(210, 6.0)	(212, 4.0)	(214, 3.0)	(216, 2.0)	(218, 7.0)	(220, 2.0)	(222, 6.0)	(224, 9.0)	(226, 20.0)	(228, 7593.0)	(230, 1383035.0)	(232, 91.0)	(234, 25.0)	(236, 24.0)	(238, 7.0)	(240, 6.0)	(242, 0.0)	(244, 0.0)	(246, 0.0)	(248, 25.0)	(250, 62562.0)																					
042024-BEL-CBC-T1-932-SSID_S18_R2_16S	(207, 1.0)	(208, 3.0)	(209, 0.0)	(210, 0.0)	(211, 1.0)	(212, 0.0)	(213, 1.0)	(214, 0.0)	(215, 0.0)	(216, 0.0)	(217, 0.0)	(218, 0.0)	(219, 0.0)	(220, 1.0)	(221, 2.0)	(222, 0.0)	(223, 0.0)	(224, 0.0)	(225, 2.0)	(226, 0.0)	(227, 2.0)	(228, 4.0)	(229, 768.0)	(230, 1676.0)	(231, 396571.0)	(232, 1567.0)	(233, 16.0)	(234, 1.0)	(235, 6.0)	(236, 3.0)	(237, 4.0)	(238, 1.0)	(239, 0.0)	(240, 0.0)	(241, 0.0)	(242, 2.0)	(243, 0.0)	(244, 0.0)	(245, 0.0)	(246, 1.0)	(247, 0.0)	(248, 0.0)	(249, 0.0)	(250, 0.0)	(251, 44214.0)				
042024-BEL-CBC-T1-938-SSID_S17_R2_16S	(207, 1.0)	(208, 0.0)	(209, 0.0)	(210, 0.0)	(211, 0.0)	(212, 0.0)	(213, 0.0)	(214, 0.0)	(215, 0.0)	(216, 0.0)	(217, 0.0)	(218, 0.0)	(219, 0.0)	(220, 0.0)	(221, 2.0)	(222, 0.0)	(223, 0.0)	(224, 1.0)	(225, 0.0)	(226, 0.0)	(227, 0.0)	(228, 3.0)	(229, 614.0)	(230, 1580.0)	(231, 244956.0)	(232, 957.0)	(233, 18.0)	(234, 2.0)	(235, 1.0)	(236, 2.0)	(237, 2.0)	(238, 0.0)	(239, 0.0)	(240, 0.0)	(241, 0.0)	(242, 0.0)	(243, 0.0)	(244, 0.0)	(245, 0.0)	(246, 0.0)	(247, 0.0)	(248, 1.0)	(249, 0.0)	(250, 0.0)	(251, 59206.0)				
042024-BEL-CBC-T1-940-SSID_S35_R2_16S	(214, 3.0)	(215, 1.0)	(216, 1.0)	(217, 2.0)	(218, 0.0)	(219, 0.0)	(220, 0.0)	(221, 1.0)	(222, 1.0)	(223, 1.0)	(224, 0.0)	(225, 3.0)	(226, 4.0)	(227, 6.0)	(228, 1363.0)	(229, 550813.0)	(230, 5544.0)	(231, 730.0)	(232, 34.0)	(233, 29.0)	(234, 8.0)	(235, 11.0)	(236, 12.0)	(237, 11.0)	(238, 8.0)	(239, 9.0)	(240, 3.0)	(241, 2.0)	(242, 1.0)	(243, 0.0)	(244, 0.0)	(245, 0.0)	(246, 0.0)	(247, 0.0)	(248, 2.0)	(249, 0.0)	(250, 0.0)	(251, 53826.0)											
042024-BEL-CBC-T2-1030-SSID_S48_R2_16S	(206, 4.0)	(207, 1.0)	(208, 0.0)	(209, 0.0)	(210, 0.0)	(211, 0.0)	(212, 3.0)	(213, 0.0)	(214, 0.0)	(215, 0.0)	(216, 0.0)	(217, 0.0)	(218, 3.0)	(219, 1.0)	(220, 3.0)	(221, 1.0)	(222, 6.0)	(223, 2.0)	(224, 2.0)	(225, 4.0)	(226, 4.0)	(227, 3.0)	(228, 1207.0)	(229, 473628.0)	(230, 4720.0)	(231, 1023.0)	(232, 30.0)	(233, 21.0)	(234, 14.0)	(235, 5.0)	(236, 7.0)	(237, 12.0)	(238, 2.0)	(239, 2.0)	(240, 2.0)	(241, 0.0)	(242, 0.0)	(243, 0.0)	(244, 0.0)	(245, 0.0)	(246, 0.0)	(247, 0.0)	(248, 1.0)	(249, 0.0)	(250, 0.0)	(251, 70882.0)			
042024-BEL-CBC-T3-1011-SSID_S10_R2_16S	(203, 2.0)	(204, 0.0)	(205, 0.0)	(206, 0.0)	(207, 0.0)	(208, 0.0)	(209, 0.0)	(210, 0.0)	(211, 0.0)	(212, 0.0)	(213, 1.0)	(214, 0.0)	(215, 0.0)	(216, 0.0)	(217, 0.0)	(218, 0.0)	(219, 0.0)	(220, 0.0)	(221, 1.0)	(222, 1.0)	(223, 0.0)	(224, 2.0)	(225, 2.0)	(226, 0.0)	(227, 5.0)	(228, 2.0)	(229, 460.0)	(230, 1671.0)	(231, 501378.0)	(232, 1946.0)	(233, 18.0)	(234, 10.0)	(235, 4.0)	(236, 2.0)	(237, 3.0)	(238, 3.0)	(239, 0.0)	(240, 3.0)	(241, 0.0)	(242, 0.0)	(243, 0.0)	(244, 0.0)	(245, 0.0)	(246, 1.0)	(247, 0.0)	(248, 0.0)	(249, 0.0)	(250, 0.0)	(251, 86821.0)
042024-BEL-CBC-T3-1012-SSID_S27_R2_16S	(208, 1.0)	(209, 0.0)	(210, 0.0)	(211, 0.0)	(212, 0.0)	(213, 1.0)	(214, 0.0)	(215, 0.0)	(216, 0.0)	(217, 0.0)	(218, 1.0)	(219, 0.0)	(220, 0.0)	(221, 1.0)	(222, 3.0)	(223, 2.0)	(224, 0.0)	(225, 1.0)	(226, 0.0)	(227, 2.0)	(228, 4.0)	(229, 1569.0)	(230, 1892.0)	(231, 385523.0)	(232, 2854.0)	(233, 8.0)	(234, 5.0)	(235, 5.0)	(236, 0.0)	(237, 5.0)	(238, 2.0)	(239, 1.0)	(240, 2.0)	(241, 1.0)	(242, 0.0)	(243, 0.0)	(244, 0.0)	(245, 0.0)	(246, 1.0)	(247, 0.0)	(248, 0.0)	(249, 0.0)	(250, 0.0)	(251, 52965.0)					
042024-BEL-CBC-T3-1057-SSID_S5_R2_16S	(214, 5.0)	(215, 0.0)	(216, 0.0)	(217, 0.0)	(218, 0.0)	(219, 0.0)	(220, 0.0)	(221, 1.0)	(222, 1.0)	(223, 0.0)	(224, 0.0)	(225, 0.0)	(226, 0.0)	(227, 0.0)	(228, 7.0)	(229, 1393.0)	(230, 1576.0)	(231, 288088.0)	(232, 1114.0)	(233, 13.0)	(234, 0.0)	(235, 0.0)	(236, 0.0)	(237, 1.0)	(238, 1.0)	(239, 0.0)	(240, 0.0)	(241, 0.0)	(242, 0.0)	(243, 0.0)	(244, 0.0)	(245, 0.0)	(246, 0.0)	(247, 0.0)	(248, 0.0)	(249, 0.0)	(250, 0.0)	(251, 111645.0)											
042024-BEL-CBC-T3-942-PAST_S34_R2_16S	(200, 1.0)	(202, 1.0)	(204, 1.0)	(206, 0.0)	(208, 1.0)	(210, 3.0)	(212, 0.0)	(214, 3.0)	(216, 2.0)	(218, 4.0)	(220, 2.0)	(222, 5.0)	(224, 12.0)	(226, 12.0)	(228, 994453.0)	(230, 9176.0)	(232, 108.0)	(234, 38.0)	(236, 14.0)	(238, 15.0)	(240, 10.0)	(242, 0.0)	(244, 0.0)	(246, 0.0)	(248, 2.0)	(250, 35391.0)																							
042024-BEL-CBC-T3-953-MCAV_S41_R2_16S	(206, 1.0)	(207, 0.0)	(208, 0.0)	(209, 0.0)	(210, 0.0)	(211, 0.0)	(212, 0.0)	(213, 0.0)	(214, 0.0)	(215, 0.0)	(216, 1.0)	(217, 0.0)	(218, 0.0)	(219, 2.0)	(220, 2.0)	(221, 2.0)	(222, 2.0)	(223, 1.0)	(224, 0.0)	(225, 1.0)	(226, 4.0)	(227, 4.0)	(228, 933.0)	(229, 434854.0)	(230, 3416.0)	(231, 574.0)	(232, 37.0)	(233, 18.0)	(234, 14.0)	(235, 7.0)	(236, 7.0)	(237, 7.0)	(238, 5.0)	(239, 1.0)	(240, 2.0)	(241, 3.0)	(242, 2.0)	(243, 0.0)	(244, 0.0)	(245, 0.0)	(246, 0.0)	(247, 0.0)	(248, 1.0)	(249, 0.0)	(250, 0.0)	(251, 4938.0)			
052022-BEL-CBC-T1-10-PSTR_S38_R2_16S	(196, 1.0)	(198, 0.0)	(200, 0.0)	(202, 0.0)	(204, 1.0)	(206, 0.0)	(208, 0.0)	(210, 2.0)	(212, 4.0)	(214, 3.0)	(216, 1.0)	(218, 3.0)	(220, 5.0)	(222, 7.0)	(224, 4.0)	(226, 10.0)	(228, 601815.0)	(230, 5691.0)	(232, 69.0)	(234, 11.0)	(236, 11.0)	(238, 4.0)	(240, 2.0)	(242, 0.0)	(244, 0.0)	(246, 0.0)	(248, 8.0)	(250, 55671.0)																					
052022-BEL-CBC-T1-17-SSID_S69_R2_16S	(202, 3.0)	(204, 1.0)	(206, 2.0)	(208, 2.0)	(210, 2.0)	(212, 0.0)	(214, 0.0)	(216, 2.0)	(218, 5.0)	(220, 6.0)	(222, 2.0)	(224, 3.0)	(226, 7.0)	(228, 3746.0)	(230, 857242.0)	(232, 57.0)	(234, 15.0)	(236, 17.0)	(238, 11.0)	(240, 2.0)	(242, 0.0)	(244, 0.0)	(246, 0.0)	(248, 5.0)	(250, 66934.0)																								
052022-BEL-CBC-T1-34-PAST_S40_R2_16S	(188, 1.0)	(190, 0.0)	(192, 0.0)	(194, 0.0)	(196, 0.0)	(198, 0.0)	(200, 2.0)	(202, 1.0)	(204, 0.0)	(206, 0.0)	(208, 0.0)	(210, 2.0)	(212, 1.0)	(214, 0.0)	(216, 0.0)	(218, 5.0)	(220, 3.0)	(222, 1.0)	(224, 0.0)	(226, 4.0)	(228, 373945.0)	(230, 6744.0)	(232, 55.0)	(234, 10.0)	(236, 10.0)	(238, 5.0)	(240, 2.0)	(242, 1.0)	(244, 0.0)	(246, 0.0)	(248, 3.0)	(250, 60610.0)																	
052022-BEL-CBC-T1-4-PSTR_S52_R2_16S	(206, 1.0)	(207, 0.0)	(208, 1.0)	(209, 1.0)	(210, 1.0)	(211, 2.0)	(212, 0.0)	(213, 2.0)	(214, 0.0)	(215, 4.0)	(216, 3.0)	(217, 0.0)	(218, 0.0)	(219, 3.0)	(220, 6.0)	(221, 1.0)	(222, 10.0)	(223, 5.0)	(224, 5.0)	(225, 5.0)	(226, 6.0)	(227, 11.0)	(228, 2420.0)	(229, 1044561.0)	(230, 7497.0)	(231, 589.0)	(232, 70.0)	(233, 30.0)	(234, 30.0)	(235, 10.0)	(236, 12.0)	(237, 19.0)	(238, 8.0)	(239, 3.0)	(240, 1.0)	(241, 2.0)	(242, 0.0)	(243, 0.0)	(244, 0.0)	(245, 0.0)	(246, 0.0)	(247, 0.0)	(248, 2.0)	(249, 0.0)	(250, 0.0)	(251, 71114.0)			
052022-BEL-CBC-T1-61-PAST_S89_R2_16S	(212, 1.0)	(213, 0.0)	(214, 1.0)	(215, 0.0)	(216, 1.0)	(217, 3.0)	(218, 0.0)	(219, 0.0)	(220, 1.0)	(221, 2.0)	(222, 0.0)	(223, 2.0)	(224, 3.0)	(225, 1.0)	(226, 3.0)	(227, 19.0)	(228, 2932.0)	(229, 2186.0)	(230, 470806.0)	(231, 2100.0)	(232, 25.0)	(233, 13.0)	(234, 3.0)	(235, 1.0)	(236, 5.0)	(237, 6.0)	(238, 1.0)	(239, 1.0)	(240, 1.0)	(241, 1.0)	(242, 0.0)	(243, 0.0)	(244, 0.0)	(245, 0.0)	(246, 0.0)	(247, 0.0)	(248, 14.0)	(249, 0.0)	(250, 0.0)	(251, 46855.0)									
052022-BEL-CBC-T2-4-MCAV_S83_R2_16S	(214, 2.0)	(215, 0.0)	(216, 0.0)	(217, 2.0)	(218, 2.0)	(219, 0.0)	(220, 3.0)	(221, 1.0)	(222, 0.0)	(223, 2.0)	(224, 4.0)	(225, 3.0)	(226, 3.0)	(227, 4.0)	(228, 4.0)	(229, 1629.0)	(230, 499236.0)	(231, 2129.0)	(232, 38.0)	(233, 11.0)	(234, 6.0)	(235, 2.0)	(236, 5.0)	(237, 1.0)	(238, 5.0)	(239, 1.0)	(240, 0.0)	(241, 0.0)	(242, 0.0)	(243, 0.0)	(244, 0.0)	(245, 0.0)	(246, 0.0)	(247, 0.0)	(248, 0.0)	(249, 0.0)	(250, 0.0)	(251, 56944.0)											
052022-BEL-CBC-T2-60-PAST_S20_R2_16S	(207, 1.0)	(208, 0.0)	(209, 0.0)	(210, 0.0)	(211, 0.0)	(212, 1.0)	(213, 0.0)	(214, 0.0)	(215, 1.0)	(216, 0.0)	(217, 6.0)	(218, 1.0)	(219, 0.0)	(220, 2.0)	(221, 0.0)	(222, 4.0)	(223, 0.0)	(224, 0.0)	(225, 0.0)	(226, 1.0)	(227, 0.0)	(228, 5.0)	(229, 856.0)	(230, 2064.0)	(231, 380365.0)	(232, 1385.0)	(233, 23.0)	(234, 2.0)	(235, 5.0)	(236, 1.0)	(237, 7.0)	(238, 1.0)	(239, 1.0)	(240, 1.0)	(241, 0.0)	(242, 0.0)	(243, 0.0)	(244, 0.0)	(245, 0.0)	(246, 0.0)	(247, 0.0)	(248, 0.0)	(249, 0.0)	(250, 0.0)	(251, 54858.0)				
052022-BEL-CBC-T2-62-PAST_S12_R2_16S	(207, 1.0)	(208, 0.0)	(209, 2.0)	(210, 0.0)	(211, 1.0)	(212, 1.0)	(213, 0.0)	(214, 0.0)	(215, 1.0)	(216, 2.0)	(217, 3.0)	(218, 0.0)	(219, 0.0)	(220, 1.0)	(221, 0.0)	(222, 0.0)	(223, 0.0)	(224, 1.0)	(225, 0.0)	(226, 3.0)	(227, 4.0)	(228, 11.0)	(229, 504.0)	(230, 2930.0)	(231, 675001.0)	(232, 2570.0)	(233, 28.0)	(234, 8.0)	(235, 5.0)	(236, 4.0)	(237, 15.0)	(238, 3.0)	(239, 1.0)	(240, 1.0)	(241, 0.0)	(242, 0.0)	(243, 0.0)	(244, 0.0)	(245, 0.0)	(246, 1.0)	(247, 0.0)	(248, 0.0)	(249, 0.0)	(250, 0.0)	(251, 58718.0)				
052022-BEL-CBC-T2-72-OFAV_S13_R2_16S	(206, 1.0)	(207, 0.0)	(208, 0.0)	(209, 0.0)	(210, 0.0)	(211, 0.0)	(212, 1.0)	(213, 0.0)	(214, 0.0)	(215, 2.0)	(216, 1.0)	(217, 0.0)	(218, 1.0)	(219, 0.0)	(220, 0.0)	(221, 1.0)	(222, 1.0)	(223, 2.0)	(224, 1.0)	(225, 3.0)	(226, 1.0)	(227, 3.0)	(228, 7.0)	(229, 599.0)	(230, 1714.0)	(231, 570829.0)	(232, 2037.0)	(233, 26.0)	(234, 5.0)	(235, 7.0)	(236, 3.0)	(237, 8.0)	(238, 3.0)	(239, 3.0)	(240, 1.0)	(241, 0.0)	(242, 0.0)	(243, 0.0)	(244, 0.0)	(245, 0.0)	(246, 1.0)	(247, 0.0)	(248, 0.0)	(249, 0.0)	(250, 0.0)	(251, 53361.0)			
052022-BEL-CBC-T3-40-MCAV_S1_R2_16S	(204, 1.0)	(205, 0.0)	(206, 0.0)	(207, 0.0)	(208, 0.0)	(209, 1.0)	(210, 0.0)	(211, 0.0)	(212, 1.0)	(213, 0.0)	(214, 1.0)	(215, 0.0)	(216, 3.0)	(217, 0.0)	(218, 0.0)	(219, 2.0)	(220, 1.0)	(221, 1.0)	(222, 2.0)	(223, 0.0)	(224, 1.0)	(225, 0.0)	(226, 0.0)	(227, 2.0)	(228, 7.0)	(229, 780.0)	(230, 2173.0)	(231, 407251.0)	(232, 1441.0)	(233, 18.0)	(234, 7.0)	(235, 0.0)	(236, 1.0)	(237, 5.0)	(238, 1.0)	(239, 0.0)	(240, 1.0)	(241, 0.0)	(242, 0.0)	(243, 0.0)	(244, 0.0)	(245, 0.0)	(246, 0.0)	(247, 0.0)	(248, 0.0)	(249, 0.0)	(250, 0.0)	(251, 35582.0)	
052022-BEL-CBC-T3-48-MCAV_S7_R2_16S	(212, 2.0)	(213, 1.0)	(214, 1.0)	(215, 1.0)	(216, 2.0)	(217, 0.0)	(218, 0.0)	(219, 0.0)	(220, 3.0)	(221, 0.0)	(222, 7.0)	(223, 2.0)	(224, 0.0)	(225, 1.0)	(226, 1.0)	(227, 0.0)	(228, 419.0)	(229, 637.0)	(230, 3314.0)	(231, 648377.0)	(232, 2398.0)	(233, 27.0)	(234, 6.0)	(235, 7.0)	(236, 4.0)	(237, 11.0)	(238, 3.0)	(239, 2.0)	(240, 3.0)	(241, 2.0)	(242, 0.0)	(243, 0.0)	(244, 0.0)	(245, 0.0)	(246, 0.0)	(247, 0.0)	(248, 6.0)	(249, 0.0)	(250, 0.0)	(251, 82982.0)									
052022-BEL-CBC-T3-49-MCAV_S2_R2_16S	(210, 1.0)	(211, 0.0)	(212, 2.0)	(213, 0.0)	(214, 0.0)	(215, 0.0)	(216, 0.0)	(217, 1.0)	(218, 1.0)	(219, 0.0)	(220, 0.0)	(221, 1.0)	(222, 1.0)	(223, 0.0)	(224, 0.0)	(225, 2.0)	(226, 0.0)	(227, 0.0)	(228, 2.0)	(229, 1043.0)	(230, 1880.0)	(231, 361519.0)	(232, 1316.0)	(233, 13.0)	(234, 7.0)	(235, 2.0)	(236, 2.0)	(237, 4.0)	(238, 1.0)	(239, 1.0)	(240, 2.0)	(241, 0.0)	(242, 0.0)	(243, 0.0)	(244, 0.0)	(245, 0.0)	(246, 0.0)	(247, 0.0)	(248, 0.0)	(249, 0.0)	(250, 0.0)	(251, 51374.0)							
052022-BEL-CBC-T3-51-MCAV_S33_R2_16S	(205, 1.0)	(206, 1.0)	(207, 0.0)	(208, 1.0)	(209, 0.0)	(210, 0.0)	(211, 0.0)	(212, 0.0)	(213, 1.0)	(214, 3.0)	(215, 1.0)	(216, 0.0)	(217, 0.0)	(218, 2.0)	(219, 1.0)	(220, 1.0)	(221, 2.0)	(222, 0.0)	(223, 0.0)	(224, 0.0)	(225, 2.0)	(226, 1.0)	(227, 1.0)	(228, 1197.0)	(229, 482035.0)	(230, 4279.0)	(231, 906.0)	(232, 24.0)	(233, 18.0)	(234, 8.0)	(235, 2.0)	(236, 4.0)	(237, 10.0)	(238, 2.0)	(239, 2.0)	(240, 3.0)	(241, 0.0)	(242, 0.0)	(243, 0.0)	(244, 0.0)	(245, 0.0)	(246, 0.0)	(247, 0.0)	(248, 1.0)	(249, 0.0)	(250, 0.0)	(251, 55175.0)		
052022-BEL-CBC-T3-55-PAST_S88_R2_16S	(194, 1.0)	(196, 0.0)	(198, 0.0)	(200, 0.0)	(202, 0.0)	(204, 0.0)	(206, 0.0)	(208, 2.0)	(210, 3.0)	(212, 5.0)	(214, 3.0)	(216, 1.0)	(218, 3.0)	(220, 12.0)	(222, 5.0)	(224, 1.0)	(226, 15.0)	(228, 3271.0)	(230, 1020178.0)	(232, 59.0)	(234, 23.0)	(236, 12.0)	(238, 2.0)	(240, 1.0)	(242, 0.0)	(244, 0.0)	(246, 0.0)	(248, 5.0)	(250, 121087.0)																				
062019-BEL-CBC-T1-16-MCAV_S78_R2_16S	(202, 1.0)	(204, 3.0)	(206, 1.0)	(208, 4.0)	(210, 1.0)	(212, 2.0)	(214, 1.0)	(216, 2.0)	(218, 0.0)	(220, 2.0)	(222, 1.0)	(224, 5.0)	(226, 2.0)	(228, 2136.0)	(230, 522710.0)	(232, 35.0)	(234, 12.0)	(236, 8.0)	(238, 0.0)	(240, 1.0)	(242, 0.0)	(244, 0.0)	(246, 0.0)	(248, 4.0)	(250, 69656.0)																								
062019-BEL-CBC-T1-17-MCAV_S65_R2_16S	(202, 2.0)	(204, 1.0)	(206, 2.0)	(208, 2.0)	(210, 0.0)	(212, 1.0)	(214, 0.0)	(216, 1.0)	(218, 3.0)	(220, 3.0)	(222, 6.0)	(224, 7.0)	(226, 6.0)	(228, 2836.0)	(230, 774376.0)	(232, 55.0)	(234, 14.0)	(236, 14.0)	(238, 8.0)	(240, 5.0)	(242, 0.0)	(244, 0.0)	(246, 0.0)	(248, 6.0)	(250, 19793.0)																								
062019-BEL-CBC-T2-25-PAST_S79_R2_16S	(214, 3.0)	(215, 0.0)	(216, 0.0)	(217, 0.0)	(218, 1.0)	(219, 0.0)	(220, 0.0)	(221, 0.0)	(222, 2.0)	(223, 4.0)	(224, 2.0)	(225, 1.0)	(226, 0.0)	(227, 1.0)	(228, 127.0)	(229, 1082.0)	(230, 320678.0)	(231, 1503.0)	(232, 17.0)	(233, 8.0)	(234, 4.0)	(235, 4.0)	(236, 4.0)	(237, 0.0)	(238, 2.0)	(239, 1.0)	(240, 0.0)	(241, 0.0)	(242, 0.0)	(243, 0.0)	(244, 0.0)	(245, 0.0)	(246, 0.0)	(247, 0.0)	(248, 2.0)	(249, 0.0)	(250, 0.0)	(251, 67577.0)											
062019-BEL-CBC-T2-26-SSID_S44_R2_16S	(198, 1.0)	(200, 0.0)	(202, 2.0)	(204, 0.0)	(206, 0.0)	(208, 3.0)	(210, 1.0)	(212, 0.0)	(214, 0.0)	(216, 2.0)	(218, 6.0)	(220, 0.0)	(222, 0.0)	(224, 6.0)	(226, 5.0)	(228, 583759.0)	(230, 6014.0)	(232, 49.0)	(234, 21.0)	(236, 18.0)	(238, 1.0)	(240, 2.0)	(242, 1.0)	(244, 0.0)	(246, 0.0)	(248, 0.0)	(250, 64527.0)																						
062019-BEL-CBC-T3-12-PAST_S36_R2_16S	(210, 3.0)	(211, 4.0)	(212, 1.0)	(213, 2.0)	(214, 0.0)	(215, 1.0)	(216, 0.0)	(217, 0.0)	(218, 1.0)	(219, 5.0)	(220, 1.0)	(221, 4.0)	(222, 2.0)	(223, 1.0)	(224, 2.0)	(225, 1.0)	(226, 2.0)	(227, 10.0)	(228, 1387.0)	(229, 553074.0)	(230, 4980.0)	(231, 1486.0)	(232, 42.0)	(233, 22.0)	(234, 9.0)	(235, 7.0)	(236, 2.0)	(237, 8.0)	(238, 2.0)	(239, 3.0)	(240, 1.0)	(241, 2.0)	(242, 0.0)	(243, 0.0)	(244, 0.0)	(245, 0.0)	(246, 0.0)	(247, 0.0)	(248, 2.0)	(249, 0.0)	(250, 0.0)	(251, 77063.0)							
062019-BEL-CBC-T3-15-MCAV_S60_R2_16S	(203, 1.0)	(204, 0.0)	(205, 0.0)	(206, 0.0)	(207, 0.0)	(208, 0.0)	(209, 1.0)	(210, 0.0)	(211, 2.0)	(212, 1.0)	(213, 1.0)	(214, 1.0)	(215, 1.0)	(216, 0.0)	(217, 3.0)	(218, 1.0)	(219, 0.0)	(220, 7.0)	(221, 1.0)	(222, 6.0)	(223, 3.0)	(224, 4.0)	(225, 4.0)	(226, 2.0)	(227, 9.0)	(228, 2012.0)	(229, 863572.0)	(230, 8621.0)	(231, 1165.0)	(232, 50.0)	(233, 33.0)	(234, 21.0)	(235, 12.0)	(236, 11.0)	(237, 11.0)	(238, 9.0)	(239, 3.0)	(240, 4.0)	(241, 3.0)	(242, 0.0)	(243, 0.0)	(244, 0.0)	(245, 0.0)	(246, 0.0)	(247, 0.0)	(248, 1.0)	(249, 0.0)	(250, 0.0)	(251, 90572.0)
062019-BEL-CBC-T3-23-PAST_S26_R2_16S	(210, 2.0)	(211, 0.0)	(212, 0.0)	(213, 0.0)	(214, 0.0)	(215, 1.0)	(216, 0.0)	(217, 1.0)	(218, 0.0)	(219, 0.0)	(220, 1.0)	(221, 0.0)	(222, 3.0)	(223, 0.0)	(224, 0.0)	(225, 0.0)	(226, 0.0)	(227, 1.0)	(228, 8.0)	(229, 1418.0)	(230, 1451.0)	(231, 395436.0)	(232, 1417.0)	(233, 23.0)	(234, 6.0)	(235, 5.0)	(236, 2.0)	(237, 0.0)	(238, 2.0)	(239, 2.0)	(240, 1.0)	(241, 0.0)	(242, 0.0)	(243, 0.0)	(244, 0.0)	(245, 0.0)	(246, 0.0)	(247, 0.0)	(248, 0.0)	(249, 0.0)	(250, 0.0)	(251, 47993.0)							
062019-BEL-CBC-T3-28-SSID_S95_R2_16S	(182, 1.0)	(184, 0.0)	(186, 0.0)	(188, 0.0)	(190, 0.0)	(192, 0.0)	(194, 0.0)	(196, 0.0)	(198, 2.0)	(200, 1.0)	(202, 0.0)	(204, 3.0)	(206, 0.0)	(208, 6.0)	(210, 5.0)	(212, 6.0)	(214, 5.0)	(216, 6.0)	(218, 6.0)	(220, 7.0)	(222, 8.0)	(224, 11.0)	(226, 3257.0)	(228, 1163501.0)	(230, 8601.0)	(232, 92.0)	(234, 50.0)	(236, 37.0)	(238, 23.0)	(240, 11.0)	(242, 4.0)	(244, 0.0)	(246, 14.0)	(248, 9068.0)	(250, 48054.0)														
062019-BEL-CBC-T3-31-PAST_S42_R2_16S	(210, 3.0)	(211, 3.0)	(212, 2.0)	(213, 1.0)	(214, 1.0)	(215, 2.0)	(216, 0.0)	(217, 0.0)	(218, 0.0)	(219, 0.0)	(220, 2.0)	(221, 1.0)	(222, 5.0)	(223, 1.0)	(224, 1.0)	(225, 6.0)	(226, 4.0)	(227, 9.0)	(228, 2037.0)	(229, 810446.0)	(230, 5190.0)	(231, 652.0)	(232, 58.0)	(233, 22.0)	(234, 17.0)	(235, 7.0)	(236, 12.0)	(237, 11.0)	(238, 8.0)	(239, 2.0)	(240, 0.0)	(241, 0.0)	(242, 2.0)	(243, 0.0)	(244, 0.0)	(245, 0.0)	(246, 0.0)	(247, 0.0)	(248, 1.0)	(249, 0.0)	(250, 0.0)	(251, 91977.0)							
062019-BEL-CBC-T3-4-PAST_S22_R2_16S	(200, 1.0)	(202, 0.0)	(204, 0.0)	(206, 0.0)	(208, 1.0)	(210, 0.0)	(212, 1.0)	(214, 1.0)	(216, 1.0)	(218, 2.0)	(220, 1.0)	(222, 4.0)	(224, 5.0)	(226, 3.0)	(228, 1305.0)	(230, 583252.0)	(232, 2320.0)	(234, 16.0)	(236, 16.0)	(238, 8.0)	(240, 1.0)	(242, 0.0)	(244, 0.0)	(246, 0.0)	(248, 2.0)	(250, 47561.0)																							
062019-BEL-CBC-T3-7-PAST_S58_R2_16S	(211, 3.0)	(212, 1.0)	(213, 1.0)	(214, 0.0)	(215, 1.0)	(216, 2.0)	(217, 3.0)	(218, 1.0)	(219, 0.0)	(220, 0.0)	(221, 0.0)	(222, 1.0)	(223, 2.0)	(224, 3.0)	(225, 13.0)	(226, 4.0)	(227, 5.0)	(228, 1869.0)	(229, 668442.0)	(230, 6457.0)	(231, 887.0)	(232, 38.0)	(233, 34.0)	(234, 17.0)	(235, 10.0)	(236, 11.0)	(237, 5.0)	(238, 5.0)	(239, 1.0)	(240, 2.0)	(241, 8.0)	(242, 0.0)	(243, 0.0)	(244, 0.0)	(245, 0.0)	(246, 0.0)	(247, 0.0)	(248, 1.0)	(249, 0.0)	(250, 0.0)	(251, 61044.0)								
062019-BEL-CBC-T3-8-MCAV_S77_R2_16S	(222, 1.0)	(223, 0.0)	(224, 2.0)	(225, 0.0)	(226, 1.0)	(227, 1.0)	(228, 2.0)	(229, 1053.0)	(230, 200772.0)	(231, 985.0)	(232, 6.0)	(233, 8.0)	(234, 3.0)	(235, 5.0)	(236, 2.0)	(237, 2.0)	(238, 1.0)	(239, 0.0)	(240, 0.0)	(241, 0.0)	(242, 0.0)	(243, 0.0)	(244, 0.0)	(245, 0.0)	(246, 0.0)	(247, 0.0)	(248, 2.0)	(249, 0.0)	(250, 0.0)	(251, 53261.0)																			
062019-BEL-CBC-T3-9-MCAV_S80_R2_16S	(194, 1.0)	(196, 0.0)	(198, 0.0)	(200, 0.0)	(202, 2.0)	(204, 1.0)	(206, 0.0)	(208, 2.0)	(210, 1.0)	(212, 4.0)	(214, 2.0)	(216, 2.0)	(218, 10.0)	(220, 1.0)	(222, 4.0)	(224, 6.0)	(226, 5.0)	(228, 2006.0)	(230, 613661.0)	(232, 47.0)	(234, 3.0)	(236, 5.0)	(238, 4.0)	(240, 3.0)	(242, 0.0)	(244, 0.0)	(246, 0.0)	(248, 5.0)	(250, 45585.0)																				
062024-BEL-CBC-T1-1344-SSID_S39_R2_16S	(210, 3.0)	(211, 0.0)	(212, 0.0)	(213, 2.0)	(214, 0.0)	(215, 1.0)	(216, 0.0)	(217, 1.0)	(218, 1.0)	(219, 4.0)	(220, 3.0)	(221, 0.0)	(222, 2.0)	(223, 4.0)	(224, 1.0)	(225, 2.0)	(226, 6.0)	(227, 8.0)	(228, 2572.0)	(229, 752681.0)	(230, 7544.0)	(231, 1489.0)	(232, 78.0)	(233, 25.0)	(234, 6.0)	(235, 8.0)	(236, 9.0)	(237, 2.0)	(238, 5.0)	(239, 4.0)	(240, 6.0)	(241, 5.0)	(242, 0.0)	(243, 1.0)	(244, 0.0)	(245, 0.0)	(246, 0.0)	(247, 1.0)	(248, 1.0)	(249, 0.0)	(250, 0.0)	(251, 101123.0)							
062024-BEL-CBC-T2-1381-SSID_S30_R2_16S	(200, 1.0)	(202, 1.0)	(204, 0.0)	(206, 0.0)	(208, 0.0)	(210, 1.0)	(212, 1.0)	(214, 4.0)	(216, 0.0)	(218, 0.0)	(220, 1.0)	(222, 1.0)	(224, 1.0)	(226, 2.0)	(228, 2665.0)	(230, 387714.0)	(232, 1759.0)	(234, 8.0)	(236, 4.0)	(238, 10.0)	(240, 0.0)	(242, 0.0)	(244, 0.0)	(246, 1.0)	(248, 3.0)	(250, 88173.0)																							
062024-BEL-CBC-T3-1430-PSTR_S62_R2_16S	(202, 1.0)	(204, 4.0)	(206, 2.0)	(208, 1.0)	(210, 3.0)	(212, 0.0)	(214, 0.0)	(216, 2.0)	(218, 2.0)	(220, 4.0)	(222, 4.0)	(224, 1.0)	(226, 12.0)	(228, 546750.0)	(230, 7518.0)	(232, 52.0)	(234, 17.0)	(236, 23.0)	(238, 11.0)	(240, 9.0)	(242, 2.0)	(244, 0.0)	(246, 0.0)	(248, 5.0)	(250, 74569.0)																								
062024-BEL-CBC-T4-1461-OFAV_S72_R2_16S	(202, 1.0)	(204, 1.0)	(206, 1.0)	(208, 5.0)	(210, 2.0)	(212, 5.0)	(214, 2.0)	(216, 5.0)	(218, 1.0)	(220, 9.0)	(222, 9.0)	(224, 13.0)	(226, 6.0)	(228, 4827.0)	(230, 1247724.0)	(232, 123.0)	(234, 25.0)	(236, 18.0)	(238, 21.0)	(240, 8.0)	(242, 1.0)	(244, 0.0)	(246, 0.0)	(248, 3.0)	(250, 17235.0)																								
082024-BEL-CBC-T2-1513-PAST_S53_R2_16S	(198, 1.0)	(200, 0.0)	(202, 1.0)	(204, 0.0)	(206, 3.0)	(208, 1.0)	(210, 3.0)	(212, 0.0)	(214, 1.0)	(216, 1.0)	(218, 10.0)	(220, 4.0)	(222, 6.0)	(224, 8.0)	(226, 16.0)	(228, 980821.0)	(230, 7427.0)	(232, 128.0)	(234, 43.0)	(236, 35.0)	(238, 21.0)	(240, 14.0)	(242, 0.0)	(244, 0.0)	(246, 0.0)	(248, 1.0)	(250, 23505.0)																						
082024-BEL-CBC-T2-1514-MCAV_S71_R2_16S	(200, 1.0)	(202, 0.0)	(204, 2.0)	(206, 1.0)	(208, 5.0)	(210, 0.0)	(212, 7.0)	(214, 5.0)	(216, 2.0)	(218, 4.0)	(220, 9.0)	(222, 8.0)	(224, 4.0)	(226, 12.0)	(228, 3725.0)	(230, 917022.0)	(232, 79.0)	(234, 13.0)	(236, 20.0)	(238, 9.0)	(240, 2.0)	(242, 0.0)	(244, 0.0)	(246, 0.0)	(248, 7.0)	(250, 8559.0)																							
082024-BEL-CBC-T2-1515-MCAV_S25_R2_16S	(212, 2.0)	(213, 0.0)	(214, 0.0)	(215, 0.0)	(216, 3.0)	(217, 0.0)	(218, 0.0)	(219, 1.0)	(220, 2.0)	(221, 0.0)	(222, 1.0)	(223, 1.0)	(224, 1.0)	(225, 0.0)	(226, 3.0)	(227, 0.0)	(228, 8.0)	(229, 1574.0)	(230, 1988.0)	(231, 517908.0)	(232, 2067.0)	(233, 18.0)	(234, 6.0)	(235, 4.0)	(236, 0.0)	(237, 2.0)	(238, 5.0)	(239, 1.0)	(240, 0.0)	(241, 0.0)	(242, 0.0)	(243, 0.0)	(244, 0.0)	(245, 0.0)	(246, 0.0)	(247, 0.0)	(248, 0.0)	(249, 0.0)	(250, 0.0)	(251, 12112.0)									
092023-BEL-CBC-T1-177-PSTR_S50_R2_16S	(204, 1.0)	(205, 0.0)	(206, 0.0)	(207, 1.0)	(208, 1.0)	(209, 1.0)	(210, 0.0)	(211, 0.0)	(212, 0.0)	(213, 2.0)	(214, 2.0)	(215, 0.0)	(216, 1.0)	(217, 2.0)	(218, 2.0)	(219, 2.0)	(220, 2.0)	(221, 2.0)	(222, 2.0)	(223, 2.0)	(224, 5.0)	(225, 4.0)	(226, 5.0)	(227, 5.0)	(228, 1380.0)	(229, 606688.0)	(230, 5252.0)	(231, 387.0)	(232, 46.0)	(233, 24.0)	(234, 13.0)	(235, 12.0)	(236, 5.0)	(237, 10.0)	(238, 4.0)	(239, 3.0)	(240, 4.0)	(241, 1.0)	(242, 1.0)	(243, 0.0)	(244, 0.0)	(245, 0.0)	(246, 0.0)	(247, 0.0)	(248, 1.0)	(249, 0.0)	(250, 0.0)	(251, 10809.0)	
092023-BEL-CBC-T1-190-OANN_S81_R2_16S	(206, 2.0)	(207, 0.0)	(208, 2.0)	(209, 0.0)	(210, 0.0)	(211, 1.0)	(212, 0.0)	(213, 1.0)	(214, 0.0)	(215, 0.0)	(216, 2.0)	(217, 3.0)	(218, 0.0)	(219, 2.0)	(220, 1.0)	(221, 2.0)	(222, 1.0)	(223, 0.0)	(224, 2.0)	(225, 3.0)	(226, 3.0)	(227, 2.0)	(228, 6.0)	(229, 1917.0)	(230, 546514.0)	(231, 2723.0)	(232, 30.0)	(233, 10.0)	(234, 5.0)	(235, 8.0)	(236, 4.0)	(237, 7.0)	(238, 0.0)	(239, 0.0)	(240, 0.0)	(241, 2.0)	(242, 0.0)	(243, 1.0)	(244, 0.0)	(245, 0.0)	(246, 0.0)	(247, 0.0)	(248, 5.0)	(249, 0.0)	(250, 0.0)	(251, 39432.0)			
092023-BEL-CBC-T1-196-SSID_S82_R2_16S	(208, 1.0)	(209, 0.0)	(210, 5.0)	(211, 0.0)	(212, 2.0)	(213, 3.0)	(214, 0.0)	(215, 1.0)	(216, 0.0)	(217, 0.0)	(218, 2.0)	(219, 0.0)	(220, 1.0)	(221, 1.0)	(222, 3.0)	(223, 1.0)	(224, 3.0)	(225, 4.0)	(226, 2.0)	(227, 5.0)	(228, 3.0)	(229, 2200.0)	(230, 566546.0)	(231, 2575.0)	(232, 21.0)	(233, 11.0)	(234, 5.0)	(235, 10.0)	(236, 6.0)	(237, 5.0)	(238, 8.0)	(239, 3.0)	(240, 1.0)	(241, 1.0)	(242, 1.0)	(243, 0.0)	(244, 0.0)	(245, 0.0)	(246, 0.0)	(247, 0.0)	(248, 4.0)	(249, 0.0)	(250, 0.0)	(251, 40508.0)					
092023-BEL-CBC-T2-194-OANN_S4_R2_16S	(205, 2.0)	(206, 0.0)	(207, 1.0)	(208, 0.0)	(209, 0.0)	(210, 0.0)	(211, 2.0)	(212, 0.0)	(213, 2.0)	(214, 1.0)	(215, 0.0)	(216, 0.0)	(217, 0.0)	(218, 1.0)	(219, 0.0)	(220, 0.0)	(221, 1.0)	(222, 3.0)	(223, 2.0)	(224, 1.0)	(225, 1.0)	(226, 0.0)	(227, 0.0)	(228, 7.0)	(229, 945.0)	(230, 2659.0)	(231, 571232.0)	(232, 2206.0)	(233, 19.0)	(234, 11.0)	(235, 7.0)	(236, 4.0)	(237, 1.0)	(238, 3.0)	(239, 2.0)	(240, 0.0)	(241, 0.0)	(242, 0.0)	(243, 0.0)	(244, 0.0)	(245, 0.0)	(246, 1.0)	(247, 0.0)	(248, 0.0)	(249, 0.0)	(250, 0.0)	(251, 42004.0)		
092023-BEL-CBC-T3-184-PAST_S37_R2_16S	(205, 1.0)	(206, 1.0)	(207, 0.0)	(208, 0.0)	(209, 0.0)	(210, 1.0)	(211, 1.0)	(212, 0.0)	(213, 4.0)	(214, 1.0)	(215, 5.0)	(216, 0.0)	(217, 1.0)	(218, 6.0)	(219, 1.0)	(220, 1.0)	(221, 3.0)	(222, 0.0)	(223, 1.0)	(224, 7.0)	(225, 2.0)	(226, 5.0)	(227, 10.0)	(228, 2723.0)	(229, 1028891.0)	(230, 7714.0)	(231, 1110.0)	(232, 68.0)	(233, 42.0)	(234, 26.0)	(235, 15.0)	(236, 20.0)	(237, 17.0)	(238, 6.0)	(239, 7.0)	(240, 4.0)	(241, 9.0)	(242, 0.0)	(243, 0.0)	(244, 0.0)	(245, 0.0)	(246, 0.0)	(247, 0.0)	(248, 1.0)	(249, 0.0)	(250, 0.0)	(251, 24618.0)		
092023-BEL-CBC-T3-198-SSID_S76_R2_16S	(206, 2.0)	(207, 0.0)	(208, 0.0)	(209, 1.0)	(210, 1.0)	(211, 0.0)	(212, 0.0)	(213, 0.0)	(214, 1.0)	(215, 0.0)	(216, 1.0)	(217, 0.0)	(218, 0.0)	(219, 0.0)	(220, 5.0)	(221, 0.0)	(222, 1.0)	(223, 2.0)	(224, 1.0)	(225, 0.0)	(226, 3.0)	(227, 6.0)	(228, 7.0)	(229, 1613.0)	(230, 391696.0)	(231, 2131.0)	(232, 25.0)	(233, 7.0)	(234, 2.0)	(235, 8.0)	(236, 2.0)	(237, 2.0)	(238, 3.0)	(239, 2.0)	(240, 0.0)	(241, 0.0)	(242, 0.0)	(243, 0.0)	(244, 0.0)	(245, 0.0)	(246, 0.0)	(247, 0.0)	(248, 6.0)	(249, 0.0)	(250, 0.0)	(251, 56101.0)			
092023-BEL-CBC-T3-220-SSID_S19_R2_16S	(211, 1.0)	(212, 0.0)	(213, 0.0)	(214, 0.0)	(215, 0.0)	(216, 0.0)	(217, 0.0)	(218, 1.0)	(219, 0.0)	(220, 0.0)	(221, 0.0)	(222, 1.0)	(223, 0.0)	(224, 1.0)	(225, 0.0)	(226, 1.0)	(227, 0.0)	(228, 6.0)	(229, 460.0)	(230, 1845.0)	(231, 371329.0)	(232, 1469.0)	(233, 19.0)	(234, 6.0)	(235, 0.0)	(236, 0.0)	(237, 8.0)	(238, 1.0)	(239, 0.0)	(240, 4.0)	(241, 0.0)	(242, 0.0)	(243, 0.0)	(244, 0.0)	(245, 0.0)	(246, 0.0)	(247, 0.0)	(248, 0.0)	(249, 0.0)	(250, 0.0)	(251, 73960.0)								
092023-BEL-CBC-T3-264-SSID_S59_R2_16S	(204, 1.0)	(205, 1.0)	(206, 0.0)	(207, 2.0)	(208, 1.0)	(209, 1.0)	(210, 2.0)	(211, 3.0)	(212, 0.0)	(213, 1.0)	(214, 0.0)	(215, 0.0)	(216, 0.0)	(217, 1.0)	(218, 2.0)	(219, 1.0)	(220, 1.0)	(221, 0.0)	(222, 1.0)	(223, 2.0)	(224, 2.0)	(225, 3.0)	(226, 5.0)	(227, 5.0)	(228, 1370.0)	(229, 564492.0)	(230, 7589.0)	(231, 655.0)	(232, 47.0)	(233, 34.0)	(234, 9.0)	(235, 8.0)	(236, 2.0)	(237, 7.0)	(238, 7.0)	(239, 3.0)	(240, 7.0)	(241, 0.0)	(242, 0.0)	(243, 1.0)	(244, 0.0)	(245, 0.0)	(246, 0.0)	(247, 0.0)	(248, 6.0)	(249, 0.0)	(250, 0.0)	(251, 87105.0)	
092023-BEL-CBC-T3-90-SSID_S67_R2_16S	(194, 1.0)	(196, 0.0)	(198, 0.0)	(200, 0.0)	(202, 0.0)	(204, 2.0)	(206, 1.0)	(208, 3.0)	(210, 1.0)	(212, 1.0)	(214, 1.0)	(216, 3.0)	(218, 3.0)	(220, 3.0)	(222, 2.0)	(224, 5.0)	(226, 4.0)	(228, 3058.0)	(230, 855501.0)	(232, 54.0)	(234, 13.0)	(236, 13.0)	(238, 8.0)	(240, 3.0)	(242, 1.0)	(244, 0.0)	(246, 0.0)	(248, 3.0)	(250, 55084.0)																				
102019-BEL-CBC-T2-35-PSTR_S46_R2_16S	(204, 1.0)	(205, 0.0)	(206, 0.0)	(207, 0.0)	(208, 0.0)	(209, 0.0)	(210, 0.0)	(211, 0.0)	(212, 1.0)	(213, 5.0)	(214, 1.0)	(215, 0.0)	(216, 0.0)	(217, 1.0)	(218, 3.0)	(219, 1.0)	(220, 2.0)	(221, 1.0)	(222, 3.0)	(223, 4.0)	(224, 4.0)	(225, 4.0)	(226, 7.0)	(227, 6.0)	(228, 2298.0)	(229, 740489.0)	(230, 4799.0)	(231, 720.0)	(232, 48.0)	(233, 53.0)	(234, 13.0)	(235, 5.0)	(236, 5.0)	(237, 13.0)	(238, 9.0)	(239, 3.0)	(240, 7.0)	(241, 2.0)	(242, 0.0)	(243, 0.0)	(244, 0.0)	(245, 0.0)	(246, 0.0)	(247, 0.0)	(248, 9.0)	(249, 0.0)	(250, 0.0)	(251, 37932.0)	
112023-BEL-CBC-T2-309-PAST_S3_R2_16S	(219, 1.0)	(220, 0.0)	(221, 0.0)	(222, 0.0)	(223, 0.0)	(224, 0.0)	(225, 1.0)	(226, 1.0)	(227, 2.0)	(228, 6.0)	(229, 757.0)	(230, 3180.0)	(231, 347455.0)	(232, 1313.0)	(233, 10.0)	(234, 5.0)	(235, 11.0)	(236, 8.0)	(237, 2.0)	(238, 1.0)	(239, 1.0)	(240, 1.0)	(241, 0.0)	(242, 0.0)	(243, 0.0)	(244, 0.0)	(245, 0.0)	(246, 1.0)	(247, 0.0)	(248, 0.0)	(249, 0.0)	(250, 0.0)	(251, 11153.0)																
112023-BEL-CBC-T3-349-PAST_S73_R2_16S	(205, 2.0)	(206, 2.0)	(207, 0.0)	(208, 1.0)	(209, 0.0)	(210, 0.0)	(211, 1.0)	(212, 1.0)	(213, 1.0)	(214, 0.0)	(215, 0.0)	(216, 0.0)	(217, 0.0)	(218, 2.0)	(219, 0.0)	(220, 0.0)	(221, 0.0)	(222, 5.0)	(223, 0.0)	(224, 2.0)	(225, 3.0)	(226, 2.0)	(227, 1.0)	(228, 2.0)	(229, 1486.0)	(230, 466037.0)	(231, 1982.0)	(232, 13.0)	(233, 18.0)	(234, 7.0)	(235, 3.0)	(236, 0.0)	(237, 3.0)	(238, 3.0)	(239, 0.0)	(240, 0.0)	(241, 0.0)	(242, 0.0)	(243, 0.0)	(244, 0.0)	(245, 0.0)	(246, 0.0)	(247, 0.0)	(248, 3.0)	(249, 0.0)	(250, 0.0)	(251, 21206.0)		
112023-BEL-CBC-T3-351-OFAV_S61_R2_16S	(203, 2.0)	(204, 0.0)	(205, 0.0)	(206, 1.0)	(207, 0.0)	(208, 0.0)	(209, 1.0)	(210, 2.0)	(211, 3.0)	(212, 3.0)	(213, 0.0)	(214, 1.0)	(215, 1.0)	(216, 1.0)	(217, 2.0)	(218, 0.0)	(219, 6.0)	(220, 7.0)	(221, 6.0)	(222, 1.0)	(223, 3.0)	(224, 6.0)	(225, 6.0)	(226, 3.0)	(227, 6.0)	(228, 2260.0)	(229, 931595.0)	(230, 8439.0)	(231, 872.0)	(232, 77.0)	(233, 50.0)	(234, 23.0)	(235, 19.0)	(236, 20.0)	(237, 15.0)	(238, 9.0)	(239, 4.0)	(240, 3.0)	(241, 4.0)	(242, 0.0)	(243, 0.0)	(244, 0.0)	(245, 0.0)	(246, 0.0)	(247, 1.0)	(248, 5.0)	(249, 0.0)	(250, 0.0)	(251, 22695.0)
122022-BEL-CBC-T1-122-PSTR_S45_R2_16S	(194, 2.0)	(196, 0.0)	(198, 0.0)	(200, 0.0)	(202, 0.0)	(204, 1.0)	(206, 0.0)	(208, 5.0)	(210, 3.0)	(212, 1.0)	(214, 3.0)	(216, 0.0)	(218, 0.0)	(220, 6.0)	(222, 1.0)	(224, 5.0)	(226, 7.0)	(228, 624503.0)	(230, 4754.0)	(232, 70.0)	(234, 27.0)	(236, 17.0)	(238, 11.0)	(240, 3.0)	(242, 1.0)	(244, 0.0)	(246, 0.0)	(248, 3.0)	(250, 48035.0)																				
122022-BEL-CBC-T1-132-PSTR_S11_R2_16S	(211, 1.0)	(212, 0.0)	(213, 0.0)	(214, 0.0)	(215, 0.0)	(216, 0.0)	(217, 0.0)	(218, 0.0)	(219, 2.0)	(220, 0.0)	(221, 1.0)	(222, 0.0)	(223, 2.0)	(224, 2.0)	(225, 0.0)	(226, 0.0)	(227, 1.0)	(228, 2.0)	(229, 298.0)	(230, 1499.0)	(231, 361162.0)	(232, 1442.0)	(233, 16.0)	(234, 5.0)	(235, 2.0)	(236, 0.0)	(237, 0.0)	(238, 1.0)	(239, 4.0)	(240, 2.0)	(241, 1.0)	(242, 0.0)	(243, 0.0)	(244, 0.0)	(245, 0.0)	(246, 0.0)	(247, 0.0)	(248, 0.0)	(249, 0.0)	(250, 0.0)	(251, 24370.0)								
122022-BEL-CBC-T1-133-PSTR_S32_R2_16S	(207, 1.0)	(208, 1.0)	(209, 1.0)	(210, 0.0)	(211, 0.0)	(212, 2.0)	(213, 0.0)	(214, 2.0)	(215, 0.0)	(216, 0.0)	(217, 2.0)	(218, 0.0)	(219, 1.0)	(220, 3.0)	(221, 3.0)	(222, 0.0)	(223, 2.0)	(224, 2.0)	(225, 2.0)	(226, 6.0)	(227, 6.0)	(228, 1660.0)	(229, 705693.0)	(230, 5365.0)	(231, 10676.0)	(232, 85.0)	(233, 32.0)	(234, 5.0)	(235, 11.0)	(236, 7.0)	(237, 11.0)	(238, 2.0)	(239, 6.0)	(240, 4.0)	(241, 2.0)	(242, 0.0)	(243, 0.0)	(244, 0.0)	(245, 0.0)	(246, 0.0)	(247, 0.0)	(248, 0.0)	(249, 0.0)	(250, 0.0)	(251, 55243.0)				
122022-BEL-CBC-T1-134-PAST_S6_R2_16S	(205, 1.0)	(206, 0.0)	(207, 0.0)	(208, 0.0)	(209, 0.0)	(210, 0.0)	(211, 0.0)	(212, 0.0)	(213, 0.0)	(214, 0.0)	(215, 1.0)	(216, 2.0)	(217, 0.0)	(218, 0.0)	(219, 1.0)	(220, 1.0)	(221, 0.0)	(222, 2.0)	(223, 1.0)	(224, 0.0)	(225, 1.0)	(226, 1.0)	(227, 9.0)	(228, 727.0)	(229, 1053.0)	(230, 2851.0)	(231, 621389.0)	(232, 2235.0)	(233, 26.0)	(234, 8.0)	(235, 5.0)	(236, 2.0)	(237, 3.0)	(238, 1.0)	(239, 2.0)	(240, 5.0)	(241, 2.0)	(242, 0.0)	(243, 0.0)	(244, 0.0)	(245, 0.0)	(246, 1.0)	(247, 0.0)	(248, 1.0)	(249, 0.0)	(250, 0.0)	(251, 98959.0)		
122022-BEL-CBC-T1-144-MCAV_S84_R2_16S	(200, 1.0)	(202, 0.0)	(204, 1.0)	(206, 0.0)	(208, 4.0)	(210, 1.0)	(212, 3.0)	(214, 1.0)	(216, 1.0)	(218, 3.0)	(220, 6.0)	(222, 1.0)	(224, 4.0)	(226, 5.0)	(228, 2415.0)	(230, 653515.0)	(232, 45.0)	(234, 19.0)	(236, 13.0)	(238, 3.0)	(240, 2.0)	(242, 0.0)	(244, 0.0)	(246, 0.0)	(248, 1.0)	(250, 49837.0)																							
122022-BEL-CBC-T1-152-PAST_S15_R2_16S	(198, 1.0)	(200, 1.0)	(202, 0.0)	(204, 0.0)	(206, 1.0)	(208, 0.0)	(210, 2.0)	(212, 2.0)	(214, 0.0)	(216, 1.0)	(218, 0.0)	(220, 0.0)	(222, 1.0)	(224, 2.0)	(226, 1.0)	(228, 470.0)	(230, 408247.0)	(232, 1539.0)	(234, 7.0)	(236, 13.0)	(238, 4.0)	(240, 1.0)	(242, 0.0)	(244, 0.0)	(246, 0.0)	(248, 3.0)	(250, 56052.0)																						
122022-BEL-CBC-T1-155-PAST_S28_R2_16S	(206, 1.0)	(207, 1.0)	(208, 0.0)	(209, 1.0)	(210, 1.0)	(211, 1.0)	(212, 2.0)	(213, 0.0)	(214, 0.0)	(215, 1.0)	(216, 0.0)	(217, 0.0)	(218, 1.0)	(219, 1.0)	(220, 0.0)	(221, 1.0)	(222, 0.0)	(223, 1.0)	(224, 0.0)	(225, 3.0)	(226, 0.0)	(227, 0.0)	(228, 6.0)	(229, 2063.0)	(230, 2092.0)	(231, 425956.0)	(232, 1545.0)	(233, 16.0)	(234, 6.0)	(235, 0.0)	(236, 5.0)	(237, 3.0)	(238, 2.0)	(239, 3.0)	(240, 0.0)	(241, 2.0)	(242, 1.0)	(243, 0.0)	(244, 0.0)	(245, 0.0)	(246, 0.0)	(247, 0.0)	(248, 0.0)	(249, 0.0)	(250, 0.0)	(251, 66883.0)			
122022-BEL-CBC-T2-118-OANN_S24_R2_16S	(206, 2.0)	(207, 2.0)	(208, 2.0)	(209, 0.0)	(210, 2.0)	(211, 0.0)	(212, 1.0)	(213, 3.0)	(214, 0.0)	(215, 5.0)	(216, 1.0)	(217, 1.0)	(218, 3.0)	(219, 1.0)	(220, 0.0)	(221, 0.0)	(222, 2.0)	(223, 1.0)	(224, 0.0)	(225, 3.0)	(226, 0.0)	(227, 0.0)	(228, 19.0)	(229, 776.0)	(230, 3315.0)	(231, 718166.0)	(232, 2731.0)	(233, 37.0)	(234, 11.0)	(235, 1.0)	(236, 2.0)	(237, 9.0)	(238, 7.0)	(239, 4.0)	(240, 2.0)	(241, 0.0)	(242, 0.0)	(243, 0.0)	(244, 0.0)	(245, 0.0)	(246, 0.0)	(247, 0.0)	(248, 0.0)	(249, 0.0)	(250, 0.0)	(251, 156491.0)			
122022-BEL-CBC-T2-85-MCAV_S47_R2_16S	(200, 1.0)	(202, 0.0)	(204, 0.0)	(206, 0.0)	(208, 0.0)	(210, 0.0)	(212, 0.0)	(214, 0.0)	(216, 0.0)	(218, 0.0)	(220, 0.0)	(222, 0.0)	(224, 1.0)	(226, 1.0)	(228, 37349.0)	(230, 2324.0)	(232, 6.0)	(234, 0.0)	(236, 0.0)	(238, 0.0)	(240, 0.0)	(242, 0.0)	(244, 0.0)	(246, 0.0)	(248, 1.0)	(250, 64861.0)																							
122022-BEL-CBC-T2-86-MCAV_S8_R2_16S	(228, 2.0)	(229, 1036.0)	(230, 2382.0)	(231, 97496.0)	(232, 320.0)	(233, 7.0)	(234, 0.0)	(235, 0.0)	(236, 1.0)	(237, 0.0)	(238, 0.0)	(239, 0.0)	(240, 1.0)	(241, 0.0)	(242, 0.0)	(243, 0.0)	(244, 0.0)	(245, 0.0)	(246, 0.0)	(247, 0.0)	(248, 0.0)	(249, 0.0)	(250, 0.0)	(251, 169407.0)																									
122022-BEL-CBC-T2-96-SSID_S49_R2_16S	(203, 1.0)	(204, 0.0)	(205, 0.0)	(206, 0.0)	(207, 0.0)	(208, 1.0)	(209, 0.0)	(210, 0.0)	(211, 1.0)	(212, 1.0)	(213, 2.0)	(214, 0.0)	(215, 0.0)	(216, 0.0)	(217, 0.0)	(218, 1.0)	(219, 0.0)	(220, 1.0)	(221, 3.0)	(222, 2.0)	(223, 0.0)	(224, 2.0)	(225, 1.0)	(226, 1.0)	(227, 1.0)	(228, 934.0)	(229, 377626.0)	(230, 3702.0)	(231, 344.0)	(232, 18.0)	(233, 18.0)	(234, 9.0)	(235, 5.0)	(236, 4.0)	(237, 6.0)	(238, 2.0)	(239, 2.0)	(240, 1.0)	(241, 0.0)	(242, 0.0)	(243, 0.0)	(244, 0.0)	(245, 0.0)	(246, 0.0)	(247, 0.0)	(248, 2.0)	(249, 0.0)	(250, 0.0)	(251, 57374.0)
122022-BEL-CBC-T3-115-PAST_S90_R2_16S	(204, 1.0)	(205, 0.0)	(206, 0.0)	(207, 0.0)	(208, 0.0)	(209, 0.0)	(210, 0.0)	(211, 0.0)	(212, 0.0)	(213, 0.0)	(214, 2.0)	(215, 0.0)	(216, 0.0)	(217, 1.0)	(218, 1.0)	(219, 0.0)	(220, 0.0)	(221, 2.0)	(222, 0.0)	(223, 1.0)	(224, 1.0)	(225, 0.0)	(226, 2.0)	(227, 11.0)	(228, 3351.0)	(229, 1754.0)	(230, 448534.0)	(231, 2082.0)	(232, 23.0)	(233, 9.0)	(234, 2.0)	(235, 3.0)	(236, 1.0)	(237, 3.0)	(238, 5.0)	(239, 2.0)	(240, 4.0)	(241, 0.0)	(242, 0.0)	(243, 0.0)	(244, 0.0)	(245, 0.0)	(246, 0.0)	(247, 0.0)	(248, 18.0)	(249, 0.0)	(250, 0.0)	(251, 66610.0)	
122022-BEL-CBC-T3-119-MCAV_S74_R2_16S	(219, 2.0)	(220, 0.0)	(221, 1.0)	(222, 0.0)	(223, 3.0)	(224, 0.0)	(225, 1.0)	(226, 2.0)	(227, 3.0)	(228, 3.0)	(229, 950.0)	(230, 211187.0)	(231, 1030.0)	(232, 8.0)	(233, 3.0)	(234, 0.0)	(235, 0.0)	(236, 2.0)	(237, 3.0)	(238, 2.0)	(239, 0.0)	(240, 1.0)	(241, 0.0)	(242, 0.0)	(243, 0.0)	(244, 0.0)	(245, 0.0)	(246, 0.0)	(247, 0.0)	(248, 2.0)	(249, 0.0)	(250, 0.0)	(251, 58176.0)																
122022-BEL-CBC-T3-120-SSID_S85_R2_16S	(206, 2.0)	(207, 0.0)	(208, 0.0)	(209, 0.0)	(210, 0.0)	(211, 2.0)	(212, 1.0)	(213, 2.0)	(214, 1.0)	(215, 0.0)	(216, 1.0)	(217, 1.0)	(218, 0.0)	(219, 0.0)	(220, 3.0)	(221, 1.0)	(222, 2.0)	(223, 2.0)	(224, 0.0)	(225, 3.0)	(226, 3.0)	(227, 5.0)	(228, 4.0)	(229, 2379.0)	(230, 614806.0)	(231, 2812.0)	(232, 52.0)	(233, 17.0)	(234, 3.0)	(235, 4.0)	(236, 5.0)	(237, 5.0)	(238, 3.0)	(239, 1.0)	(240, 1.0)	(241, 1.0)	(242, 0.0)	(243, 0.0)	(244, 0.0)	(245, 0.0)	(246, 0.0)	(247, 0.0)	(248, 2.0)	(249, 0.0)	(250, 0.0)	(251, 77299.0)			
122022-BEL-CBC-T3-122-PAST_S51_R2_16S	(215, 1.0)	(216, 0.0)	(217, 0.0)	(218, 1.0)	(219, 1.0)	(220, 0.0)	(221, 0.0)	(222, 5.0)	(223, 0.0)	(224, 1.0)	(225, 0.0)	(226, 4.0)	(227, 4.0)	(228, 1074.0)	(229, 450936.0)	(230, 3760.0)	(231, 274.0)	(232, 23.0)	(233, 20.0)	(234, 8.0)	(235, 4.0)	(236, 6.0)	(237, 2.0)	(238, 2.0)	(239, 1.0)	(240, 1.0)	(241, 1.0)	(242, 0.0)	(243, 0.0)	(244, 0.0)	(245, 0.0)	(246, 0.0)	(247, 0.0)	(248, 0.0)	(249, 0.0)	(250, 0.0)	(251, 47136.0)												
122022-BEL-CBC-T3-128-MCAV_S68_R2_16S	(188, 2.0)	(190, 0.0)	(192, 0.0)	(194, 0.0)	(196, 0.0)	(198, 0.0)	(200, 0.0)	(202, 0.0)	(204, 2.0)	(206, 0.0)	(208, 1.0)	(210, 2.0)	(212, 7.0)	(214, 0.0)	(216, 1.0)	(218, 6.0)	(220, 3.0)	(222, 1.0)	(224, 4.0)	(226, 7.0)	(228, 4037.0)	(230, 920240.0)	(232, 70.0)	(234, 24.0)	(236, 17.0)	(238, 7.0)	(240, 3.0)	(242, 1.0)	(244, 0.0)	(246, 0.0)	(248, 10.0)	(250, 116552.0)																	
122022-BEL-CBC-T3-129-PAST_S16_R2_16S	(198, 2.0)	(200, 0.0)	(202, 0.0)	(204, 0.0)	(206, 1.0)	(208, 0.0)	(210, 2.0)	(212, 2.0)	(214, 3.0)	(216, 0.0)	(218, 0.0)	(220, 3.0)	(222, 0.0)	(224, 0.0)	(226, 1.0)	(228, 495.0)	(230, 422156.0)	(232, 1603.0)	(234, 12.0)	(236, 6.0)	(238, 1.0)	(240, 1.0)	(242, 1.0)	(244, 0.0)	(246, 0.0)	(248, 0.0)	(250, 106292.0)																						
122022-BEL-CBC-T3-132-MCAV_S55_R2_16S	(194, 1.0)	(196, 0.0)	(198, 0.0)	(200, 0.0)	(202, 2.0)	(204, 2.0)	(206, 1.0)	(208, 0.0)	(210, 1.0)	(212, 3.0)	(214, 0.0)	(216, 1.0)	(218, 0.0)	(220, 4.0)	(222, 7.0)	(224, 6.0)	(226, 6.0)	(228, 768171.0)	(230, 6464.0)	(232, 64.0)	(234, 25.0)	(236, 24.0)	(238, 14.0)	(240, 4.0)	(242, 0.0)	(244, 0.0)	(246, 0.0)	(248, 3.0)	(250, 76830.0)																				
122022-BEL-CBC-T3-133-MCAV_S57_R2_16S	(210, 2.0)	(211, 0.0)	(212, 0.0)	(213, 0.0)	(214, 2.0)	(215, 2.0)	(216, 0.0)	(217, 2.0)	(218, 3.0)	(219, 0.0)	(220, 1.0)	(221, 0.0)	(222, 1.0)	(223, 3.0)	(224, 0.0)	(225, 4.0)	(226, 2.0)	(227, 7.0)	(228, 1186.0)	(229, 505399.0)	(230, 5821.0)	(231, 719.0)	(232, 33.0)	(233, 24.0)	(234, 10.0)	(235, 4.0)	(236, 7.0)	(237, 9.0)	(238, 4.0)	(239, 1.0)	(240, 0.0)	(241, 0.0)	(242, 0.0)	(243, 0.0)	(244, 0.0)	(245, 0.0)	(246, 0.0)	(247, 0.0)	(248, 0.0)	(249, 0.0)	(250, 0.0)	(251, 63561.0)							
122022-BEL-CBC-T3-145-MCAV_S93_R2_16S	(205, 1.0)	(206, 1.0)	(207, 2.0)	(208, 0.0)	(209, 0.0)	(210, 0.0)	(211, 2.0)	(212, 0.0)	(213, 1.0)	(214, 2.0)	(215, 0.0)	(216, 2.0)	(217, 0.0)	(218, 0.0)	(219, 1.0)	(220, 0.0)	(221, 2.0)	(222, 0.0)	(223, 0.0)	(224, 0.0)	(225, 2.0)	(226, 3.0)	(227, 8.0)	(228, 3608.0)	(229, 2089.0)	(230, 512186.0)	(231, 2176.0)	(232, 21.0)	(233, 8.0)	(234, 7.0)	(235, 1.0)	(236, 3.0)	(237, 0.0)	(238, 2.0)	(239, 0.0)	(240, 0.0)	(241, 1.0)	(242, 0.0)	(243, 0.0)	(244, 0.0)	(245, 0.0)	(246, 0.0)	(247, 0.0)	(248, 20.0)	(249, 0.0)	(250, 0.0)	(251, 30333.0)		
122022-BEL-CBC-T3-147-OFAV_S92_R2_16S	(200, 1.0)	(202, 0.0)	(204, 0.0)	(206, 1.0)	(208, 1.0)	(210, 4.0)	(212, 6.0)	(214, 3.0)	(216, 2.0)	(218, 5.0)	(220, 4.0)	(222, 7.0)	(224, 8.0)	(226, 21.0)	(228, 8123.0)	(230, 1283672.0)	(232, 113.0)	(234, 26.0)	(236, 19.0)	(238, 12.0)	(240, 10.0)	(242, 0.0)	(244, 0.0)	(246, 0.0)	(248, 22.0)	(250, 31263.0)																							
122022-BEL-CBC-T4-10-OFAV_S64_R2_16S	(196, 1.0)	(198, 2.0)	(200, 0.0)	(202, 1.0)	(204, 0.0)	(206, 2.0)	(208, 2.0)	(210, 5.0)	(212, 6.0)	(214, 6.0)	(216, 4.0)	(218, 5.0)	(220, 15.0)	(222, 7.0)	(224, 7.0)	(226, 7.0)	(228, 10752.0)	(230, 1326369.0)	(232, 126.0)	(234, 18.0)	(236, 15.0)	(238, 8.0)	(240, 1.0)	(242, 0.0)	(244, 0.0)	(246, 1.0)	(248, 2.0)	(250, 160039.0)																					
122022-BEL-CBC-T4-36-PSTR_S86_R2_16S	(209, 1.0)	(210, 1.0)	(211, 2.0)	(212, 1.0)	(213, 1.0)	(214, 0.0)	(215, 1.0)	(216, 0.0)	(217, 0.0)	(218, 1.0)	(219, 4.0)	(220, 1.0)	(221, 3.0)	(222, 3.0)	(223, 3.0)	(224, 2.0)	(225, 0.0)	(226, 7.0)	(227, 1.0)	(228, 399.0)	(229, 2565.0)	(230, 750551.0)	(231, 3466.0)	(232, 47.0)	(233, 22.0)	(234, 12.0)	(235, 6.0)	(236, 8.0)	(237, 4.0)	(238, 5.0)	(239, 2.0)	(240, 0.0)	(241, 1.0)	(242, 0.0)	(243, 0.0)	(244, 0.0)	(245, 0.0)	(246, 0.0)	(247, 0.0)	(248, 6.0)	(249, 0.0)	(250, 0.0)	(251, 25341.0)						
122022-BEL-CBC-T4-38-MCAV_S66_R2_16S	(190, 1.0)	(192, 0.0)	(194, 0.0)	(196, 0.0)	(198, 0.0)	(200, 0.0)	(202, 1.0)	(204, 1.0)	(206, 0.0)	(208, 1.0)	(210, 1.0)	(212, 2.0)	(214, 4.0)	(216, 2.0)	(218, 3.0)	(220, 1.0)	(222, 4.0)	(224, 3.0)	(226, 10.0)	(228, 3577.0)	(230, 885865.0)	(232, 49.0)	(234, 25.0)	(236, 10.0)	(238, 3.0)	(240, 3.0)	(242, 0.0)	(244, 0.0)	(246, 0.0)	(248, 10.0)	(250, 98081.0)																		
122022-BEL-CBC-T4-5-MCAV_S21_R2_16S	(207, 1.0)	(208, 0.0)	(209, 0.0)	(210, 1.0)	(211, 0.0)	(212, 0.0)	(213, 0.0)	(214, 0.0)	(215, 0.0)	(216, 1.0)	(217, 1.0)	(218, 0.0)	(219, 1.0)	(220, 0.0)	(221, 1.0)	(222, 1.0)	(223, 0.0)	(224, 0.0)	(225, 1.0)	(226, 3.0)	(227, 0.0)	(228, 4.0)	(229, 990.0)	(230, 1811.0)	(231, 442851.0)	(232, 1592.0)	(233, 18.0)	(234, 5.0)	(235, 8.0)	(236, 4.0)	(237, 2.0)	(238, 1.0)	(239, 1.0)	(240, 2.0)	(241, 0.0)	(242, 0.0)	(243, 0.0)	(244, 0.0)	(245, 0.0)	(246, 1.0)	(247, 0.0)	(248, 0.0)	(249, 0.0)	(250, 0.0)	(251, 48617.0)				
122022-BEL-CBC-T4-6-MCAV_S87_R2_16S	(202, 1.0)	(204, 2.0)	(206, 0.0)	(208, 1.0)	(210, 2.0)	(212, 2.0)	(214, 1.0)	(216, 3.0)	(218, 1.0)	(220, 5.0)	(222, 5.0)	(224, 6.0)	(226, 5.0)	(228, 2689.0)	(230, 800035.0)	(232, 70.0)	(234, 11.0)	(236, 16.0)	(238, 5.0)	(240, 2.0)	(242, 2.0)	(244, 0.0)	(246, 0.0)	(248, 7.0)	(250, 34806.0)																								
122022-BEL-CBC-T4-9-OFAV_S9_R2_16S	(198, 1.0)	(200, 0.0)	(202, 0.0)	(204, 1.0)	(206, 2.0)	(208, 0.0)	(210, 0.0)	(212, 2.0)	(214, 0.0)	(216, 1.0)	(218, 0.0)	(220, 1.0)	(222, 0.0)	(224, 0.0)	(226, 2.0)	(228, 298.0)	(230, 409711.0)	(232, 1511.0)	(234, 6.0)	(236, 4.0)	(238, 5.0)	(240, 0.0)	(242, 0.0)	(244, 0.0)	(246, 0.0)	(248, 0.0)	(250, 40428.0)																						
122023-BEL-CBC-T1-511-OANN_S14_R2_16S	(209, 1.0)	(210, 2.0)	(211, 0.0)	(212, 0.0)	(213, 0.0)	(214, 0.0)	(215, 0.0)	(216, 0.0)	(217, 1.0)	(218, 0.0)	(219, 1.0)	(220, 0.0)	(221, 1.0)	(222, 0.0)	(223, 0.0)	(224, 2.0)	(225, 2.0)	(226, 2.0)	(227, 4.0)	(228, 333.0)	(229, 440.0)	(230, 1603.0)	(231, 515096.0)	(232, 2028.0)	(233, 39.0)	(234, 6.0)	(235, 5.0)	(236, 1.0)	(237, 5.0)	(238, 2.0)	(239, 1.0)	(240, 1.0)	(241, 1.0)	(242, 0.0)	(243, 0.0)	(244, 0.0)	(245, 0.0)	(246, 2.0)	(247, 0.0)	(248, 1.0)	(249, 0.0)	(250, 0.0)	(251, 49825.0)						
122023-BEL-CBC-T3-479-PAST_S29_R2_16S	(198, 1.0)	(200, 0.0)	(202, 0.0)	(204, 2.0)	(206, 0.0)	(208, 1.0)	(210, 3.0)	(212, 0.0)	(214, 2.0)	(216, 1.0)	(218, 3.0)	(220, 1.0)	(222, 0.0)	(224, 1.0)	(226, 3.0)	(228, 2162.0)	(230, 489006.0)	(232, 1923.0)	(234, 12.0)	(236, 14.0)	(238, 5.0)	(240, 4.0)	(242, 0.0)	(244, 0.0)	(246, 0.0)	(248, 0.0)	(250, 50976.0)																						
122023-BEL-CBC-T3-530-PSTR_S31_R2_16S	(207, 1.0)	(208, 0.0)	(209, 0.0)	(210, 2.0)	(211, 0.0)	(212, 0.0)	(213, 1.0)	(214, 1.0)	(215, 0.0)	(216, 1.0)	(217, 0.0)	(218, 0.0)	(219, 2.0)	(220, 0.0)	(221, 1.0)	(222, 2.0)	(223, 3.0)	(224, 0.0)	(225, 1.0)	(226, 1.0)	(227, 1.0)	(228, 281.0)	(229, 1689.0)	(230, 2168.0)	(231, 370448.0)	(232, 1315.0)	(233, 11.0)	(234, 2.0)	(235, 1.0)	(236, 2.0)	(237, 5.0)	(238, 2.0)	(239, 0.0)	(240, 0.0)	(241, 1.0)	(242, 0.0)	(243, 0.0)	(244, 0.0)	(245, 0.0)	(246, 0.0)	(247, 0.0)	(248, 1.0)	(249, 0.0)	(250, 0.0)	(251, 76481.0)				
Negative_S96_R2_16S	(220, 1.0)	(221, 0.0)	(222, 0.0)	(223, 0.0)	(224, 0.0)	(225, 0.0)	(226, 0.0)	(227, 12.0)	(228, 3774.0)	(229, 656.0)	(230, 13097.0)	(231, 828.0)	(232, 2.0)	(233, 2.0)	(234, 1.0)	(235, 0.0)	(236, 0.0)	(237, 0.0)	(238, 1.0)	(239, 0.0)	(240, 0.0)	(241, 0.0)	(242, 0.0)	(243, 0.0)	(244, 0.0)	(245, 0.0)	(246, 0.0)	(247, 0.0)	(248, 21.0)	(249, 0.0)	(250, 0.0)	(251, 9337.0)																	
Undetermined_S0_R2_16S	(196, 1.0)	(198, 0.0)	(200, 0.0)	(202, 0.0)	(204, 0.0)	(206, 0.0)	(208, 1.0)	(210, 1.0)	(212, 4.0)	(214, 1.0)	(216, 0.0)	(218, 3.0)	(220, 2.0)	(222, 5.0)	(224, 3.0)	(226, 58.0)	(228, 426653.0)	(230, 642126.0)	(232, 670.0)	(234, 15.0)	(236, 24.0)	(238, 128.0)	(240, 135.0)	(242, 4159.0)	(244, 23126.0)	(246, 205414.0)	(248, 649946.0)	(250, 1009827.0)																					
