Sample	0	1	2	3	4	5	6	7	8	9	10	11	12	13	14	15
012024-BEL-CBC-T2-597-PAST_S54_R2_16S	(1.0, 1.9542174573293443)	(2.0, 0.43260971757972516)	(3.0, 0.24695797598441996)	(4.0, 0.17460362161705484)	(5.0, 0.15651503302521355)	(6.0, 0.10853153155104772)	(7.0, 0.08795170021901273)	(8.0, 0.10398230567765052)	(9.0, 0.09163440687842953)	('>10', 2.6624885998565913)	('>50', 2.5092230138838043)	('>100', 4.555616452600316)	('>500', 0.7803005521893691)	('>1k', 4.257642157892798)	('>5k', 2.5702043035676763)	('>10k+', 79.30752117014754)
012024-BEL-CBC-T3-640-MCAV_S56_R2_16S	(1.0, 1.3301023155627356)	(2.0, 0.277950374880908)	(3.0, 0.1668323598856717)	(4.0, 0.11971335073112131)	(5.0, 0.0859533573588501)	(6.0, 0.07269789983844911)	(7.0, 0.07901495381301521)	(8.0, 0.06462035541195477)	(9.0, 0.05219336398657885)	('>10', 1.7291122985791805)	('>50', 0.6237314112919928)	('>100', 1.3233710285406568)	('>500', 0.22161468041920385)	('>1k', 1.9873866037032433)	('>5k', 0.8406859699266807)	('>10k+', 91.02501967606975)
022024-BEL-CBC-T1-773-SSID_S63_R2_16S	(1.0, 2.7049487415278772)	(2.0, 0.6945721648899333)	(3.0, 0.41824188549436325)	(4.0, 0.321969051916942)	(5.0, 0.26792911231452154)	(6.0, 0.21865740267702055)	(7.0, 0.21933857838629475)	(8.0, 0.19527036999193942)	(9.0, 0.18085215081230205)	('>10', 5.169101869827323)	('>50', 2.5936900423464233)	('>100', 5.920552206441652)	('>500', 4.2832328599162155)	('>1k', 11.813403267372818)	('>5k', 3.499880794250877)	('>10k+', 61.4983595018335)
022024-BEL-CBC-T3-845-SSID_S70_R2_16S	(1.0, 2.931303418803419)	(2.0, 0.7510683760683761)	(3.0, 0.4458333333333333)	(4.0, 0.33247863247863246)	(5.0, 0.26335470085470086)	(6.0, 0.19423076923076923)	(7.0, 0.18472222222222223)	(8.0, 0.15897435897435896)	(9.0, 0.125)	('>10', 4.409722222222222)	('>50', 4.563354700854701)	('>100', 9.917094017094017)	('>500', 5.070512820512821)	('>1k', 13.216239316239317)	('>5k', 8.789529914529915)	('>10k+', 48.646581196581195)
022024-BEL-CBC-T3-846-OFAV_S94_R2_16S	(1.0, 1.4038997214484679)	(2.0, 0.3104302073661405)	(3.0, 0.20427112349117918)	(4.0, 0.15413184772516247)	(5.0, 0.12109254100897554)	(6.0, 0.09377901578458682)	(7.0, 0.08070256886412874)	(8.0, 0.07242339832869081)	(9.0, 0.06615598885793872)	('>10', 1.2231507273290003)	('>50', 0.5383782110801609)	('>100', 1.8997988238935313)	('>500', 1.2598266790467347)	('>1k', 3.9921850820179507)	('>5k', 1.9103218817703498)	('>10k+', 86.66945218198701)
022024-BEL-CBC-T3-849-PSTR_S23_R2_16S	(1.0, 1.9088912292582323)	(2.0, 0.38652738781801116)	(3.0, 0.24471273187795586)	(4.0, 0.16885838102629835)	(5.0, 0.1319206101767956)	(6.0, 0.13587822848209946)	(7.0, 0.09234442712375693)	(8.0, 0.11081331254850832)	(9.0, 0.05540665627425416)	('>10', 2.6863433585668144)	('>50', 1.7323374793049542)	('>100', 3.48314384403466)	('>500', 1.5760115562454515)	('>1k', 5.912461880440351)	('>5k', 1.8638183541144941)	('>10k+', 79.51053056270736)
022024-BEL-CBC-T3-850-MCAV_S43_R2_16S	(1.0, 1.2013567322029013)	(2.0, 0.2795156663592083)	(3.0, 0.1970225040812758)	(4.0, 0.15804515232535943)	(5.0, 0.12414019566096646)	(6.0, 0.10491848794572003)	(7.0, 0.08689813696267652)	(8.0, 0.06727597700336246)	(9.0, 0.05766512314573925)	('>10', 0.8222619411522079)	('>50', 0.442766697857447)	('>100', 1.6195623590908665)	('>500', 0.45971917618964353)	('>1k', 1.832469468853492)	('>5k', 2.022684284785618)	('>10k+', 90.52369809638353)
022024-BEL-CBC-T3-853-SSID_S75_R2_16S	(1.0, 3.0555922937882998)	(2.0, 1.1374156857558524)	(3.0, 0.7994974209760614)	(4.0, 0.6921483048979412)	(5.0, 0.715293391526694)	(6.0, 0.6216108980293612)	(7.0, 0.5616541021910681)	(8.0, 0.557245514261782)	(9.0, 0.5197725168628489)	('>10', 8.828858616585107)	('>50', 4.118061984746286)	('>100', 13.291892606798042)	('>500', 5.183838116651237)	('>1k', 10.558347661244104)	('>5k', 3.56059604108804)	('>10k+', 45.79817484459728)
022024-BEL-CBC-T4-871-PSTR_S91_R2_16S	(1.0, 1.015179880517697)	(2.0, 0.21094825575515141)	(3.0, 0.12116108231729342)	(4.0, 0.08036124028767673)	(5.0, 0.06914644391191363)	(6.0, 0.060270930215757544)	(7.0, 0.04912493627174759)	(8.0, 0.042932717413964275)	(9.0, 0.04148786634714817)	('>10', 1.1525783367287334)	('>50', 0.5469105300057725)	('>100', 2.3520111294813604)	('>500', 1.726941037004012)	('>1k', 3.422370560265082)	('>5k', 1.9879774630754548)	('>10k+', 87.12059759040123)
042024-BEL-CBC-T1-932-SSID_S18_R2_16S	(1.0, 4.936079146313227)	(2.0, 1.5223211576114934)	(3.0, 1.0102349796671664)	(4.0, 0.8029727074702089)	(5.0, 0.6316778577803155)	(6.0, 0.5408601159499783)	(7.0, 0.4673516962011658)	(8.0, 0.433407441210124)	(9.0, 0.4167725083006067)	('>10', 8.0005035439151)	('>50', 4.77107859556207)	('>100', 17.377210591506742)	('>500', 8.857652181536574)	('>1k', 22.409053000245027)	('>5k', 12.852284043727394)	('>10k+', 14.970540433002807)
042024-BEL-CBC-T1-938-SSID_S17_R2_16S	(1.0, 3.7332517748726195)	(2.0, 0.9149297534374939)	(3.0, 0.5632088916075042)	(4.0, 0.4411965667358612)	(5.0, 0.3432613406388891)	(6.0, 0.28502079090015814)	(7.0, 0.25053197373644037)	(8.0, 0.28111639650426556)	(9.0, 0.24304855114431292)	('>10', 10.379832501480417)	('>50', 5.910602382982046)	('>100', 13.3546556649509)	('>500', 5.185686490144658)	('>1k', 14.528576913315938)	('>5k', 5.723842184378518)	('>10k+', 37.86123782316998)
042024-BEL-CBC-T1-940-SSID_S35_R2_16S	(1.0, 3.7733353580578317)	(2.0, 1.3506871816977968)	(3.0, 0.9365983648716831)	(4.0, 0.7367384627442528)	(5.0, 0.6776295701215977)	(6.0, 0.5682291334995567)	(7.0, 0.5383481187207007)	(8.0, 0.48854642742260734)	(9.0, 0.4129458271897641)	('>10', 7.839439347254946)	('>50', 4.164237813689423)	('>100', 6.910841909837711)	('>500', 2.7111714174214483)	('>1k', 8.207808578627073)	('>5k', 4.8278249397072965)	('>10k+', 55.855617549136305)
042024-BEL-CBC-T2-1030-SSID_S48_R2_16S	(1.0, 3.087965220733403)	(2.0, 0.8908742496732193)	(3.0, 0.49873729362047736)	(4.0, 0.3386554941777724)	(5.0, 0.27193963665238685)	(6.0, 0.2284292947880049)	(7.0, 0.19543395220751533)	(8.0, 0.18999515947446757)	(9.0, 0.17295360891091802)	('>10', 4.879503546999327)	('>50', 3.959803695840955)	('>100', 6.291595433589621)	('>500', 2.0477054639924726)	('>1k', 9.14442351516426)	('>5k', 1.3257963752259365)	('>10k+', 66.47618805894926)
042024-BEL-CBC-T3-1011-SSID_S10_R2_16S	(1.0, 3.83937494935307)	(2.0, 1.0848572431862997)	(3.0, 0.6665136003889685)	(4.0, 0.5712973717619729)	(5.0, 0.4853664136571135)	(6.0, 0.4173307041949164)	(7.0, 0.3994354555522541)	(8.0, 0.37816374490154236)	(9.0, 0.33882796250776587)	('>10', 6.288154020690959)	('>50', 4.245732152021826)	('>100', 14.08221009697199)	('>500', 7.641102347316388)	('>1k', 17.552368925744847)	('>5k', 8.564733529618325)	('>10k+', 33.444531482131765)
042024-BEL-CBC-T3-1012-SSID_S27_R2_16S	(1.0, 2.521304982140007)	(2.0, 0.5921110309340922)	(3.0, 0.35675026806849064)	(4.0, 0.30752007984731894)	(5.0, 0.25289480250601887)	(6.0, 0.21040847568500773)	(7.0, 0.15263606302363272)	(8.0, 0.16724776272398048)	(9.0, 0.12341266362293722)	('>10', 5.069585409880656)	('>50', 4.716207072512246)	('>100', 7.844234785286693)	('>500', 4.1459011934386725)	('>1k', 9.373068164703078)	('>5k', 14.171775141677287)	('>10k+', 49.99494210394988)
042024-BEL-CBC-T3-1057-SSID_S5_R2_16S	(1.0, 3.708105832683332)	(2.0, 0.8978692320073296)	(3.0, 0.5846302418006909)	(4.0, 0.5021728633510382)	(5.0, 0.39371541061545884)	(6.0, 0.34617241763547896)	(7.0, 0.30506753828820465)	(8.0, 0.2793150837573822)	(9.0, 0.2629721799205141)	('>10', 7.354059106835543)	('>50', 4.874642498978568)	('>100', 10.859364360088648)	('>500', 3.27823793782268)	('>1k', 11.592071215441567)	('>5k', 5.700206762495512)	('>10k+', 49.061397318278054)
042024-BEL-CBC-T3-942-PAST_S34_R2_16S	(1.0, 3.4477615674320234)	(2.0, 0.955300629105108)	(3.0, 0.5975440075284771)	(4.0, 0.4410856248809242)	(5.0, 0.3829670128765441)	(6.0, 0.315226114116472)	(7.0, 0.2822216705444482)	(8.0, 0.25710750211209193)	(9.0, 0.27279182952387)	('>10', 5.171209348244029)	('>50', 2.7951780796609875)	('>100', 6.590015530370824)	('>500', 3.6400148568107507)	('>1k', 8.558639177717863)	('>5k', 6.335313599947654)	('>10k+', 59.95762344912793)
042024-BEL-CBC-T3-953-MCAV_S41_R2_16S	(1.0, 1.2615800323263024)	(2.0, 0.3030309842437376)	(3.0, 0.18006514716560373)	(4.0, 0.15286429472236024)	(5.0, 0.1034081993710084)	(6.0, 0.0890209716324333)	(7.0, 0.07710654866142581)	(8.0, 0.04675849015036901)	(9.0, 0.048556893617690895)	('>10', 0.5680706952403004)	('>50', 0.5451410510319464)	('>100', 0.8985273323606968)	('>500', 1.3575698173946078)	('>1k', 2.0522031566476864)	('>5k', 1.2854088782683173)	('>10k+', 91.03068750716551)
052022-BEL-CBC-T1-10-PSTR_S38_R2_16S	(1.0, 2.39928360693056)	(2.0, 0.5611142686142347)	(3.0, 0.33558311712393507)	(4.0, 0.2406067632209346)	(5.0, 0.19372161073865976)	(6.0, 0.144725872614096)	(7.0, 0.13191160264305626)	(8.0, 0.1495500683678992)	(9.0, 0.09904676907027195)	('>10', 3.9874993027529575)	('>50', 3.4771898456709622)	('>100', 4.7652501119364175)	('>500', 2.1674206985133937)	('>1k', 8.576214001323638)	('>5k', 2.913814235297133)	('>10k+', 69.85706812518185)
052022-BEL-CBC-T1-17-SSID_S69_R2_16S	(1.0, 2.4806478863526653)	(2.0, 0.5508240810978554)	(3.0, 0.3274558651127509)	(4.0, 0.26937797393283225)	(5.0, 0.20095596855389283)	(6.0, 0.194598648369078)	(7.0, 0.17800496517481554)	(8.0, 0.17843596993310806)	(9.0, 0.1493431487483622)	('>10', 2.8927961864698983)	('>50', 1.1803065305840976)	('>100', 4.293669402110199)	('>500', 3.7257128818702157)	('>1k', 8.192969450382732)	('>5k', 1.4630456520239983)	('>10k+', 73.72185538928349)
052022-BEL-CBC-T1-34-PAST_S40_R2_16S	(1.0, 4.267962528743444)	(2.0, 1.116888118621221)	(3.0, 0.7020763244639276)	(4.0, 0.4630667980652688)	(5.0, 0.4338419365435371)	(6.0, 0.4268189078057566)	(7.0, 0.37584531212831757)	(8.0, 0.31716903977073213)	(9.0, 0.30176368641043944)	('>10', 8.44553188115223)	('>50', 6.981343663982058)	('>100', 11.497604241003161)	('>500', 3.0006456655452474)	('>1k', 13.209410858508624)	('>5k', 8.751826553845108)	('>10k+', 39.708204483410924)
052022-BEL-CBC-T1-4-PSTR_S52_R2_16S	(1.0, 1.4288440966411733)	(2.0, 0.33823522884143337)	(3.0, 0.19788092521983072)	(4.0, 0.129257347294784)	(5.0, 0.10076036344751362)	(6.0, 0.07510420041990883)	(7.0, 0.07022153963610861)	(8.0, 0.06320826323755921)	(9.0, 0.050335793898449534)	('>10', 1.871834593207775)	('>50', 1.9282071313480138)	('>100', 3.5896434325993063)	('>500', 0.21821054921056252)	('>1k', 2.864879020982125)	('>5k', 1.9355755103490215)	('>10k+', 85.13780200366642)
052022-BEL-CBC-T1-61-PAST_S89_R2_16S	(1.0, 2.2051974620323933)	(2.0, 0.7329705306988554)	(3.0, 0.5051553657519139)	(4.0, 0.4411537809507664)	(5.0, 0.3409608237918272)	(6.0, 0.31086484046271623)	(7.0, 0.2786735671549962)	(8.0, 0.2788640480621425)	(9.0, 0.19200475440344236)	('>10', 4.109625571680823)	('>50', 1.9501435273635348)	('>100', 7.026078740997396)	('>500', 7.022078641947324)	('>1k', 10.393971660250635)	('>5k', 6.3734911531142675)	('>10k+', 57.83876553133697)
052022-BEL-CBC-T2-4-MCAV_S83_R2_16S	(1.0, 1.0667152348862663)	(2.0, 0.2742675930340317)	(3.0, 0.16659613561246844)	(4.0, 0.10213610886423574)	(5.0, 0.09552940252161911)	(6.0, 0.07928047611139978)	(7.0, 0.053746448895340845)	(8.0, 0.05571060483503769)	(9.0, 0.0466040636600796)	('>10', 1.3445540205379287)	('>50', 1.31669871812041)	('>100', 3.826175770529447)	('>500', 3.4795915269883952)	('>1k', 9.159037706437253)	('>5k', 4.342748782669716)	('>10k+', 74.59060740629637)
052022-BEL-CBC-T2-60-PAST_S20_R2_16S	(1.0, 3.1966077558457746)	(2.0, 0.823492746666788)	(3.0, 0.5241235603094695)	(4.0, 0.4067417212818279)	(5.0, 0.35715016913449094)	(6.0, 0.3303070354033636)	(7.0, 0.28503768275510644)	(8.0, 0.2511425393149541)	(9.0, 0.21906726934809856)	('>10', 3.073993780582405)	('>50', 1.5489398099597125)	('>100', 5.515354045010021)	('>500', 5.650707134586468)	('>1k', 23.43291832635336)	('>5k', 15.864519519280423)	('>10k+', 38.51989690416774)
052022-BEL-CBC-T2-62-PAST_S12_R2_16S	(1.0, 2.5364277797302046)	(2.0, 0.6420480657457219)	(3.0, 0.4436214214268336)	(4.0, 0.34008272282447083)	(5.0, 0.27979778865129357)	(6.0, 0.21816117433970428)	(7.0, 0.21194344570300885)	(8.0, 0.16652699305236407)	(9.0, 0.15328052769592604)	('>10', 3.1303560325484576)	('>50', 1.9939985401854505)	('>100', 4.574085588386365)	('>500', 3.1740153010191667)	('>1k', 7.009542861777189)	('>5k', 3.595739504203725)	('>10k+', 71.53037225271012)
052022-BEL-CBC-T2-72-OFAV_S13_R2_16S	(1.0, 2.778776434805018)	(2.0, 0.6719459388949162)	(3.0, 0.42282961779893163)	(4.0, 0.3181562210676686)	(5.0, 0.2561157579594733)	(6.0, 0.2424350404535635)	(7.0, 0.21380098055747335)	(8.0, 0.1743496091450824)	(9.0, 0.21475544922067635)	('>10', 2.8358854764866646)	('>50', 1.4522240710633734)	('>100', 4.643490046482624)	('>500', 4.031198399037896)	('>1k', 24.885861455691973)	('>5k', 10.3093751093662)	('>10k+', 46.54880039196846)
052022-BEL-CBC-T3-40-MCAV_S1_R2_16S	(1.0, 2.820809196861942)	(2.0, 0.7623808640167411)	(3.0, 0.5110858226223666)	(4.0, 0.3756011294862537)	(5.0, 0.36442252444201995)	(6.0, 0.2548721950085293)	(7.0, 0.24101072475367943)	(8.0, 0.2271492544988296)	(9.0, 0.16700835936085207)	('>10', 3.4365267626983367)	('>50', 1.914000755673701)	('>100', 6.449831538421984)	('>500', 3.4012023707585577)	('>1k', 11.823610555286027)	('>5k', 10.291247375822465)	('>10k+', 56.95924057028772)
052022-BEL-CBC-T3-48-MCAV_S7_R2_16S	(1.0, 2.016339324780316)	(2.0, 0.4388941492971598)	(3.0, 0.2608981887488672)	(4.0, 0.2053591143007698)	(5.0, 0.18829100849476918)	(6.0, 0.15036188448143437)	(7.0, 0.13749307454833862)	(8.0, 0.1408796034781007)	(9.0, 0.1523938018392916)	('>10', 3.0829604764981666)	('>50', 1.6262111920717293)	('>100', 4.96641240607462)	('>500', 2.2261686572683717)	('>1k', 8.529176301341472)	('>5k', 1.9720435263790284)	('>10k+', 73.90611729039756)
052022-BEL-CBC-T3-49-MCAV_S2_R2_16S	(1.0, 1.5619344399832205)	(2.0, 0.30922274824713847)	(3.0, 0.21357943309162822)	(4.0, 0.13615389225145322)	(5.0, 0.11026547611913465)	(6.0, 0.09923892850722119)	(7.0, 0.08725355066818483)	(8.0, 0.08821238089530772)	(9.0, 0.05177683226463715)	('>10', 1.0487205609156829)	('>50', 0.8600707137292503)	('>100', 1.8678012824354286)	('>500', 0.3943189309042967)	('>1k', 4.49427698208186)	('>5k', 1.5569005812908252)	('>10k+', 87.12027326661473)
052022-BEL-CBC-T3-51-MCAV_S33_R2_16S	(1.0, 1.7977354492683248)	(2.0, 0.506544242611517)	(3.0, 0.2847242148012448)	(4.0, 0.17142310606896655)	(5.0, 0.12691195620985718)	(6.0, 0.11808329838656278)	(7.0, 0.07982578115228699)	(8.0, 0.1000581219973367)	(9.0, 0.08111329375151742)	('>10', 3.335393353492102)	('>50', 3.753099226756719)	('>100', 3.157716614798302)	('>500', 1.0530013757991774)	('>1k', 2.8310562753364086)	('>5k', 1.1629917378477204)	('>10k+', 81.44032195172196)
052022-BEL-CBC-T3-55-PAST_S88_R2_16S	(1.0, 1.8381411894409747)	(2.0, 0.32847349804182624)	(3.0, 0.22198169109688307)	(4.0, 0.14746363422728795)	(5.0, 0.10963676596874784)	(6.0, 0.0891071723411337)	(7.0, 0.06665565931008335)	(8.0, 0.0545126230792818)	(9.0, 0.07705149608321561)	('>10', 1.3002658363974844)	('>50', 0.9253168327816551)	('>100', 2.3526914297245805)	('>500', 1.5828753486754918)	('>1k', 11.57248824789965)	('>5k', 1.9109120468529008)	('>10k+', 77.4224265280788)
062019-BEL-CBC-T1-16-MCAV_S78_R2_16S	(1.0, 1.457482252386951)	(2.0, 0.31248580947783927)	(3.0, 0.1902160659415695)	(4.0, 0.11032868192543734)	(5.0, 0.08745566250187105)	(6.0, 0.0746736810592899)	(7.0, 0.06239625151575799)	(8.0, 0.06054622788591072)	(9.0, 0.04086870382298974)	('>10', 1.3039302911096273)	('>50', 0.8042557270845142)	('>100', 2.5822966193340924)	('>500', 3.0183976440789992)	('>1k', 8.818053539683849)	('>5k', 2.1401409718005944)	('>10k+', 78.93647187039072)
062019-BEL-CBC-T1-17-MCAV_S65_R2_16S	(1.0, 1.2493398282110693)	(2.0, 0.2950544508437027)	(3.0, 0.1787638573351515)	(4.0, 0.1349823933281565)	(5.0, 0.11854866328541627)	(6.0, 0.07000016308281722)	(7.0, 0.062347815505663366)	(8.0, 0.05218650150977055)	(9.0, 0.04290332576043636)	('>10', 1.5407562777476005)	('>50', 2.092101648265489)	('>100', 4.474867056141887)	('>500', 1.9903630599856237)	('>1k', 2.728877325341439)	('>5k', 1.7640542890153685)	('>10k+', 83.20485334464041)
062019-BEL-CBC-T2-25-PAST_S79_R2_16S	(1.0, 2.13542425893106)	(2.0, 0.43577999248126065)	(3.0, 0.2531820378852395)	(4.0, 0.18720126437575282)	(5.0, 0.13170580758676598)	(6.0, 0.13349598361221718)	(7.0, 0.12889267383248557)	(8.0, 0.10638760379824204)	(9.0, 0.07365295647570604)	('>10', 2.148978448838048)	('>50', 1.044695580566872)	('>100', 3.647867261005107)	('>500', 5.1659365305877145)	('>1k', 13.224030300007927)	('>5k', 1.984793733360953)	('>10k+', 69.19797556665465)
062019-BEL-CBC-T2-26-SSID_S44_R2_16S	(1.0, 2.5465375341142815)	(2.0, 0.7078044919302342)	(3.0, 0.39974450580515813)	(4.0, 0.25732788523543054)	(5.0, 0.2024699809601814)	(6.0, 0.15678052865294048)	(7.0, 0.14654242395533132)	(8.0, 0.12469094676491171)	(9.0, 0.10864615582089736)	('>10', 3.7408812104801523)	('>50', 3.579974878441608)	('>100', 5.112787239959781)	('>500', 0.9191373097928236)	('>1k', 4.270053696567025)	('>5k', 3.915081797872308)	('>10k+', 73.81153941364693)
062019-BEL-CBC-T3-12-PAST_S36_R2_16S	(1.0, 2.8873427044646074)	(2.0, 0.6631877517120336)	(3.0, 0.3676366884490621)	(4.0, 0.27517903875385896)	(5.0, 0.17629636594424333)	(6.0, 0.16642376945136572)	(7.0, 0.15137981289079028)	(8.0, 0.1429175873254666)	(9.0, 0.13821635090028678)	('>10', 4.508172315985771)	('>50', 3.990096061930955)	('>100', 7.605660288655916)	('>500', 2.0273298544183787)	('>1k', 5.896447432341372)	('>5k', 1.5365207716296052)	('>10k+', 69.46719320514629)
062019-BEL-CBC-T3-15-MCAV_S60_R2_16S	(1.0, 1.7486968870193802)	(2.0, 0.4318178995350609)	(3.0, 0.2499617035899262)	(4.0, 0.14987351834294538)	(5.0, 0.13041480187300497)	(6.0, 0.09439547564141312)	(7.0, 0.07462624773844173)	(8.0, 0.07535077441551398)	(9.0, 0.05589205794557355)	('>10', 2.040370626446466)	('>50', 2.284950131863855)	('>100', 5.890298380786381)	('>500', 0.37375226155827057)	('>1k', 4.554064180643131)	('>5k', 0.7390172106136947)	('>10k+', 81.10651784198694)
062019-BEL-CBC-T3-23-PAST_S26_R2_16S	(1.0, 1.0147999097757123)	(2.0, 0.21350103735598172)	(3.0, 0.113896996915848)	(4.0, 0.1018373148894641)	(5.0, 0.06141504735658469)	(6.0, 0.057618480792723095)	(7.0, 0.05315193189406239)	(8.0, 0.055385206343392744)	(9.0, 0.05828846312752221)	('>10', 1.393116601492274)	('>50', 0.46362777568098124)	('>100', 1.9967706851462683)	('>500', 0.9509282605248642)	('>1k', 3.7373847909543447)	('>5k', 5.1686903855301685)	('>10k+', 84.5595871122198)
062019-BEL-CBC-T3-28-SSID_S95_R2_16S	(1.0, 2.6247202458834877)	(2.0, 0.8932663518765326)	(3.0, 0.5942670989690771)	(4.0, 0.39682700630039935)	(5.0, 0.2575481899026508)	(6.0, 0.1883549281744741)	(7.0, 0.15217650527791274)	(8.0, 0.10123469007827031)	(9.0, 0.0795763068644096)	('>10', 1.2960960561463166)	('>50', 0.6236316484949858)	('>100', 1.9268660481724624)	('>500', 1.121936697494036)	('>1k', 3.3586717489509477)	('>5k', 2.5251890241478803)	('>10k+', 83.85963745326616)
062019-BEL-CBC-T3-31-PAST_S42_R2_16S	(1.0, 1.9431444628839858)	(2.0, 0.5388348821449714)	(3.0, 0.3018178263624911)	(4.0, 0.22537488344098683)	(5.0, 0.16804267624985858)	(6.0, 0.13245716833812385)	(7.0, 0.10379106474255972)	(8.0, 0.09138006969926951)	(9.0, 0.09884863308815212)	('>10', 3.2015973939107045)	('>50', 2.7720451672354125)	('>100', 7.432099226454531)	('>500', 1.2866797073641134)	('>1k', 4.95132803138554)	('>5k', 1.3669667637946015)	('>10k+', 75.3855920429047)
062019-BEL-CBC-T3-4-PAST_S22_R2_16S	(1.0, 1.9487754944436653)	(2.0, 0.4589433271184758)	(3.0, 0.34326187035166217)	(4.0, 0.2761224962608412)	(5.0, 0.22537395528139437)	(6.0, 0.20141812227246295)	(7.0, 0.1698972893659742)	(8.0, 0.13364833152351216)	(9.0, 0.1546096854063272)	('>10', 1.8316756001960595)	('>50', 0.8097701973676952)	('>100', 2.3457803849008907)	('>500', 1.358232689940599)	('>1k', 2.060989659590765)	('>5k', 4.417487127679862)	('>10k+', 83.26401376829982)
062019-BEL-CBC-T3-7-PAST_S58_R2_16S	(1.0, 2.230294598109819)	(2.0, 0.5711416471887515)	(3.0, 0.3272560433418012)	(4.0, 0.2441562870920634)	(5.0, 0.20571926628599582)	(6.0, 0.17377864336264381)	(7.0, 0.1743200098528701)	(8.0, 0.15049988428291272)	(9.0, 0.151041250773139)	('>10', 4.67591771770715)	('>50', 3.368517643810624)	('>100', 5.020768171981307)	('>500', 1.4079588994560621)	('>1k', 4.625435292493547)	('>5k', 2.77220245482635)	('>10k+', 73.90099218943497)
062019-BEL-CBC-T3-8-MCAV_S77_R2_16S	(1.0, 1.9741748566029043)	(2.0, 0.44356460385698165)	(3.0, 0.243648162682004)	(4.0, 0.1577465668646308)	(5.0, 0.14642317468870433)	(6.0, 0.121824081341002)	(7.0, 0.07926374523148527)	(8.0, 0.07184497104725758)	(9.0, 0.11596715435345382)	('>10', 2.4868511989129547)	('>50', 0.9609264877570702)	('>100', 4.240415138984877)	('>500', 6.017406787006993)	('>1k', 14.059748464508976)	('>5k', 2.3361329444333814)	('>10k+', 66.54406166172733)
062019-BEL-CBC-T3-9-MCAV_S80_R2_16S	(1.0, 1.3555400991895488)	(2.0, 0.2627918229103665)	(3.0, 0.1574029273013185)	(4.0, 0.12459175033264788)	(5.0, 0.09525825571549534)	(6.0, 0.07983549050441514)	(7.0, 0.06668077900084675)	(8.0, 0.05927180355630821)	(9.0, 0.051711624531268895)	('>10', 0.9371597919438732)	('>50', 0.6241683803072458)	('>100', 2.588605298173461)	('>500', 3.616033627676303)	('>1k', 3.162876496915447)	('>5k', 1.951584613523648)	('>10k+', 84.8664872384178)
062024-BEL-CBC-T1-1344-SSID_S39_R2_16S	(1.0, 4.156895002067935)	(2.0, 1.2659456237190936)	(3.0, 0.8200111368094658)	(4.0, 0.5734763712485473)	(5.0, 0.49965457406324876)	(6.0, 0.43461283413316576)	(7.0, 0.3849361943997098)	(8.0, 0.38632251922948063)	(9.0, 0.3358371900119917)	('>10', 7.708774743010034)	('>50', 5.055002437621159)	('>100', 10.558365430604045)	('>500', 2.9453626279173473)	('>1k', 8.575574342824268)	('>5k', 5.680119408778671)	('>10k+', 50.619109563561835)
062024-BEL-CBC-T2-1381-SSID_S30_R2_16S	(1.0, 2.8246070573540125)	(2.0, 0.6445300301863225)	(3.0, 0.3803476631622775)	(4.0, 0.3264286457791194)	(5.0, 0.252940564171958)	(6.0, 0.20485062974914126)	(7.0, 0.1952742791714375)	(8.0, 0.16654522743832623)	(9.0, 0.14989070469449362)	('>10', 3.9854272925991467)	('>50', 1.7961902779223482)	('>100', 5.745810346622254)	('>500', 2.8071198084729887)	('>1k', 8.592692828146143)	('>5k', 6.8037889039242225)	('>10k+', 65.12355574060581)
062024-BEL-CBC-T3-1430-PSTR_S62_R2_16S	(1.0, 1.9625050875050873)	(2.0, 0.5020731583231584)	(3.0, 0.2728174603174603)	(4.0, 0.19396113146113145)	(5.0, 0.15262515262515264)	(6.0, 0.10874542124542125)	(7.0, 0.09237001424501425)	(8.0, 0.09157509157509157)	(9.0, 0.08442078754578755)	('>10', 2.6563135938135938)	('>50', 3.3448756105006106)	('>100', 6.000712250712251)	('>500', 1.026563135938136)	('>1k', 2.3814293345543343)	('>5k', 2.1792010073260073)	('>10k+', 78.94981176231177)
062024-BEL-CBC-T4-1461-OFAV_S72_R2_16S	(1.0, 1.654114617985977)	(2.0, 0.35337330567027153)	(3.0, 0.24164498108334742)	(4.0, 0.179521198067785)	(5.0, 0.15275049309276442)	(6.0, 0.12755453546921566)	(7.0, 0.11464160718714692)	(8.0, 0.10078383049419509)	(9.0, 0.08291044805499018)	('>10', 1.4271147872713172)	('>50', 0.8642213464877228)	('>100', 3.1717773779669223)	('>500', 1.0039801739308452)	('>1k', 4.031510694502951)	('>5k', 2.1940954848056564)	('>10k+', 84.30000511792889)
082024-BEL-CBC-T2-1513-PAST_S53_R2_16S	(1.0, 1.8064324885134133)	(2.0, 0.431401610592362)	(3.0, 0.28338520824069957)	(4.0, 0.2165900894224594)	(5.0, 0.19119608714984437)	(6.0, 0.14999258929894768)	(7.0, 0.13902475174151474)	(8.0, 0.12647596462625363)	(9.0, 0.1298354824366385)	('>10', 2.395237389457043)	('>50', 0.7470974754211749)	('>100', 2.068573687070797)	('>500', 0.6804011659502989)	('>1k', 3.787263475124747)	('>5k', 2.1246973963736973)	('>10k+', 84.72239513858011)
082024-BEL-CBC-T2-1514-MCAV_S71_R2_16S	(1.0, 1.3879564839439869)	(2.0, 0.30188403177636053)	(3.0, 0.20720906814015336)	(4.0, 0.16740254933856627)	(5.0, 0.14685377882207132)	(6.0, 0.11231893413204574)	(7.0, 0.11597683045435375)	(8.0, 0.10156041553702222)	(9.0, 0.08036613390482585)	('>10', 1.2291607494814394)	('>50', 0.692848597519516)	('>100', 2.115339926153528)	('>500', 0.867029013572947)	('>1k', 1.7718204274144267)	('>5k', 1.4814480105347414)	('>10k+', 89.22082504927401)
082024-BEL-CBC-T2-1515-MCAV_S25_R2_16S	(1.0, 1.7950110788173386)	(2.0, 0.4659263365981777)	(3.0, 0.3108042269374864)	(4.0, 0.22474972326290305)	(5.0, 0.2258697384951102)	(6.0, 0.19264261993963117)	(7.0, 0.19469598119867762)	(8.0, 0.19413597358257406)	(9.0, 0.1411219192581019)	('>10', 4.041014957803426)	('>50', 2.26933752965707)	('>100', 4.105975841271441)	('>500', 1.762717306288699)	('>1k', 5.884746699221776)	('>5k', 0.0)	('>10k+', 78.19125006766758)
092023-BEL-CBC-T1-177-PSTR_S50_R2_16S	(1.0, 3.8036953201789068)	(2.0, 1.231346509103832)	(3.0, 0.802008061701794)	(4.0, 0.6268789560128193)	(5.0, 0.5522810005730916)	(6.0, 0.443745777851771)	(7.0, 0.3787527093785318)	(8.0, 0.31375964090529257)	(9.0, 0.3198427359840687)	('>10', 5.258195369804156)	('>50', 2.3187797951597773)	('>100', 5.990888163897791)	('>500', 4.429773868944519)	('>1k', 34.05300616953906)	('>5k', 14.800010245212764)	('>10k+', 24.677035675751824)
092023-BEL-CBC-T1-190-OANN_S81_R2_16S	(1.0, 1.2649591749324098)	(2.0, 0.29253873852826606)	(3.0, 0.15642696435192005)	(4.0, 0.13069439012952627)	(5.0, 0.1261234723400221)	(6.0, 0.10259171038664887)	(7.0, 0.10072948462055457)	(8.0, 0.10157595087787016)	(9.0, 0.08684743800057898)	('>10', 1.5024776067351628)	('>50', 0.9307742965442168)	('>100', 4.183574830156545)	('>500', 3.3689357041160264)	('>1k', 4.96977268995126)	('>5k', 4.676218191914216)	('>10k+', 78.00575935641477)
092023-BEL-CBC-T1-196-SSID_S82_R2_16S	(1.0, 2.644531671302182)	(2.0, 0.5765252262469319)	(3.0, 0.37650627020207794)	(4.0, 0.30329671766278504)	(5.0, 0.25329197865157155)	(6.0, 0.22943350840439128)	(7.0, 0.22649205316843754)	(8.0, 0.19217507541564396)	(9.0, 0.19266531795496958)	('>10', 3.188700889953623)	('>50', 1.3916351549656667)	('>100', 5.2754999656830215)	('>500', 4.309558749031771)	('>1k', 10.548221890309865)	('>5k', 2.2650839458641507)	('>10k+', 68.0263815851829)
092023-BEL-CBC-T2-194-OANN_S4_R2_16S	(1.0, 1.1871727199015374)	(2.0, 0.2700616037653565)	(3.0, 0.15845121608481744)	(4.0, 0.11500230973740062)	(5.0, 0.11467926954150905)	(6.0, 0.0794678881893274)	(7.0, 0.0768835666221948)	(8.0, 0.07365316466327905)	(9.0, 0.07849876760165267)	('>10', 1.122887720919114)	('>50', 0.7155340338998382)	('>100', 2.36303903294687)	('>500', 0.6300899020865166)	('>1k', 4.724785905110173)	('>5k', 4.212282634328189)	('>10k+', 84.07751026460222)
092023-BEL-CBC-T3-184-PAST_S37_R2_16S	(1.0, 2.648213404022446)	(2.0, 0.6557641727102228)	(3.0, 0.4238155224429797)	(4.0, 0.32515990470486855)	(5.0, 0.2295080736153013)	(6.0, 0.2359849885762239)	(7.0, 0.217492927021126)	(8.0, 0.19674802547962025)	(9.0, 0.18163522390413414)	('>10', 3.3421819881688353)	('>50', 1.4836828677151133)	('>100', 4.785876946125208)	('>500', 2.3801254456399095)	('>1k', 7.091377067215358)	('>5k', 3.9899673525938635)	('>10k+', 71.81246609006479)
092023-BEL-CBC-T3-198-SSID_S76_R2_16S	(1.0, 3.3208673490852005)	(2.0, 0.8024285420112526)	(3.0, 0.4762758813096591)	(4.0, 0.31441736469535836)	(5.0, 0.2789900559972898)	(6.0, 0.21522090034076644)	(7.0, 0.1549944755540499)	(8.0, 0.1877647360997633)	(9.0, 0.17337239194117296)	('>10', 7.394565008004357)	('>50', 3.960551691764701)	('>100', 10.168080437704399)	('>500', 7.631042293563965)	('>1k', 16.157509814471613)	('>5k', 4.97598692732309)	('>10k+', 43.78793213013336)
092023-BEL-CBC-T3-220-SSID_S19_R2_16S	(1.0, 2.896827517412138)	(2.0, 0.6724380555407115)	(3.0, 0.4522257254315182)	(4.0, 0.31974206879353034)	(5.0, 0.2393612283795579)	(6.0, 0.2792176561748517)	(7.0, 0.23691195069381357)	(8.0, 0.23334936496909459)	(9.0, 0.20440335595575268)	('>10', 7.326012219669035)	('>50', 3.3946988724416185)	('>100', 7.708544861860739)	('>500', 2.980770943550829)	('>1k', 8.846568339300664)	('>5k', 6.894048700546857)	('>10k+', 57.314879139279284)
092023-BEL-CBC-T3-264-SSID_S59_R2_16S	(1.0, 3.389292340072304)	(2.0, 0.9936843887827972)	(3.0, 0.5865036129166875)	(4.0, 0.3713464483947884)	(5.0, 0.29257140783547053)	(6.0, 0.25220108954499476)	(7.0, 0.22332194799637725)	(8.0, 0.1753916450073105)	(9.0, 0.15785248050657946)	('>10', 7.35722590897476)	('>50', 6.9084652172664)	('>100', 14.637339974023892)	('>500', 3.5820719498863736)	('>1k', 8.323996752230574)	('>5k', 7.9960446160056975)	('>10k+', 44.75269022055499)
092023-BEL-CBC-T3-90-SSID_S67_R2_16S	(1.0, 2.8367156652454453)	(2.0, 0.9759588867196048)	(3.0, 0.6520254594163946)	(4.0, 0.5546265572880644)	(5.0, 0.46291837753127707)	(6.0, 0.43534026142303084)	(7.0, 0.37230456746132495)	(8.0, 0.3300618975494874)	(9.0, 0.3269976624263489)	('>10', 6.054381418478213)	('>50', 3.400863238808976)	('>100', 11.647814324861452)	('>500', 7.939433204051795)	('>1k', 22.47802505668835)	('>5k', 3.631994116668564)	('>10k+', 37.90053930538167)
102019-BEL-CBC-T2-35-PSTR_S46_R2_16S	(1.0, 1.5915844511214332)	(2.0, 0.3130527217912414)	(3.0, 0.17928689590806268)	(4.0, 0.12308490442482602)	(5.0, 0.09409383189501164)	(6.0, 0.07934398797633413)	(7.0, 0.07387637342027265)	(8.0, 0.07324060428584689)	(9.0, 0.08239567982157775)	('>10', 2.5273094631692583)	('>50', 1.6803378222872687)	('>100', 1.879715022843185)	('>500', 0.5767697587510443)	('>1k', 2.413125326626393)	('>5k', 2.9471713995440263)	('>10k+', 85.36561175613421)
112023-BEL-CBC-T2-309-PAST_S3_R2_16S	(1.0, 2.315963606286187)	(2.0, 0.5897078665270714)	(3.0, 0.44104432701581986)	(4.0, 0.30557089821906025)	(5.0, 0.27067206362030066)	(6.0, 0.2060954799139345)	(7.0, 0.1904322234404755)	(8.0, 0.14948792143090717)	(9.0, 0.12613043370732793)	('>10', 2.3404202699026406)	('>50', 1.5723711147567112)	('>100', 3.3093438194713514)	('>500', 1.4976271540412576)	('>1k', 8.468875460623398)	('>5k', 7.6142662039136155)	('>10k+', 70.60199115712994)
112023-BEL-CBC-T3-349-PAST_S73_R2_16S	(1.0, 1.9827378939089542)	(2.0, 0.6520153386608419)	(3.0, 0.3967105826164561)	(4.0, 0.34067801445028995)	(5.0, 0.25265594373107625)	(6.0, 0.21272000423809967)	(7.0, 0.1597437579719063)	(8.0, 0.16300383466521048)	(9.0, 0.14120207177873859)	('>10', 2.6339382133964704)	('>50', 1.3347976511147424)	('>100', 5.337560566112318)	('>500', 2.326472230259217)	('>1k', 9.369664171349632)	('>5k', 1.2740787227019517)	('>10k+', 73.4220210030441)
112023-BEL-CBC-T3-351-OFAV_S61_R2_16S	(1.0, 1.4078530086363223)	(2.0, 0.31816939777591935)	(3.0, 0.20928383939587147)	(4.0, 0.15525507373580968)	(5.0, 0.15525507373580968)	(6.0, 0.12917222134819367)	(7.0, 0.11375021735710322)	(8.0, 0.10847154485008571)	(9.0, 0.09315304424148581)	('>10', 1.758522468514271)	('>50', 0.45727794384320486)	('>100', 1.8052024940175044)	('>500', 0.6090139025743361)	('>1k', 2.8245038047843405)	('>5k', 0.8261639990394886)	('>10k+', 89.02895196615025)
122022-BEL-CBC-T1-122-PSTR_S45_R2_16S	(1.0, 2.5700486229404627)	(2.0, 0.6984934859430401)	(3.0, 0.43973205719026126)	(4.0, 0.3223816088967877)	(5.0, 0.2826743502918262)	(6.0, 0.24710018923682353)	(7.0, 0.2500524017725084)	(8.0, 0.24208142792615925)	(9.0, 0.23912921539047438)	('>10', 5.495986467057736)	('>50', 3.87581222747388)	('>100', 6.521732712581445)	('>500', 4.094718786994914)	('>1k', 7.157344071514396)	('>5k', 2.8234960691290087)	('>10k+', 64.73921630566028)
122022-BEL-CBC-T1-132-PSTR_S11_R2_16S	(1.0, 1.6437207603655228)	(2.0, 0.3492681571861023)	(3.0, 0.2253011087592236)	(4.0, 0.1419705616838943)	(5.0, 0.12988248849704098)	(6.0, 0.08796002191284757)	(7.0, 0.05941159374815143)	(8.0, 0.08024423051698375)	(9.0, 0.07870107223781098)	('>10', 1.40761754365209)	('>50', 0.8762567095236012)	('>100', 2.358974622762099)	('>500', 0.4878952092651223)	('>1k', 9.432297788396992)	('>5k', 6.311260168770078)	('>10k+', 76.32923796272244)
122022-BEL-CBC-T1-133-PSTR_S32_R2_16S	(1.0, 2.9080576655419113)	(2.0, 0.7932350327925263)	(3.0, 0.5034436004499021)	(4.0, 0.3723505333600398)	(5.0, 0.3248437411727244)	(6.0, 0.2819592314684991)	(7.0, 0.2678355905479459)	(8.0, 0.1900271687492617)	(9.0, 0.23920311849991524)	('>10', 5.554956370789229)	('>50', 4.168271625862184)	('>100', 6.630407428521537)	('>500', 2.3569788761690527)	('>1k', 9.34959349593496)	('>5k', 5.359279745671746)	('>10k+', 60.69955677446857)
122022-BEL-CBC-T1-134-PAST_S6_R2_16S	(1.0, 1.808494548254479)	(2.0, 0.32229234555679304)	(3.0, 0.2008827290351854)	(4.0, 0.167196029094309)	(5.0, 0.11274732225109653)	(6.0, 0.11137235490657096)	(7.0, 0.09143532841095024)	(8.0, 0.09349777942773858)	(9.0, 0.08662294270511076)	('>10', 1.574887596419585)	('>50', 0.7331325881010325)	('>100', 2.287120680883829)	('>500', 2.114424782411418)	('>1k', 6.028269328603446)	('>5k', 1.8999298766654293)	('>10k+', 82.36769376727302)
122022-BEL-CBC-T1-144-MCAV_S84_R2_16S	(1.0, 1.8344451826866)	(2.0, 0.391284083294493)	(3.0, 0.22270042684248478)	(4.0, 0.14336694145330445)	(5.0, 0.1275002443754684)	(6.0, 0.1105002117920726)	(7.0, 0.10015852530384016)	(8.0, 0.09406684696145667)	(9.0, 0.08287515884405446)	('>10', 3.2598979148043368)	('>50', 1.721961633759798)	('>100', 4.707592356218683)	('>500', 4.137524596922145)	('>1k', 4.783525835091184)	('>5k', 2.798205363226946)	('>10k+', 75.48439467842314)
122022-BEL-CBC-T1-152-PAST_S15_R2_16S	(1.0, 4.184428795663324)	(2.0, 1.0387092900580681)	(3.0, 0.6780344292245276)	(4.0, 0.5892595229313732)	(5.0, 0.48568879892269295)	(6.0, 0.47475275974165215)	(7.0, 0.45330954566118004)	(8.0, 0.4357261101151929)	(9.0, 0.44194464219852986)	('>10', 8.003465223395406)	('>50', 4.595495209585974)	('>100', 14.657723416847505)	('>500', 7.057390618164976)	('>1k', 13.990410594663214)	('>5k', 5.291756370778904)	('>10k+', 37.621904672047485)
122022-BEL-CBC-T1-155-PAST_S28_R2_16S	(1.0, 3.780801367033161)	(2.0, 0.9931848904327735)	(3.0, 0.6353816100345369)	(4.0, 0.5487386632116454)	(5.0, 0.47533283326447356)	(6.0, 0.43080798559159883)	(7.0, 0.4282006746918359)	(8.0, 0.3626167774439529)	(9.0, 0.34837684868370916)	('>10', 6.454698975928504)	('>50', 4.118949534494723)	('>100', 11.237911102732062)	('>500', 3.7023814776633683)	('>1k', 12.76198460483195)	('>5k', 6.104316503475745)	('>10k+', 47.61631615048596)
122022-BEL-CBC-T2-118-OANN_S24_R2_16S	(1.0, 1.2848230490018149)	(2.0, 0.24591651542649728)	(3.0, 0.1483666061705989)	(4.0, 0.10934664246823955)	(5.0, 0.10378856624319419)	(6.0, 0.08439201451905627)	(7.0, 0.06987295825771325)	(8.0, 0.053539019963702354)	(9.0, 0.0683983666061706)	('>10', 0.8871370235934664)	('>50', 0.4513384754990925)	('>100', 1.9437386569872959)	('>500', 1.0418557168784028)	('>1k', 2.3610480943738654)	('>5k', 1.5980036297640654)	('>10k+', 89.54843466424683)
122022-BEL-CBC-T2-85-MCAV_S47_R2_16S	(1.0, 6.592439546985002)	(2.0, 2.2784664830119374)	(3.0, 1.285583103764922)	(4.0, 0.9259259259259258)	(5.0, 0.636095806550352)	(6.0, 0.4935720844811754)	(7.0, 0.4084404652586471)	(8.0, 0.25252525252525254)	(9.0, 0.38739669421487605)	('>10', 13.872627793082337)	('>50', 17.399372513008878)	('>100', 26.759067952249772)	('>500', 1.404193449647995)	('>1k', 4.542584940312213)	('>5k', 0.0)	('>10k+', 22.761707988980717)
122022-BEL-CBC-T2-86-MCAV_S8_R2_16S	(1.0, 2.2264753262492056)	(2.0, 0.46923724930907584)	(3.0, 0.3225544241313569)	(4.0, 0.23646601539984927)	(5.0, 0.18658646527644354)	(6.0, 0.19508446270487564)	(7.0, 0.1319036992152284)	(8.0, 0.14187960923990955)	(9.0, 0.12968683032085482)	('>10', 2.201720290262034)	('>50', 1.5640010049805655)	('>100', 4.6214326884708035)	('>500', 2.312194256831651)	('>1k', 11.644473345846325)	('>5k', 3.110267058806142)	('>10k+', 70.50603727295568)
122022-BEL-CBC-T2-96-SSID_S49_R2_16S	(1.0, 3.002510992694261)	(2.0, 1.049390430959063)	(3.0, 0.6326338154590799)	(4.0, 0.4063036142388056)	(5.0, 0.33858634519900466)	(6.0, 0.28768477384022817)	(7.0, 0.279958642473271)	(8.0, 0.21087793848635997)	(9.0, 0.2188313090111688)	('>10', 7.728858236851374)	('>50', 5.962301023712406)	('>100', 7.108495335916285)	('>500', 1.7231545339892969)	('>1k', 7.510935884471611)	('>5k', 8.06494495131401)	('>10k+', 55.47453217138377)
122022-BEL-CBC-T3-115-PAST_S90_R2_16S	(1.0, 1.729441467929245)	(2.0, 0.3629242969777364)	(3.0, 0.22395644908436269)	(4.0, 0.1401163425040628)	(5.0, 0.10049327843529095)	(6.0, 0.0815431173589218)	(7.0, 0.07369507085254669)	(8.0, 0.07350365508409851)	(9.0, 0.08269161196961083)	('>10', 1.7175736902854584)	('>50', 0.880703950630045)	('>100', 2.941486113743078)	('>500', 3.6610179873397612)	('>1k', 11.081058835464749)	('>5k', 0.9739234298643054)	('>10k+', 75.87587070247673)
122022-BEL-CBC-T3-119-MCAV_S74_R2_16S	(1.0, 1.7971176841244163)	(2.0, 0.4370271833855972)	(3.0, 0.1912454537749789)	(4.0, 0.14592138669535962)	(5.0, 0.103176738067426)	(6.0, 0.10833557497079731)	(7.0, 0.09543848271236904)	(8.0, 0.07369767004816143)	(9.0, 0.07959348365201434)	('>10', 1.710154433467586)	('>50', 0.9632285475294698)	('>100', 4.448759852457265)	('>500', 5.734784194797681)	('>1k', 12.56029390630815)	('>5k', 4.359217183348749)	('>10k+', 67.19200822465999)
122022-BEL-CBC-T3-120-SSID_S85_R2_16S	(1.0, 3.1364035886398933)	(2.0, 0.7447417134221269)	(3.0, 0.4396184238259994)	(4.0, 0.317167629974922)	(5.0, 0.27028073350032905)	(6.0, 0.25465176800879813)	(7.0, 0.2378757224811915)	(8.0, 0.2477692877923441)	(9.0, 0.2722881235634615)	('>10', 8.70174915367001)	('>50', 3.6323723192381094)	('>100', 8.5060286225146)	('>500', 4.383422972858653)	('>1k', 13.720511081510073)	('>5k', 6.901550422053761)	('>10k+', 48.23356843694573)
122022-BEL-CBC-T3-122-PAST_S51_R2_16S	(1.0, 2.879596236575164)	(2.0, 0.9438367460483046)	(3.0, 0.5877619146970283)	(4.0, 0.47927036451968646)	(5.0, 0.42224275481108364)	(6.0, 0.3981997555959584)	(7.0, 0.39919326796021976)	(8.0, 0.3894568467904583)	(9.0, 0.35229948436708297)	('>10', 8.183958749366637)	('>50', 5.4283528558512915)	('>100', 8.395576882954309)	('>500', 2.402710301729705)	('>1k', 8.510426912262924)	('>5k', 7.641500998479926)	('>10k+', 52.585615927990226)
122022-BEL-CBC-T3-128-MCAV_S68_R2_16S	(1.0, 1.4441924424373942)	(2.0, 0.3214226361843502)	(3.0, 0.18501494240617408)	(4.0, 0.13410221162981256)	(5.0, 0.10230577033363208)	(6.0, 0.08184461626690567)	(7.0, 0.0840540366590874)	(8.0, 0.05072060726399789)	(9.0, 0.050144236726906995)	('>10', 0.8808863041872358)	('>50', 0.7495698834866958)	('>100', 3.1369927098733235)	('>500', 2.1489975475433645)	('>1k', 10.470251115036836)	('>5k', 1.3307435083866717)	('>10k+', 78.82875743157761)
122022-BEL-CBC-T3-129-PAST_S16_R2_16S	(1.0, 2.9230221210333576)	(2.0, 0.6408069644408676)	(3.0, 0.3890075219429267)	(4.0, 0.30607956183881446)	(5.0, 0.24595679076333302)	(6.0, 0.22390549228110318)	(7.0, 0.2612230743279537)	(8.0, 0.20505822862107764)	(9.0, 0.22220923855170086)	('>10', 6.001157221988725)	('>50', 3.576645224763043)	('>100', 9.2323321038635)	('>500', 4.099468318692151)	('>1k', 9.680896978972108)	('>5k', 4.049523069993083)	('>10k+', 57.942708087926256)
122022-BEL-CBC-T3-132-MCAV_S55_R2_16S	(1.0, 1.6428438071328846)	(2.0, 0.43516397321381395)	(3.0, 0.27053907023330476)	(4.0, 0.1812987519271799)	(5.0, 0.13092494067280153)	(6.0, 0.11061102611101262)	(7.0, 0.08548283121955115)	(8.0, 0.07702848527476037)	(9.0, 0.0612940080997331)	('>10', 2.228659528224012)	('>50', 2.5909047676640053)	('>100', 4.512037462146253)	('>500', 0.3451017046075011)	('>1k', 2.725000088066104)	('>5k', 0.7684061092043168)	('>10k+', 83.83470344620277)
122022-BEL-CBC-T3-133-MCAV_S57_R2_16S	(1.0, 2.115265591436997)	(2.0, 0.5960399232325544)	(3.0, 0.3791562862447924)	(4.0, 0.2323134081243813)	(5.0, 0.2219113152232896)	(6.0, 0.21740374163281653)	(7.0, 0.19295882331525102)	(8.0, 0.2052679665815429)	(9.0, 0.22936614846907197)	('>10', 5.471154129544198)	('>50', 4.375293642414188)	('>100', 6.00495486358522)	('>500', 1.7231066890658402)	('>1k', 4.2606972522871605)	('>5k', 2.1358964090241623)	('>10k+', 71.63921380981854)
122022-BEL-CBC-T3-145-MCAV_S93_R2_16S	(1.0, 1.401862367888505)	(2.0, 0.27357842763251117)	(3.0, 0.17166773845466338)	(4.0, 0.11698838472465947)	(5.0, 0.0926460810707707)	(6.0, 0.08610635770106925)	(7.0, 0.0673954825044234)	(8.0, 0.07557013671655022)	(9.0, 0.0752068187515668)	('>10', 1.0167453250060856)	('>50', 0.708106713752675)	('>100', 3.49112232552563)	('>500', 2.668933770768163)	('>1k', 3.506381680054934)	('>5k', 3.4673249988192163)	('>10k+', 82.78036339062858)
122022-BEL-CBC-T3-147-OFAV_S92_R2_16S	(1.0, 2.1805711833014314)	(2.0, 0.5634300922752797)	(3.0, 0.35252164437556066)	(4.0, 0.2762741976070846)	(5.0, 0.24483818387498746)	(6.0, 0.19360352687892526)	(7.0, 0.16874187178791572)	(8.0, 0.14327567797128893)	(9.0, 0.13602121326388192)	('>10', 2.476115052787566)	('>50', 1.6469146232628014)	('>100', 6.47083138432567)	('>500', 2.7364445415064953)	('>1k', 8.742007809128987)	('>5k', 5.173793548513855)	('>10k+', 68.49461544913827)
122022-BEL-CBC-T4-10-OFAV_S64_R2_16S	(1.0, 1.4753563006836512)	(2.0, 0.30279130306444296)	(3.0, 0.18311728120924187)	(4.0, 0.12742077773422084)	(5.0, 0.09282750579170175)	(6.0, 0.07372774560722212)	(7.0, 0.06404430075844747)	(8.0, 0.05556293871848623)	(9.0, 0.0589020576318568)	('>10', 1.0950306564507437)	('>50', 0.756243651500166)	('>100', 2.550018331762834)	('>500', 1.9745545782325509)	('>1k', 11.391738084855026)	('>5k', 4.331705401559102)	('>10k+', 75.4669590844403)
122022-BEL-CBC-T4-36-PSTR_S86_R2_16S	(1.0, 1.2281668108687012)	(2.0, 0.22416280814398565)	(3.0, 0.1403254066944676)	(4.0, 0.10786397381614815)	(5.0, 0.08818263262220642)	(6.0, 0.08051457761157979)	(7.0, 0.0787253647757669)	(8.0, 0.05214277407226119)	(9.0, 0.04600833006375988)	('>10', 0.6252020851997592)	('>50', 0.6098659751785059)	('>100', 3.175341579900494)	('>500', 1.6157869916558782)	('>1k', 0.7767739725764793)	('>5k', 2.866191162055397)	('>10k+', 88.28474555476461)
122022-BEL-CBC-T4-38-MCAV_S66_R2_16S	(1.0, 1.217122948554002)	(2.0, 0.26102179197838926)	(3.0, 0.1491408454554567)	(4.0, 0.10124972536011995)	(5.0, 0.08960600694370616)	(6.0, 0.0771522907244114)	(7.0, 0.05032111350397962)	(8.0, 0.04859986817285758)	(9.0, 0.041006138770848584)	('>10', 0.8562689273705345)	('>50', 0.5622397249247462)	('>100', 2.427462165508876)	('>500', 1.7211440813966792)	('>1k', 8.781186181032483)	('>5k', 0.7912666036893374)	('>10k+', 82.82521158661356)
122022-BEL-CBC-T4-5-MCAV_S21_R2_16S	(1.0, 1.8956763013240092)	(2.0, 0.4109550369214265)	(3.0, 0.24983969123927746)	(4.0, 0.18874088054880042)	(5.0, 0.15930052952302598)	(6.0, 0.13913590553276953)	(7.0, 0.1439754152904311)	(8.0, 0.13873261305296442)	(9.0, 0.10888896954738485)	('>10', 1.6567255070394704)	('>50', 0.957617993297279)	('>100', 2.6550760407970673)	('>500', 1.736577418040886)	('>1k', 6.6738856020551784)	('>5k', 6.1784407906145775)	('>10k+', 76.70643130517544)
122022-BEL-CBC-T4-6-MCAV_S87_R2_16S	(1.0, 1.2800876710235567)	(2.0, 0.22419142461831948)	(3.0, 0.14253703993305297)	(4.0, 0.09550220431025323)	(5.0, 0.09251776042555782)	(6.0, 0.07091038670036302)	(7.0, 0.06518025444174784)	(8.0, 0.05539127849994688)	(9.0, 0.06016638871545953)	('>10', 0.6797369391782274)	('>50', 0.4607981357969719)	('>100', 2.9186667414767267)	('>500', 2.3734685326205684)	('>1k', 2.7972595642473173)	('>5k', 1.9965929588612314)	('>10k+', 86.68699271915071)
122022-BEL-CBC-T4-9-OFAV_S9_R2_16S	(1.0, 1.370214592464594)	(2.0, 0.29072533093791)	(3.0, 0.18784307912198295)	(4.0, 0.12301619787022677)	(5.0, 0.1050947733603556)	(6.0, 0.09425341779265575)	(7.0, 0.07743825405499885)	(8.0, 0.06372062047954193)	(9.0, 0.047790465359656434)	('>10', 1.2166655972812535)	('>50', 0.8991687556557582)	('>100', 1.6177957532861478)	('>500', 0.9892183825139997)	('>1k', 3.649554287534875)	('>5k', 5.841056877291343)	('>10k+', 83.42644361499471)
122023-BEL-CBC-T1-511-OANN_S14_R2_16S	(1.0, 1.628366452700626)	(2.0, 0.3234955787181356)	(3.0, 0.20020899008614257)	(4.0, 0.15735724133086293)	(5.0, 0.12205723518409568)	(6.0, 0.10853434725722465)	(7.0, 0.07621991376963673)	(8.0, 0.05479403939199692)	(9.0, 0.04267612683415144)	('>10', 1.9076053072944565)	('>50', 1.3331460032841298)	('>100', 3.009984106216138)	('>500', 0.5482916377622254)	('>1k', 3.977660891632494)	('>5k', 1.9785565634302473)	('>10k+', 84.53104556510743)
122023-BEL-CBC-T3-479-PAST_S29_R2_16S	(1.0, 3.5720061751084318)	(2.0, 0.9178122472983901)	(3.0, 0.6092406086892597)	(4.0, 0.4800411673895464)	(5.0, 0.38778210688818643)	(6.0, 0.37050650591781226)	(7.0, 0.3164743071381313)	(8.0, 0.29111225464970963)	(9.0, 0.2464529883114019)	('>10', 4.645850180107329)	('>50', 2.519297213849886)	('>100', 6.967764463721238)	('>500', 3.1017055061383516)	('>1k', 12.193449974270381)	('>5k', 9.330294787914431)	('>10k+', 54.050209512607516)
122023-BEL-CBC-T3-530-PSTR_S31_R2_16S	(1.0, 1.8237317206867893)	(2.0, 0.358071189857302)	(3.0, 0.20688557636199673)	(4.0, 0.15737449825827102)	(5.0, 0.11272611532544694)	(6.0, 0.10211659858893427)	(7.0, 0.09438049263522713)	(8.0, 0.05481583647198203)	(9.0, 0.0716142379714604)	('>10', 1.5607041182607466)	('>50', 1.2788888299471293)	('>100', 3.4153802627623646)	('>500', 0.7725054373773275)	('>1k', 5.756325924354146)	('>5k', 5.313599632203419)	('>10k+', 78.92087952893746)
Negative_S96_R2_16S	(1.0, 6.981104860810616)	(2.0, 1.8173950670705323)	(3.0, 1.0709649502379923)	(4.0, 0.5769508149430261)	(5.0, 0.6310399538439349)	(6.0, 0.3678061445261791)	(7.0, 0.25241598153757394)	(8.0, 0.2596278667243618)	(9.0, 0.22717438338381654)	('>10', 6.670993797778739)	('>50', 6.079619212462138)	('>100', 27.37992211163998)	('>500', 0.0)	('>1k', 24.765613731429394)	('>5k', 22.91937112361171)	('>10k+', 0.0)
Undetermined_S0_R2_16S	(1.0, 15.35053684588466)	(2.0, 1.594080596148912)	(3.0, 0.8282366762402391)	(4.0, 0.5589547667090403)	(5.0, 0.40885313544785884)	(6.0, 0.3782620163592227)	(7.0, 0.32216880800939013)	(8.0, 0.2882865349231325)	(9.0, 0.2772548116678187)	('>10', 8.20881324064957)	('>50', 9.42084526210023)	('>100', 11.27862730517852)	('>500', 1.3469719391611723)	('>1k', 21.66921066198626)	('>5k', 7.510378919074209)	('>10k+', 20.558518480459746)
