Sample	0	1	2	3	4	5	6	7	8	9	10	11	12	13	14	15	16	17	18	19	20	21	22	23	24	25	26	27	28	29	30	31	32	33	34	35	36	37	38
012024-BEL-CBC-T2-597-PAST_S54_R2_16S	(7.0, 1.0)	(8.0, 7.0)	(9.0, 4.0)	(10.0, 4.0)	(11.0, 2.0)	(12.0, 7.0)	(13.0, 12.0)	(14.0, 7.0)	(15.0, 58.0)	(16.0, 387.0)	(17.0, 793.0)	(18.0, 1118.0)	(19.0, 1397.0)	(20.0, 1345.0)	(21.0, 1332.0)	(22.0, 1257.0)	(23.0, 1459.0)	(24.0, 1602.0)	(25.0, 1853.0)	(26.0, 2068.0)	(27.0, 2290.0)	(28.0, 2787.0)	(29.0, 3209.0)	(30.0, 3812.0)	(31.0, 4462.0)	(32.0, 5677.0)	(33.0, 7142.0)	(34.0, 9454.0)	(35.0, 12249.0)	(36.0, 17234.0)	(37.0, 26796.0)	(38.0, 75984.0)	(39.0, 727573.0)	(40.0, 9852.0)					
012024-BEL-CBC-T3-640-MCAV_S56_R2_16S	(8.0, 1.0)	(9.0, 4.0)	(10.0, 4.0)	(11.0, 1.0)	(12.0, 2.0)	(13.0, 5.0)	(14.0, 7.0)	(15.0, 28.0)	(16.0, 297.0)	(17.0, 666.0)	(18.0, 931.0)	(19.0, 999.0)	(20.0, 1078.0)	(21.0, 1439.0)	(22.0, 1407.0)	(23.0, 1423.0)	(24.0, 2443.0)	(25.0, 1916.0)	(26.0, 1773.0)	(27.0, 2186.0)	(28.0, 2346.0)	(29.0, 2611.0)	(30.0, 3003.0)	(31.0, 3490.0)	(32.0, 4225.0)	(33.0, 5126.0)	(34.0, 6646.0)	(35.0, 8584.0)	(36.0, 12776.0)	(37.0, 20765.0)	(38.0, 54073.0)	(39.0, 760580.0)	(40.0, 64805.0)						
022024-BEL-CBC-T1-773-SSID_S63_R2_16S	(8.0, 2.0)	(9.0, 2.0)	(10.0, 3.0)	(11.0, 3.0)	(12.0, 2.0)	(13.0, 5.0)	(14.0, 2.0)	(15.0, 49.0)	(16.0, 304.0)	(17.0, 624.0)	(18.0, 906.0)	(19.0, 1408.0)	(20.0, 1491.0)	(21.0, 1391.0)	(22.0, 1314.0)	(23.0, 1358.0)	(24.0, 1487.0)	(25.0, 1706.0)	(26.0, 1992.0)	(27.0, 2251.0)	(28.0, 2776.0)	(29.0, 3161.0)	(30.0, 3735.0)	(31.0, 4328.0)	(32.0, 5469.0)	(33.0, 6495.0)	(34.0, 8448.0)	(35.0, 10792.0)	(36.0, 15558.0)	(37.0, 25384.0)	(38.0, 76879.0)	(39.0, 689786.0)	(40.0, 11719.0)						
022024-BEL-CBC-T3-845-SSID_S70_R2_16S	(11.0, 1.0)	(12.0, 4.0)	(13.0, 1.0)	(14.0, 8.0)	(15.0, 68.0)	(16.0, 409.0)	(17.0, 881.0)	(18.0, 1240.0)	(19.0, 1831.0)	(20.0, 1637.0)	(21.0, 1505.0)	(22.0, 1515.0)	(23.0, 1604.0)	(24.0, 1843.0)	(25.0, 1980.0)	(26.0, 2320.0)	(27.0, 2696.0)	(28.0, 3170.0)	(29.0, 3652.0)	(30.0, 4185.0)	(31.0, 4951.0)	(32.0, 6069.0)	(33.0, 7251.0)	(34.0, 9363.0)	(35.0, 11949.0)	(36.0, 17539.0)	(37.0, 28913.0)	(38.0, 93746.0)	(39.0, 716363.0)	(40.0, 9306.0)									
022024-BEL-CBC-T3-846-OFAV_S94_R2_16S	(8.0, 1.0)	(9.0, 1.0)	(10.0, 0.0)	(11.0, 1.0)	(12.0, 1.0)	(13.0, 2.0)	(14.0, 3.0)	(15.0, 76.0)	(16.0, 568.0)	(17.0, 1194.0)	(18.0, 1080.0)	(19.0, 990.0)	(20.0, 1121.0)	(21.0, 1611.0)	(22.0, 1768.0)	(23.0, 1927.0)	(24.0, 3123.0)	(25.0, 2740.0)	(26.0, 2690.0)	(27.0, 3205.0)	(28.0, 3602.0)	(29.0, 4052.0)	(30.0, 4652.0)	(31.0, 5570.0)	(32.0, 7040.0)	(33.0, 8980.0)	(34.0, 11646.0)	(35.0, 15496.0)	(36.0, 22172.0)	(37.0, 36906.0)	(38.0, 103468.0)	(39.0, 1027083.0)	(40.0, 19631.0)						
022024-BEL-CBC-T3-849-PSTR_S23_R2_16S	(5.0, 1.0)	(6.0, 0.0)	(7.0, 0.0)	(8.0, 0.0)	(9.0, 1.0)	(10.0, 0.0)	(11.0, 1.0)	(12.0, 0.0)	(13.0, 0.0)	(14.0, 3.0)	(15.0, 25.0)	(16.0, 165.0)	(17.0, 331.0)	(18.0, 427.0)	(19.0, 508.0)	(20.0, 538.0)	(21.0, 691.0)	(22.0, 662.0)	(23.0, 671.0)	(24.0, 1360.0)	(25.0, 1295.0)	(26.0, 1170.0)	(27.0, 1341.0)	(28.0, 1403.0)	(29.0, 1636.0)	(30.0, 1848.0)	(31.0, 2180.0)	(32.0, 2644.0)	(33.0, 3311.0)	(34.0, 4322.0)	(35.0, 5646.0)	(36.0, 8293.0)	(37.0, 13719.0)	(38.0, 40005.0)	(39.0, 350928.0)	(40.0, 9694.0)			
022024-BEL-CBC-T3-850-MCAV_S43_R2_16S	(11.0, 1.0)	(12.0, 0.0)	(13.0, 2.0)	(14.0, 1.0)	(15.0, 33.0)	(16.0, 219.0)	(17.0, 402.0)	(18.0, 455.0)	(19.0, 554.0)	(20.0, 606.0)	(21.0, 985.0)	(22.0, 941.0)	(23.0, 1003.0)	(24.0, 1769.0)	(25.0, 1389.0)	(26.0, 1293.0)	(27.0, 1511.0)	(28.0, 1648.0)	(29.0, 1921.0)	(30.0, 2152.0)	(31.0, 2593.0)	(32.0, 3071.0)	(33.0, 3818.0)	(34.0, 4766.0)	(35.0, 6743.0)	(36.0, 9960.0)	(37.0, 16964.0)	(38.0, 46938.0)	(39.0, 589300.0)	(40.0, 48115.0)									
022024-BEL-CBC-T3-853-SSID_S75_R2_16S	(14.0, 2.0)	(15.0, 21.0)	(16.0, 98.0)	(17.0, 169.0)	(18.0, 233.0)	(19.0, 286.0)	(20.0, 287.0)	(21.0, 331.0)	(22.0, 327.0)	(23.0, 355.0)	(24.0, 401.0)	(25.0, 515.0)	(26.0, 653.0)	(27.0, 821.0)	(28.0, 1116.0)	(29.0, 1535.0)	(30.0, 2066.0)	(31.0, 2939.0)	(32.0, 4024.0)	(33.0, 4877.0)	(34.0, 5966.0)	(35.0, 6873.0)	(36.0, 9429.0)	(37.0, 14458.0)	(38.0, 43302.0)	(39.0, 348212.0)	(40.0, 4364.0)												
022024-BEL-CBC-T4-871-PSTR_S91_R2_16S	(10.0, 1.0)	(11.0, 1.0)	(12.0, 1.0)	(13.0, 3.0)	(14.0, 1.0)	(15.0, 37.0)	(16.0, 337.0)	(17.0, 696.0)	(18.0, 977.0)	(19.0, 1072.0)	(20.0, 1247.0)	(21.0, 1701.0)	(22.0, 1858.0)	(23.0, 1792.0)	(24.0, 3868.0)	(25.0, 3588.0)	(26.0, 3192.0)	(27.0, 3535.0)	(28.0, 4025.0)	(29.0, 4522.0)	(30.0, 5786.0)	(31.0, 6836.0)	(32.0, 8830.0)	(33.0, 10489.0)	(34.0, 13485.0)	(35.0, 15814.0)	(36.0, 21915.0)	(37.0, 34418.0)	(38.0, 87443.0)	(39.0, 1124571.0)	(40.0, 91396.0)								
042024-BEL-CBC-T1-932-SSID_S18_R2_16S	(6.0, 1.0)	(7.0, 1.0)	(8.0, 1.0)	(9.0, 1.0)	(10.0, 1.0)	(11.0, 1.0)	(12.0, 2.0)	(13.0, 1.0)	(14.0, 2.0)	(15.0, 35.0)	(16.0, 194.0)	(17.0, 409.0)	(18.0, 513.0)	(19.0, 592.0)	(20.0, 578.0)	(21.0, 599.0)	(22.0, 663.0)	(23.0, 691.0)	(24.0, 843.0)	(25.0, 965.0)	(26.0, 1144.0)	(27.0, 1400.0)	(28.0, 1694.0)	(29.0, 1953.0)	(30.0, 2409.0)	(31.0, 2826.0)	(32.0, 3679.0)	(33.0, 4668.0)	(34.0, 5878.0)	(35.0, 7461.0)	(36.0, 10230.0)	(37.0, 16936.0)	(38.0, 56481.0)	(39.0, 320745.0)	(40.0, 1250.0)				
042024-BEL-CBC-T1-938-SSID_S17_R2_16S	(7.0, 1.0)	(8.0, 0.0)	(9.0, 0.0)	(10.0, 0.0)	(11.0, 0.0)	(12.0, 0.0)	(13.0, 1.0)	(14.0, 0.0)	(15.0, 29.0)	(16.0, 131.0)	(17.0, 240.0)	(18.0, 292.0)	(19.0, 327.0)	(20.0, 355.0)	(21.0, 421.0)	(22.0, 472.0)	(23.0, 530.0)	(24.0, 660.0)	(25.0, 750.0)	(26.0, 894.0)	(27.0, 999.0)	(28.0, 1316.0)	(29.0, 1550.0)	(30.0, 1969.0)	(31.0, 2494.0)	(32.0, 3222.0)	(33.0, 3949.0)	(34.0, 4552.0)	(35.0, 5677.0)	(36.0, 7540.0)	(37.0, 11810.0)	(38.0, 32156.0)	(39.0, 223365.0)	(40.0, 1644.0)					
042024-BEL-CBC-T1-940-SSID_S35_R2_16S	(12.0, 1.0)	(13.0, 1.0)	(14.0, 4.0)	(15.0, 42.0)	(16.0, 244.0)	(17.0, 438.0)	(18.0, 617.0)	(19.0, 666.0)	(20.0, 600.0)	(21.0, 692.0)	(22.0, 690.0)	(23.0, 791.0)	(24.0, 1061.0)	(25.0, 1215.0)	(26.0, 1597.0)	(27.0, 2067.0)	(28.0, 2811.0)	(29.0, 3871.0)	(30.0, 5316.0)	(31.0, 7565.0)	(32.0, 10698.0)	(33.0, 13092.0)	(34.0, 15586.0)	(35.0, 18051.0)	(36.0, 22761.0)	(37.0, 29659.0)	(38.0, 64670.0)	(39.0, 401923.0)	(40.0, 5700.0)										
042024-BEL-CBC-T2-1030-SSID_S48_R2_16S	(10.0, 1.0)	(11.0, 0.0)	(12.0, 1.0)	(13.0, 1.0)	(14.0, 1.0)	(15.0, 33.0)	(16.0, 229.0)	(17.0, 486.0)	(18.0, 771.0)	(19.0, 849.0)	(20.0, 822.0)	(21.0, 812.0)	(22.0, 787.0)	(23.0, 807.0)	(24.0, 924.0)	(25.0, 1099.0)	(26.0, 1185.0)	(27.0, 1379.0)	(28.0, 1613.0)	(29.0, 1872.0)	(30.0, 2239.0)	(31.0, 2661.0)	(32.0, 3200.0)	(33.0, 3970.0)	(34.0, 5206.0)	(35.0, 6793.0)	(36.0, 9759.0)	(37.0, 16509.0)	(38.0, 52057.0)	(39.0, 430096.0)	(40.0, 5431.0)								
042024-BEL-CBC-T3-1011-SSID_S10_R2_16S	(8.0, 1.0)	(9.0, 2.0)	(10.0, 2.0)	(11.0, 0.0)	(12.0, 0.0)	(13.0, 2.0)	(14.0, 7.0)	(15.0, 64.0)	(16.0, 234.0)	(17.0, 501.0)	(18.0, 657.0)	(19.0, 680.0)	(20.0, 776.0)	(21.0, 724.0)	(22.0, 847.0)	(23.0, 988.0)	(24.0, 1146.0)	(25.0, 1391.0)	(26.0, 1843.0)	(27.0, 1998.0)	(28.0, 2316.0)	(29.0, 2592.0)	(30.0, 2906.0)	(31.0, 3254.0)	(32.0, 3931.0)	(33.0, 4792.0)	(34.0, 5999.0)	(35.0, 7944.0)	(36.0, 11543.0)	(37.0, 19825.0)	(38.0, 69578.0)	(39.0, 443959.0)	(40.0, 1834.0)						
042024-BEL-CBC-T3-1012-SSID_S27_R2_16S	(10.0, 1.0)	(11.0, 0.0)	(12.0, 2.0)	(13.0, 4.0)	(14.0, 5.0)	(15.0, 40.0)	(16.0, 147.0)	(17.0, 276.0)	(18.0, 372.0)	(19.0, 419.0)	(20.0, 407.0)	(21.0, 433.0)	(22.0, 476.0)	(23.0, 483.0)	(24.0, 524.0)	(25.0, 675.0)	(26.0, 781.0)	(27.0, 924.0)	(28.0, 1142.0)	(29.0, 1407.0)	(30.0, 1712.0)	(31.0, 2165.0)	(32.0, 2784.0)	(33.0, 3480.0)	(34.0, 4422.0)	(35.0, 5840.0)	(36.0, 8526.0)	(37.0, 14386.0)	(38.0, 48877.0)	(39.0, 341198.0)	(40.0, 2941.0)								
042024-BEL-CBC-T3-1057-SSID_S5_R2_16S	(14.0, 3.0)	(15.0, 26.0)	(16.0, 185.0)	(17.0, 391.0)	(18.0, 459.0)	(19.0, 565.0)	(20.0, 582.0)	(21.0, 641.0)	(22.0, 723.0)	(23.0, 795.0)	(24.0, 906.0)	(25.0, 1040.0)	(26.0, 1198.0)	(27.0, 1499.0)	(28.0, 1835.0)	(29.0, 2434.0)	(30.0, 2778.0)	(31.0, 3504.0)	(32.0, 4568.0)	(33.0, 5668.0)	(34.0, 6631.0)	(35.0, 8006.0)	(36.0, 10645.0)	(37.0, 15975.0)	(38.0, 45569.0)	(39.0, 285380.0)	(40.0, 1839.0)												
042024-BEL-CBC-T3-942-PAST_S34_R2_16S	(10.0, 1.0)	(11.0, 2.0)	(12.0, 3.0)	(13.0, 7.0)	(14.0, 12.0)	(15.0, 82.0)	(16.0, 507.0)	(17.0, 1112.0)	(18.0, 1697.0)	(19.0, 1913.0)	(20.0, 1886.0)	(21.0, 1919.0)	(22.0, 2079.0)	(23.0, 2214.0)	(24.0, 2514.0)	(25.0, 2823.0)	(26.0, 3293.0)	(27.0, 3801.0)	(28.0, 4703.0)	(29.0, 5313.0)	(30.0, 6507.0)	(31.0, 8123.0)	(32.0, 11221.0)	(33.0, 15902.0)	(34.0, 23149.0)	(35.0, 32346.0)	(36.0, 43177.0)	(37.0, 58401.0)	(38.0, 127953.0)	(39.0, 668477.0)	(40.0, 8117.0)								
042024-BEL-CBC-T3-953-MCAV_S41_R2_16S	(9.0, 3.0)	(10.0, 1.0)	(11.0, 0.0)	(12.0, 3.0)	(13.0, 0.0)	(14.0, 2.0)	(15.0, 10.0)	(16.0, 118.0)	(17.0, 225.0)	(18.0, 292.0)	(19.0, 351.0)	(20.0, 407.0)	(21.0, 604.0)	(22.0, 558.0)	(23.0, 603.0)	(24.0, 1091.0)	(25.0, 850.0)	(26.0, 760.0)	(27.0, 883.0)	(28.0, 1007.0)	(29.0, 1074.0)	(30.0, 1261.0)	(31.0, 1470.0)	(32.0, 1804.0)	(33.0, 2096.0)	(34.0, 2766.0)	(35.0, 3768.0)	(36.0, 5541.0)	(37.0, 9181.0)	(38.0, 24656.0)	(39.0, 352348.0)	(40.0, 31106.0)							
052022-BEL-CBC-T1-10-PSTR_S38_R2_16S	(12.0, 1.0)	(13.0, 5.0)	(14.0, 6.0)	(15.0, 33.0)	(16.0, 275.0)	(17.0, 586.0)	(18.0, 904.0)	(19.0, 932.0)	(20.0, 960.0)	(21.0, 1060.0)	(22.0, 1145.0)	(23.0, 1022.0)	(24.0, 1639.0)	(25.0, 1603.0)	(26.0, 1593.0)	(27.0, 1776.0)	(28.0, 2109.0)	(29.0, 2315.0)	(30.0, 2752.0)	(31.0, 3236.0)	(32.0, 4056.0)	(33.0, 5061.0)	(34.0, 6453.0)	(35.0, 8409.0)	(36.0, 11790.0)	(37.0, 19503.0)	(38.0, 56973.0)	(39.0, 498911.0)	(40.0, 28215.0)										
052022-BEL-CBC-T1-17-SSID_S69_R2_16S	(9.0, 1.0)	(10.0, 1.0)	(11.0, 1.0)	(12.0, 1.0)	(13.0, 1.0)	(14.0, 1.0)	(15.0, 52.0)	(16.0, 418.0)	(17.0, 873.0)	(18.0, 1463.0)	(19.0, 2029.0)	(20.0, 1896.0)	(21.0, 1975.0)	(22.0, 2144.0)	(23.0, 2467.0)	(24.0, 2752.0)	(25.0, 3293.0)	(26.0, 3707.0)	(27.0, 4405.0)	(28.0, 5567.0)	(29.0, 6602.0)	(30.0, 8783.0)	(31.0, 11674.0)	(32.0, 15885.0)	(33.0, 20144.0)	(34.0, 25599.0)	(35.0, 30318.0)	(36.0, 38526.0)	(37.0, 49818.0)	(38.0, 96953.0)	(39.0, 579287.0)	(40.0, 11428.0)							
052022-BEL-CBC-T1-34-PAST_S40_R2_16S	(11.0, 1.0)	(12.0, 0.0)	(13.0, 1.0)	(14.0, 6.0)	(15.0, 41.0)	(16.0, 262.0)	(17.0, 620.0)	(18.0, 851.0)	(19.0, 900.0)	(20.0, 832.0)	(21.0, 831.0)	(22.0, 821.0)	(23.0, 962.0)	(24.0, 1059.0)	(25.0, 1124.0)	(26.0, 1372.0)	(27.0, 1565.0)	(28.0, 1839.0)	(29.0, 2070.0)	(30.0, 2377.0)	(31.0, 2965.0)	(32.0, 3848.0)	(33.0, 5025.0)	(34.0, 6936.0)	(35.0, 9430.0)	(36.0, 12497.0)	(37.0, 19088.0)	(38.0, 53116.0)	(39.0, 309542.0)	(40.0, 1424.0)									
052022-BEL-CBC-T1-4-PSTR_S52_R2_16S	(9.0, 1.0)	(10.0, 1.0)	(11.0, 4.0)	(12.0, 7.0)	(13.0, 6.0)	(14.0, 7.0)	(15.0, 42.0)	(16.0, 356.0)	(17.0, 764.0)	(18.0, 1005.0)	(19.0, 1090.0)	(20.0, 1085.0)	(21.0, 1545.0)	(22.0, 1650.0)	(23.0, 1520.0)	(24.0, 2646.0)	(25.0, 2364.0)	(26.0, 2139.0)	(27.0, 2489.0)	(28.0, 2675.0)	(29.0, 3102.0)	(30.0, 3520.0)	(31.0, 4066.0)	(32.0, 5059.0)	(33.0, 6236.0)	(34.0, 8096.0)	(35.0, 10722.0)	(36.0, 15747.0)	(37.0, 25643.0)	(38.0, 68836.0)	(39.0, 907938.0)	(40.0, 46074.0)							
052022-BEL-CBC-T1-61-PAST_S89_R2_16S	(12.0, 1.0)	(13.0, 0.0)	(14.0, 2.0)	(15.0, 27.0)	(16.0, 121.0)	(17.0, 195.0)	(18.0, 314.0)	(19.0, 578.0)	(20.0, 626.0)	(21.0, 616.0)	(22.0, 574.0)	(23.0, 559.0)	(24.0, 599.0)	(25.0, 618.0)	(26.0, 800.0)	(27.0, 851.0)	(28.0, 1039.0)	(29.0, 1197.0)	(30.0, 1468.0)	(31.0, 1781.0)	(32.0, 2179.0)	(33.0, 2859.0)	(34.0, 3725.0)	(35.0, 5233.0)	(36.0, 8071.0)	(37.0, 14264.0)	(38.0, 49714.0)	(39.0, 423666.0)	(40.0, 3310.0)										
052022-BEL-CBC-T2-4-MCAV_S83_R2_16S	(12.0, 1.0)	(13.0, 0.0)	(14.0, 5.0)	(15.0, 11.0)	(16.0, 109.0)	(17.0, 194.0)	(18.0, 231.0)	(19.0, 279.0)	(20.0, 331.0)	(21.0, 528.0)	(22.0, 484.0)	(23.0, 575.0)	(24.0, 1502.0)	(25.0, 817.0)	(26.0, 793.0)	(27.0, 835.0)	(28.0, 939.0)	(29.0, 971.0)	(30.0, 1133.0)	(31.0, 1318.0)	(32.0, 1785.0)	(33.0, 2180.0)	(34.0, 3077.0)	(35.0, 3550.0)	(36.0, 4803.0)	(37.0, 8084.0)	(38.0, 26286.0)	(39.0, 460515.0)	(40.0, 38701.0)										
052022-BEL-CBC-T2-60-PAST_S20_R2_16S	(12.0, 2.0)	(13.0, 1.0)	(14.0, 3.0)	(15.0, 38.0)	(16.0, 196.0)	(17.0, 432.0)	(18.0, 545.0)	(19.0, 642.0)	(20.0, 625.0)	(21.0, 669.0)	(22.0, 631.0)	(23.0, 740.0)	(24.0, 855.0)	(25.0, 934.0)	(26.0, 1099.0)	(27.0, 1268.0)	(28.0, 1409.0)	(29.0, 1721.0)	(30.0, 2016.0)	(31.0, 2349.0)	(32.0, 2817.0)	(33.0, 3495.0)	(34.0, 4519.0)	(35.0, 5938.0)	(36.0, 8933.0)	(37.0, 15222.0)	(38.0, 53549.0)	(39.0, 327841.0)	(40.0, 1102.0)										
052022-BEL-CBC-T2-62-PAST_S12_R2_16S	(9.0, 1.0)	(10.0, 0.0)	(11.0, 1.0)	(12.0, 2.0)	(13.0, 1.0)	(14.0, 8.0)	(15.0, 54.0)	(16.0, 342.0)	(17.0, 713.0)	(18.0, 1029.0)	(19.0, 1169.0)	(20.0, 1140.0)	(21.0, 1000.0)	(22.0, 1059.0)	(23.0, 1136.0)	(24.0, 1263.0)	(25.0, 1475.0)	(26.0, 1646.0)	(27.0, 1946.0)	(28.0, 2259.0)	(29.0, 2696.0)	(30.0, 3199.0)	(31.0, 3701.0)	(32.0, 4593.0)	(33.0, 5551.0)	(34.0, 7216.0)	(35.0, 9691.0)	(36.0, 13960.0)	(37.0, 23737.0)	(38.0, 82809.0)	(39.0, 563525.0)	(40.0, 2898.0)							
052022-BEL-CBC-T2-72-OFAV_S13_R2_16S	(8.0, 3.0)	(9.0, 0.0)	(10.0, 0.0)	(11.0, 5.0)	(12.0, 5.0)	(13.0, 4.0)	(14.0, 6.0)	(15.0, 52.0)	(16.0, 237.0)	(17.0, 548.0)	(18.0, 684.0)	(19.0, 827.0)	(20.0, 876.0)	(21.0, 927.0)	(22.0, 1098.0)	(23.0, 1119.0)	(24.0, 1547.0)	(25.0, 1736.0)	(26.0, 1878.0)	(27.0, 2053.0)	(28.0, 2577.0)	(29.0, 3081.0)	(30.0, 3856.0)	(31.0, 4586.0)	(32.0, 5944.0)	(33.0, 7600.0)	(34.0, 9997.0)	(35.0, 11842.0)	(36.0, 15769.0)	(37.0, 24365.0)	(38.0, 68802.0)	(39.0, 451610.0)	(40.0, 4988.0)						
052022-BEL-CBC-T3-40-MCAV_S1_R2_16S	(9.0, 1.0)	(10.0, 2.0)	(11.0, 2.0)	(12.0, 1.0)	(13.0, 5.0)	(14.0, 3.0)	(15.0, 33.0)	(16.0, 165.0)	(17.0, 317.0)	(18.0, 404.0)	(19.0, 444.0)	(20.0, 496.0)	(21.0, 514.0)	(22.0, 520.0)	(23.0, 554.0)	(24.0, 763.0)	(25.0, 757.0)	(26.0, 877.0)	(27.0, 1064.0)	(28.0, 1228.0)	(29.0, 1394.0)	(30.0, 1703.0)	(31.0, 1996.0)	(32.0, 2463.0)	(33.0, 3127.0)	(34.0, 3986.0)	(35.0, 5523.0)	(36.0, 8562.0)	(37.0, 15595.0)	(38.0, 53676.0)	(39.0, 338576.0)	(40.0, 2532.0)							
052022-BEL-CBC-T3-48-MCAV_S7_R2_16S	(9.0, 2.0)	(10.0, 1.0)	(11.0, 6.0)	(12.0, 5.0)	(13.0, 3.0)	(14.0, 4.0)	(15.0, 39.0)	(16.0, 241.0)	(17.0, 531.0)	(18.0, 651.0)	(19.0, 714.0)	(20.0, 872.0)	(21.0, 1105.0)	(22.0, 1011.0)	(23.0, 1158.0)	(24.0, 2076.0)	(25.0, 1606.0)	(26.0, 1634.0)	(27.0, 1747.0)	(28.0, 2085.0)	(29.0, 2374.0)	(30.0, 2769.0)	(31.0, 3297.0)	(32.0, 3984.0)	(33.0, 4973.0)	(34.0, 6378.0)	(35.0, 8356.0)	(36.0, 12637.0)	(37.0, 21362.0)	(38.0, 65740.0)	(39.0, 578854.0)	(40.0, 12004.0)							
052022-BEL-CBC-T3-49-MCAV_S2_R2_16S	(9.0, 2.0)	(10.0, 0.0)	(11.0, 0.0)	(12.0, 5.0)	(13.0, 4.0)	(14.0, 2.0)	(15.0, 19.0)	(16.0, 133.0)	(17.0, 270.0)	(18.0, 358.0)	(19.0, 444.0)	(20.0, 456.0)	(21.0, 612.0)	(22.0, 614.0)	(23.0, 726.0)	(24.0, 1429.0)	(25.0, 1005.0)	(26.0, 957.0)	(27.0, 1062.0)	(28.0, 1051.0)	(29.0, 1244.0)	(30.0, 1463.0)	(31.0, 1698.0)	(32.0, 2139.0)	(33.0, 2692.0)	(34.0, 3449.0)	(35.0, 4664.0)	(36.0, 6775.0)	(37.0, 11292.0)	(38.0, 30904.0)	(39.0, 331223.0)	(40.0, 10483.0)							
052022-BEL-CBC-T3-51-MCAV_S33_R2_16S	(11.0, 2.0)	(12.0, 2.0)	(13.0, 2.0)	(14.0, 2.0)	(15.0, 28.0)	(16.0, 177.0)	(17.0, 293.0)	(18.0, 367.0)	(19.0, 429.0)	(20.0, 497.0)	(21.0, 681.0)	(22.0, 675.0)	(23.0, 677.0)	(24.0, 1213.0)	(25.0, 801.0)	(26.0, 841.0)	(27.0, 965.0)	(28.0, 1057.0)	(29.0, 1139.0)	(30.0, 1242.0)	(31.0, 1509.0)	(32.0, 1899.0)	(33.0, 2321.0)	(34.0, 2910.0)	(35.0, 3961.0)	(36.0, 6168.0)	(37.0, 10646.0)	(38.0, 30884.0)	(39.0, 438110.0)	(40.0, 34186.0)									
052022-BEL-CBC-T3-55-PAST_S88_R2_16S	(10.0, 1.0)	(11.0, 1.0)	(12.0, 1.0)	(13.0, 1.0)	(14.0, 7.0)	(15.0, 41.0)	(16.0, 513.0)	(17.0, 1073.0)	(18.0, 2191.0)	(19.0, 3343.0)	(20.0, 2562.0)	(21.0, 2272.0)	(22.0, 2101.0)	(23.0, 2215.0)	(24.0, 2434.0)	(25.0, 2401.0)	(26.0, 2776.0)	(27.0, 3191.0)	(28.0, 3611.0)	(29.0, 4223.0)	(30.0, 4931.0)	(31.0, 5853.0)	(32.0, 7242.0)	(33.0, 8787.0)	(34.0, 11187.0)	(35.0, 14368.0)	(36.0, 20604.0)	(37.0, 33831.0)	(38.0, 105096.0)	(39.0, 892113.0)	(40.0, 5719.0)								
062019-BEL-CBC-T1-16-MCAV_S78_R2_16S	(15.0, 13.0)	(16.0, 161.0)	(17.0, 356.0)	(18.0, 446.0)	(19.0, 550.0)	(20.0, 668.0)	(21.0, 987.0)	(22.0, 922.0)	(23.0, 940.0)	(24.0, 2096.0)	(25.0, 1437.0)	(26.0, 1337.0)	(27.0, 1501.0)	(28.0, 1709.0)	(29.0, 1708.0)	(30.0, 2103.0)	(31.0, 2494.0)	(32.0, 3071.0)	(33.0, 3880.0)	(34.0, 5281.0)	(35.0, 6479.0)	(36.0, 8992.0)	(37.0, 14236.0)	(38.0, 36511.0)	(39.0, 464586.0)	(40.0, 32123.0)													
062019-BEL-CBC-T1-17-MCAV_S65_R2_16S	(11.0, 1.0)	(12.0, 0.0)	(13.0, 0.0)	(14.0, 2.0)	(15.0, 25.0)	(16.0, 178.0)	(17.0, 352.0)	(18.0, 391.0)	(19.0, 496.0)	(20.0, 696.0)	(21.0, 878.0)	(22.0, 935.0)	(23.0, 1102.0)	(24.0, 2414.0)	(25.0, 1554.0)	(26.0, 1448.0)	(27.0, 1496.0)	(28.0, 1651.0)	(29.0, 1755.0)	(30.0, 2010.0)	(31.0, 2271.0)	(32.0, 2954.0)	(33.0, 3544.0)	(34.0, 4858.0)	(35.0, 6300.0)	(36.0, 9353.0)	(37.0, 16827.0)	(38.0, 55198.0)	(39.0, 635075.0)	(40.0, 43377.0)									
062019-BEL-CBC-T2-25-PAST_S79_R2_16S	(10.0, 1.0)	(11.0, 0.0)	(12.0, 1.0)	(13.0, 1.0)	(14.0, 2.0)	(15.0, 16.0)	(16.0, 158.0)	(17.0, 315.0)	(18.0, 473.0)	(19.0, 875.0)	(20.0, 770.0)	(21.0, 704.0)	(22.0, 714.0)	(23.0, 746.0)	(24.0, 796.0)	(25.0, 857.0)	(26.0, 1078.0)	(27.0, 1140.0)	(28.0, 1446.0)	(29.0, 1651.0)	(30.0, 2131.0)	(31.0, 2623.0)	(32.0, 3533.0)	(33.0, 4539.0)	(34.0, 5554.0)	(35.0, 6672.0)	(36.0, 8732.0)	(37.0, 13236.0)	(38.0, 34306.0)	(39.0, 295585.0)	(40.0, 2368.0)								
062019-BEL-CBC-T2-26-SSID_S44_R2_16S	(10.0, 2.0)	(11.0, 1.0)	(12.0, 0.0)	(13.0, 2.0)	(14.0, 6.0)	(15.0, 34.0)	(16.0, 264.0)	(17.0, 513.0)	(18.0, 813.0)	(19.0, 969.0)	(20.0, 978.0)	(21.0, 979.0)	(22.0, 1119.0)	(23.0, 1218.0)	(24.0, 1351.0)	(25.0, 1730.0)	(26.0, 1986.0)	(27.0, 2283.0)	(28.0, 2808.0)	(29.0, 3492.0)	(30.0, 4543.0)	(31.0, 6102.0)	(32.0, 8435.0)	(33.0, 10783.0)	(34.0, 13232.0)	(35.0, 15614.0)	(36.0, 19866.0)	(37.0, 26604.0)	(38.0, 53396.0)	(39.0, 465821.0)	(40.0, 9474.0)								
062019-BEL-CBC-T3-12-PAST_S36_R2_16S	(11.0, 1.0)	(12.0, 1.0)	(13.0, 0.0)	(14.0, 9.0)	(15.0, 48.0)	(16.0, 336.0)	(17.0, 650.0)	(18.0, 1000.0)	(19.0, 1211.0)	(20.0, 1151.0)	(21.0, 1024.0)	(22.0, 1185.0)	(23.0, 1251.0)	(24.0, 1420.0)	(25.0, 1721.0)	(26.0, 1846.0)	(27.0, 2163.0)	(28.0, 2759.0)	(29.0, 3035.0)	(30.0, 3972.0)	(31.0, 5057.0)	(32.0, 6801.0)	(33.0, 8661.0)	(34.0, 11003.0)	(35.0, 13096.0)	(36.0, 17495.0)	(37.0, 24921.0)	(38.0, 62226.0)	(39.0, 460827.0)	(40.0, 3260.0)									
062019-BEL-CBC-T3-15-MCAV_S60_R2_16S	(9.0, 2.0)	(10.0, 1.0)	(11.0, 2.0)	(12.0, 1.0)	(13.0, 5.0)	(14.0, 1.0)	(15.0, 32.0)	(16.0, 318.0)	(17.0, 637.0)	(18.0, 876.0)	(19.0, 942.0)	(20.0, 1056.0)	(21.0, 1338.0)	(22.0, 1438.0)	(23.0, 1534.0)	(24.0, 2468.0)	(25.0, 1980.0)	(26.0, 1954.0)	(27.0, 2394.0)	(28.0, 2751.0)	(29.0, 3081.0)	(30.0, 3474.0)	(31.0, 4294.0)	(32.0, 5740.0)	(33.0, 7203.0)	(34.0, 9323.0)	(35.0, 11815.0)	(36.0, 16347.0)	(37.0, 25577.0)	(38.0, 61938.0)	(39.0, 758343.0)	(40.0, 39283.0)							
062019-BEL-CBC-T3-23-PAST_S26_R2_16S	(8.0, 3.0)	(9.0, 2.0)	(10.0, 1.0)	(11.0, 1.0)	(12.0, 1.0)	(13.0, 3.0)	(14.0, 8.0)	(15.0, 7.0)	(16.0, 102.0)	(17.0, 169.0)	(18.0, 179.0)	(19.0, 178.0)	(20.0, 168.0)	(21.0, 174.0)	(22.0, 196.0)	(23.0, 230.0)	(24.0, 230.0)	(25.0, 272.0)	(26.0, 291.0)	(27.0, 342.0)	(28.0, 422.0)	(29.0, 498.0)	(30.0, 626.0)	(31.0, 791.0)	(32.0, 1067.0)	(33.0, 1347.0)	(34.0, 1930.0)	(35.0, 2737.0)	(36.0, 4238.0)	(37.0, 8065.0)	(38.0, 32998.0)	(39.0, 386426.0)	(40.0, 4071.0)						
062019-BEL-CBC-T3-28-SSID_S95_R2_16S	(10.0, 1.0)	(11.0, 1.0)	(12.0, 2.0)	(13.0, 3.0)	(14.0, 5.0)	(15.0, 83.0)	(16.0, 783.0)	(17.0, 1485.0)	(18.0, 1719.0)	(19.0, 2014.0)	(20.0, 1949.0)	(21.0, 2110.0)	(22.0, 2528.0)	(23.0, 3065.0)	(24.0, 3525.0)	(25.0, 4144.0)	(26.0, 5158.0)	(27.0, 6489.0)	(28.0, 8184.0)	(29.0, 10668.0)	(30.0, 14449.0)	(31.0, 19391.0)	(32.0, 25744.0)	(33.0, 31118.0)	(34.0, 35383.0)	(35.0, 40419.0)	(36.0, 49175.0)	(37.0, 64454.0)	(38.0, 116892.0)	(39.0, 776102.0)	(40.0, 5736.0)								
062019-BEL-CBC-T3-31-PAST_S42_R2_16S	(12.0, 1.0)	(13.0, 2.0)	(14.0, 7.0)	(15.0, 34.0)	(16.0, 256.0)	(17.0, 446.0)	(18.0, 666.0)	(19.0, 775.0)	(20.0, 805.0)	(21.0, 918.0)	(22.0, 1001.0)	(23.0, 1046.0)	(24.0, 1226.0)	(25.0, 1422.0)	(26.0, 1761.0)	(27.0, 1946.0)	(28.0, 2411.0)	(29.0, 3013.0)	(30.0, 3882.0)	(31.0, 5137.0)	(32.0, 7276.0)	(33.0, 10170.0)	(34.0, 13997.0)	(35.0, 18439.0)	(36.0, 24439.0)	(37.0, 35335.0)	(38.0, 82850.0)	(39.0, 682360.0)	(40.0, 8862.0)										
062019-BEL-CBC-T3-4-PAST_S22_R2_16S	(5.0, 1.0)	(6.0, 2.0)	(7.0, 7.0)	(8.0, 5.0)	(9.0, 3.0)	(10.0, 4.0)	(11.0, 4.0)	(12.0, 2.0)	(13.0, 2.0)	(14.0, 5.0)	(15.0, 33.0)	(16.0, 288.0)	(17.0, 553.0)	(18.0, 799.0)	(19.0, 932.0)	(20.0, 928.0)	(21.0, 937.0)	(22.0, 897.0)	(23.0, 931.0)	(24.0, 1021.0)	(25.0, 1152.0)	(26.0, 1384.0)	(27.0, 1585.0)	(28.0, 1947.0)	(29.0, 2181.0)	(30.0, 2674.0)	(31.0, 3033.0)	(32.0, 3852.0)	(33.0, 4547.0)	(34.0, 5889.0)	(35.0, 7826.0)	(36.0, 11437.0)	(37.0, 18966.0)	(38.0, 57521.0)	(39.0, 497568.0)	(40.0, 5585.0)			
062019-BEL-CBC-T3-7-PAST_S58_R2_16S	(9.0, 2.0)	(10.0, 1.0)	(11.0, 3.0)	(12.0, 2.0)	(13.0, 1.0)	(14.0, 5.0)	(15.0, 33.0)	(16.0, 249.0)	(17.0, 487.0)	(18.0, 782.0)	(19.0, 1026.0)	(20.0, 992.0)	(21.0, 1016.0)	(22.0, 979.0)	(23.0, 961.0)	(24.0, 1132.0)	(25.0, 1215.0)	(26.0, 1385.0)	(27.0, 1706.0)	(28.0, 2023.0)	(29.0, 2298.0)	(30.0, 2813.0)	(31.0, 3433.0)	(32.0, 4594.0)	(33.0, 5953.0)	(34.0, 7787.0)	(35.0, 10340.0)	(36.0, 14559.0)	(37.0, 22591.0)	(38.0, 60757.0)	(39.0, 579404.0)	(40.0, 10342.0)							
062019-BEL-CBC-T3-8-MCAV_S77_R2_16S	(15.0, 7.0)	(16.0, 64.0)	(17.0, 163.0)	(18.0, 184.0)	(19.0, 254.0)	(20.0, 287.0)	(21.0, 350.0)	(22.0, 387.0)	(23.0, 434.0)	(24.0, 825.0)	(25.0, 611.0)	(26.0, 595.0)	(27.0, 672.0)	(28.0, 734.0)	(29.0, 835.0)	(30.0, 1070.0)	(31.0, 1226.0)	(32.0, 1519.0)	(33.0, 1876.0)	(34.0, 2435.0)	(35.0, 2993.0)	(36.0, 4273.0)	(37.0, 6680.0)	(38.0, 17629.0)	(39.0, 200837.0)	(40.0, 9167.0)													
062019-BEL-CBC-T3-9-MCAV_S80_R2_16S	(11.0, 1.0)	(12.0, 0.0)	(13.0, 2.0)	(14.0, 2.0)	(15.0, 23.0)	(16.0, 209.0)	(17.0, 407.0)	(18.0, 570.0)	(19.0, 749.0)	(20.0, 801.0)	(21.0, 1105.0)	(22.0, 1023.0)	(23.0, 1149.0)	(24.0, 2453.0)	(25.0, 1787.0)	(26.0, 1575.0)	(27.0, 1732.0)	(28.0, 1816.0)	(29.0, 2068.0)	(30.0, 2251.0)	(31.0, 2664.0)	(32.0, 3256.0)	(33.0, 3863.0)	(34.0, 5202.0)	(35.0, 6573.0)	(36.0, 9221.0)	(37.0, 14818.0)	(38.0, 39467.0)	(39.0, 511906.0)	(40.0, 44667.0)									
062024-BEL-CBC-T1-1344-SSID_S39_R2_16S	(11.0, 1.0)	(12.0, 2.0)	(13.0, 5.0)	(14.0, 8.0)	(15.0, 88.0)	(16.0, 516.0)	(17.0, 909.0)	(18.0, 1194.0)	(19.0, 1415.0)	(20.0, 1396.0)	(21.0, 1372.0)	(22.0, 1367.0)	(23.0, 1483.0)	(24.0, 1641.0)	(25.0, 1840.0)	(26.0, 2151.0)	(27.0, 2606.0)	(28.0, 2876.0)	(29.0, 3324.0)	(30.0, 3792.0)	(31.0, 4442.0)	(32.0, 5558.0)	(33.0, 6687.0)	(34.0, 8716.0)	(35.0, 11415.0)	(36.0, 16406.0)	(37.0, 27842.0)	(38.0, 93605.0)	(39.0, 654674.0)	(40.0, 8267.0)									
062024-BEL-CBC-T2-1381-SSID_S30_R2_16S	(5.0, 2.0)	(6.0, 1.0)	(7.0, 3.0)	(8.0, 6.0)	(9.0, 2.0)	(10.0, 3.0)	(11.0, 4.0)	(12.0, 1.0)	(13.0, 1.0)	(14.0, 3.0)	(15.0, 38.0)	(16.0, 257.0)	(17.0, 538.0)	(18.0, 621.0)	(19.0, 792.0)	(20.0, 834.0)	(21.0, 874.0)	(22.0, 888.0)	(23.0, 1110.0)	(24.0, 1274.0)	(25.0, 1527.0)	(26.0, 1745.0)	(27.0, 2073.0)	(28.0, 2562.0)	(29.0, 3395.0)	(30.0, 4488.0)	(31.0, 5914.0)	(32.0, 8276.0)	(33.0, 10434.0)	(34.0, 12080.0)	(35.0, 13712.0)	(36.0, 16875.0)	(37.0, 22283.0)	(38.0, 47919.0)	(39.0, 316584.0)	(40.0, 3231.0)			
062024-BEL-CBC-T3-1430-PSTR_S62_R2_16S	(5.0, 3.0)	(6.0, 8.0)	(7.0, 10.0)	(8.0, 6.0)	(9.0, 3.0)	(10.0, 7.0)	(11.0, 5.0)	(12.0, 4.0)	(13.0, 5.0)	(14.0, 4.0)	(15.0, 22.0)	(16.0, 215.0)	(17.0, 458.0)	(18.0, 492.0)	(19.0, 597.0)	(20.0, 661.0)	(21.0, 829.0)	(22.0, 949.0)	(23.0, 942.0)	(24.0, 1444.0)	(25.0, 1426.0)	(26.0, 1446.0)	(27.0, 1573.0)	(28.0, 1750.0)	(29.0, 1884.0)	(30.0, 2304.0)	(31.0, 2778.0)	(32.0, 3470.0)	(33.0, 4356.0)	(34.0, 5605.0)	(35.0, 7146.0)	(36.0, 10116.0)	(37.0, 16126.0)	(38.0, 41669.0)	(39.0, 484856.0)	(40.0, 35823.0)			
062024-BEL-CBC-T4-1461-OFAV_S72_R2_16S	(9.0, 1.0)	(10.0, 0.0)	(11.0, 1.0)	(12.0, 4.0)	(13.0, 2.0)	(14.0, 3.0)	(15.0, 50.0)	(16.0, 432.0)	(17.0, 970.0)	(18.0, 1527.0)	(19.0, 1839.0)	(20.0, 1789.0)	(21.0, 2266.0)	(22.0, 2564.0)	(23.0, 2924.0)	(24.0, 4820.0)	(25.0, 4475.0)	(26.0, 4227.0)	(27.0, 4731.0)	(28.0, 5340.0)	(29.0, 5899.0)	(30.0, 7092.0)	(31.0, 8676.0)	(32.0, 11533.0)	(33.0, 14512.0)	(34.0, 18019.0)	(35.0, 21960.0)	(36.0, 28261.0)	(37.0, 40646.0)	(38.0, 91018.0)	(39.0, 932914.0)	(40.0, 51550.0)							
082024-BEL-CBC-T2-1513-PAST_S53_R2_16S	(6.0, 1.0)	(7.0, 0.0)	(8.0, 6.0)	(9.0, 3.0)	(10.0, 3.0)	(11.0, 3.0)	(12.0, 10.0)	(13.0, 5.0)	(14.0, 13.0)	(15.0, 38.0)	(16.0, 421.0)	(17.0, 846.0)	(18.0, 1175.0)	(19.0, 1503.0)	(20.0, 1354.0)	(21.0, 1345.0)	(22.0, 1309.0)	(23.0, 1487.0)	(24.0, 1607.0)	(25.0, 1774.0)	(26.0, 2024.0)	(27.0, 2436.0)	(28.0, 2820.0)	(29.0, 3254.0)	(30.0, 3815.0)	(31.0, 4392.0)	(32.0, 5431.0)	(33.0, 6571.0)	(34.0, 8601.0)	(35.0, 11345.0)	(36.0, 16832.0)	(37.0, 27641.0)	(38.0, 91227.0)	(39.0, 804656.0)	(40.0, 8102.0)				
082024-BEL-CBC-T2-1514-MCAV_S71_R2_16S	(13.0, 1.0)	(14.0, 2.0)	(15.0, 28.0)	(16.0, 310.0)	(17.0, 579.0)	(18.0, 787.0)	(19.0, 1045.0)	(20.0, 1162.0)	(21.0, 1541.0)	(22.0, 1639.0)	(23.0, 1728.0)	(24.0, 3532.0)	(25.0, 2447.0)	(26.0, 2360.0)	(27.0, 2488.0)	(28.0, 2795.0)	(29.0, 2969.0)	(30.0, 3457.0)	(31.0, 3952.0)	(32.0, 4689.0)	(33.0, 5744.0)	(34.0, 7513.0)	(35.0, 9728.0)	(36.0, 13285.0)	(37.0, 21677.0)	(38.0, 57308.0)	(39.0, 718523.0)	(40.0, 58207.0)											
082024-BEL-CBC-T2-1515-MCAV_S25_R2_16S	(9.0, 2.0)	(10.0, 3.0)	(11.0, 1.0)	(12.0, 5.0)	(13.0, 3.0)	(14.0, 3.0)	(15.0, 22.0)	(16.0, 144.0)	(17.0, 311.0)	(18.0, 373.0)	(19.0, 429.0)	(20.0, 471.0)	(21.0, 690.0)	(22.0, 621.0)	(23.0, 779.0)	(24.0, 1504.0)	(25.0, 994.0)	(26.0, 1023.0)	(27.0, 1139.0)	(28.0, 1288.0)	(29.0, 1391.0)	(30.0, 1665.0)	(31.0, 1879.0)	(32.0, 2291.0)	(33.0, 2936.0)	(34.0, 3920.0)	(35.0, 5408.0)	(36.0, 8481.0)	(37.0, 15841.0)	(38.0, 52789.0)	(39.0, 418786.0)	(40.0, 10515.0)							
092023-BEL-CBC-T1-177-PSTR_S50_R2_16S	(7.0, 1.0)	(8.0, 6.0)	(9.0, 6.0)	(10.0, 4.0)	(11.0, 2.0)	(12.0, 3.0)	(13.0, 7.0)	(14.0, 4.0)	(15.0, 60.0)	(16.0, 279.0)	(17.0, 544.0)	(18.0, 810.0)	(19.0, 917.0)	(20.0, 963.0)	(21.0, 972.0)	(22.0, 947.0)	(23.0, 985.0)	(24.0, 1149.0)	(25.0, 1275.0)	(26.0, 1337.0)	(27.0, 1610.0)	(28.0, 1967.0)	(29.0, 2097.0)	(30.0, 2392.0)	(31.0, 2796.0)	(32.0, 3390.0)	(33.0, 4338.0)	(34.0, 5537.0)	(35.0, 7580.0)	(36.0, 11595.0)	(37.0, 20060.0)	(38.0, 75509.0)	(39.0, 468235.0)	(40.0, 7305.0)					
092023-BEL-CBC-T1-190-OANN_S81_R2_16S	(11.0, 1.0)	(12.0, 1.0)	(13.0, 1.0)	(14.0, 4.0)	(15.0, 13.0)	(16.0, 130.0)	(17.0, 238.0)	(18.0, 329.0)	(19.0, 398.0)	(20.0, 464.0)	(21.0, 604.0)	(22.0, 735.0)	(23.0, 772.0)	(24.0, 1513.0)	(25.0, 1234.0)	(26.0, 1056.0)	(27.0, 1156.0)	(28.0, 1256.0)	(29.0, 1288.0)	(30.0, 1426.0)	(31.0, 1543.0)	(32.0, 2055.0)	(33.0, 2415.0)	(34.0, 3088.0)	(35.0, 4195.0)	(36.0, 6195.0)	(37.0, 11161.0)	(38.0, 36619.0)	(39.0, 484028.0)	(40.0, 26773.0)									
092023-BEL-CBC-T1-196-SSID_S82_R2_16S	(10.0, 1.0)	(11.0, 1.0)	(12.0, 1.0)	(13.0, 4.0)	(14.0, 3.0)	(15.0, 55.0)	(16.0, 251.0)	(17.0, 548.0)	(18.0, 923.0)	(19.0, 1144.0)	(20.0, 1215.0)	(21.0, 1129.0)	(22.0, 1152.0)	(23.0, 1246.0)	(24.0, 1560.0)	(25.0, 1642.0)	(26.0, 2128.0)	(27.0, 2428.0)	(28.0, 2971.0)	(29.0, 3645.0)	(30.0, 4569.0)	(31.0, 6080.0)	(32.0, 8687.0)	(33.0, 11879.0)	(34.0, 15588.0)	(35.0, 18546.0)	(36.0, 23686.0)	(37.0, 32118.0)	(38.0, 70893.0)	(39.0, 393560.0)	(40.0, 4289.0)								
092023-BEL-CBC-T2-194-OANN_S4_R2_16S	(12.0, 2.0)	(13.0, 2.0)	(14.0, 8.0)	(15.0, 18.0)	(16.0, 109.0)	(17.0, 269.0)	(18.0, 324.0)	(19.0, 336.0)	(20.0, 363.0)	(21.0, 540.0)	(22.0, 671.0)	(23.0, 650.0)	(24.0, 1481.0)	(25.0, 1425.0)	(26.0, 1101.0)	(27.0, 1169.0)	(28.0, 1231.0)	(29.0, 1326.0)	(30.0, 1568.0)	(31.0, 1865.0)	(32.0, 2290.0)	(33.0, 2910.0)	(34.0, 4172.0)	(35.0, 5826.0)	(36.0, 9214.0)	(37.0, 18882.0)	(38.0, 72941.0)	(39.0, 481589.0)	(40.0, 6836.0)										
092023-BEL-CBC-T3-184-PAST_S37_R2_16S	(10.0, 1.0)	(11.0, 2.0)	(12.0, 2.0)	(13.0, 5.0)	(14.0, 9.0)	(15.0, 61.0)	(16.0, 560.0)	(17.0, 1148.0)	(18.0, 1903.0)	(19.0, 2086.0)	(20.0, 1927.0)	(21.0, 1824.0)	(22.0, 1897.0)	(23.0, 2076.0)	(24.0, 2318.0)	(25.0, 2582.0)	(26.0, 3042.0)	(27.0, 3501.0)	(28.0, 4176.0)	(29.0, 4616.0)	(30.0, 5526.0)	(31.0, 6576.0)	(32.0, 8662.0)	(33.0, 10783.0)	(34.0, 14604.0)	(35.0, 19610.0)	(36.0, 27189.0)	(37.0, 40423.0)	(38.0, 111960.0)	(39.0, 779011.0)	(40.0, 7242.0)								
092023-BEL-CBC-T3-198-SSID_S76_R2_16S	(10.0, 1.0)	(11.0, 0.0)	(12.0, 0.0)	(13.0, 0.0)	(14.0, 1.0)	(15.0, 29.0)	(16.0, 187.0)	(17.0, 385.0)	(18.0, 611.0)	(19.0, 860.0)	(20.0, 736.0)	(21.0, 715.0)	(22.0, 686.0)	(23.0, 732.0)	(24.0, 869.0)	(25.0, 1027.0)	(26.0, 1141.0)	(27.0, 1330.0)	(28.0, 1601.0)	(29.0, 1738.0)	(30.0, 2022.0)	(31.0, 2379.0)	(32.0, 2756.0)	(33.0, 3475.0)	(34.0, 4663.0)	(35.0, 5870.0)	(36.0, 8440.0)	(37.0, 14092.0)	(38.0, 47930.0)	(39.0, 343683.0)	(40.0, 3670.0)								
092023-BEL-CBC-T3-220-SSID_S19_R2_16S	(10.0, 1.0)	(11.0, 1.0)	(12.0, 1.0)	(13.0, 3.0)	(14.0, 1.0)	(15.0, 36.0)	(16.0, 182.0)	(17.0, 307.0)	(18.0, 455.0)	(19.0, 506.0)	(20.0, 529.0)	(21.0, 538.0)	(22.0, 636.0)	(23.0, 713.0)	(24.0, 959.0)	(25.0, 1001.0)	(26.0, 1208.0)	(27.0, 1489.0)	(28.0, 1981.0)	(29.0, 2604.0)	(30.0, 3447.0)	(31.0, 4315.0)	(32.0, 5831.0)	(33.0, 7047.0)	(34.0, 7893.0)	(35.0, 9290.0)	(36.0, 12447.0)	(37.0, 17905.0)	(38.0, 47440.0)	(39.0, 317461.0)	(40.0, 2885.0)								
092023-BEL-CBC-T3-264-SSID_S59_R2_16S	(8.0, 2.0)	(9.0, 2.0)	(10.0, 0.0)	(11.0, 3.0)	(12.0, 4.0)	(13.0, 2.0)	(14.0, 3.0)	(15.0, 33.0)	(16.0, 288.0)	(17.0, 509.0)	(18.0, 693.0)	(19.0, 844.0)	(20.0, 819.0)	(21.0, 819.0)	(22.0, 925.0)	(23.0, 1013.0)	(24.0, 1133.0)	(25.0, 1431.0)	(26.0, 1694.0)	(27.0, 2063.0)	(28.0, 2558.0)	(29.0, 3053.0)	(30.0, 3905.0)	(31.0, 5151.0)	(32.0, 7154.0)	(33.0, 8729.0)	(34.0, 10818.0)	(35.0, 13015.0)	(36.0, 17401.0)	(37.0, 25754.0)	(38.0, 67381.0)	(39.0, 477455.0)	(40.0, 6723.0)						
092023-BEL-CBC-T3-90-SSID_S67_R2_16S	(12.0, 1.0)	(13.0, 2.0)	(14.0, 4.0)	(15.0, 55.0)	(16.0, 190.0)	(17.0, 374.0)	(18.0, 543.0)	(19.0, 649.0)	(20.0, 630.0)	(21.0, 670.0)	(22.0, 751.0)	(23.0, 813.0)	(24.0, 954.0)	(25.0, 1068.0)	(26.0, 1243.0)	(27.0, 1552.0)	(28.0, 2070.0)	(29.0, 2565.0)	(30.0, 3312.0)	(31.0, 4310.0)	(32.0, 5966.0)	(33.0, 7581.0)	(34.0, 9435.0)	(35.0, 12085.0)	(36.0, 17318.0)	(37.0, 30181.0)	(38.0, 116398.0)	(39.0, 689876.0)	(40.0, 3172.0)										
102019-BEL-CBC-T2-35-PSTR_S46_R2_16S	(9.0, 1.0)	(10.0, 0.0)	(11.0, 3.0)	(12.0, 1.0)	(13.0, 2.0)	(14.0, 5.0)	(15.0, 32.0)	(16.0, 258.0)	(17.0, 548.0)	(18.0, 670.0)	(19.0, 813.0)	(20.0, 936.0)	(21.0, 1185.0)	(22.0, 1292.0)	(23.0, 1323.0)	(24.0, 1968.0)	(25.0, 1996.0)	(26.0, 2028.0)	(27.0, 2296.0)	(28.0, 2628.0)	(29.0, 2986.0)	(30.0, 3850.0)	(31.0, 4923.0)	(32.0, 6546.0)	(33.0, 8280.0)	(34.0, 10237.0)	(35.0, 12330.0)	(36.0, 16238.0)	(37.0, 22934.0)	(38.0, 47265.0)	(39.0, 584956.0)	(40.0, 47919.0)							
112023-BEL-CBC-T2-309-PAST_S3_R2_16S	(10.0, 1.0)	(11.0, 0.0)	(12.0, 1.0)	(13.0, 3.0)	(14.0, 5.0)	(15.0, 14.0)	(16.0, 141.0)	(17.0, 265.0)	(18.0, 390.0)	(19.0, 483.0)	(20.0, 399.0)	(21.0, 426.0)	(22.0, 453.0)	(23.0, 481.0)	(24.0, 623.0)	(25.0, 617.0)	(26.0, 764.0)	(27.0, 927.0)	(28.0, 1225.0)	(29.0, 1446.0)	(30.0, 1788.0)	(31.0, 2224.0)	(32.0, 2823.0)	(33.0, 3384.0)	(34.0, 4166.0)	(35.0, 5501.0)	(36.0, 7691.0)	(37.0, 12644.0)	(38.0, 42237.0)	(39.0, 271225.0)	(40.0, 1562.0)								
112023-BEL-CBC-T3-349-PAST_S73_R2_16S	(11.0, 1.0)	(12.0, 1.0)	(13.0, 0.0)	(14.0, 1.0)	(15.0, 23.0)	(16.0, 139.0)	(17.0, 255.0)	(18.0, 335.0)	(19.0, 708.0)	(20.0, 679.0)	(21.0, 616.0)	(22.0, 628.0)	(23.0, 613.0)	(24.0, 701.0)	(25.0, 639.0)	(26.0, 794.0)	(27.0, 949.0)	(28.0, 1025.0)	(29.0, 1248.0)	(30.0, 1498.0)	(31.0, 1840.0)	(32.0, 2378.0)	(33.0, 2916.0)	(34.0, 3899.0)	(35.0, 5174.0)	(36.0, 7685.0)	(37.0, 13118.0)	(38.0, 44244.0)	(39.0, 394968.0)	(40.0, 3711.0)									
112023-BEL-CBC-T3-351-OFAV_S61_R2_16S	(7.0, 1.0)	(8.0, 1.0)	(9.0, 6.0)	(10.0, 3.0)	(11.0, 4.0)	(12.0, 7.0)	(13.0, 9.0)	(14.0, 4.0)	(15.0, 28.0)	(16.0, 290.0)	(17.0, 731.0)	(18.0, 893.0)	(19.0, 1132.0)	(20.0, 1176.0)	(21.0, 1467.0)	(22.0, 1618.0)	(23.0, 1674.0)	(24.0, 3021.0)	(25.0, 2722.0)	(26.0, 2514.0)	(27.0, 2691.0)	(28.0, 3155.0)	(29.0, 3289.0)	(30.0, 3650.0)	(31.0, 4375.0)	(32.0, 5471.0)	(33.0, 6643.0)	(34.0, 8375.0)	(35.0, 10858.0)	(36.0, 15962.0)	(37.0, 25808.0)	(38.0, 71218.0)	(39.0, 767919.0)	(40.0, 19437.0)					
122022-BEL-CBC-T1-122-PSTR_S45_R2_16S	(12.0, 4.0)	(13.0, 1.0)	(14.0, 4.0)	(15.0, 18.0)	(16.0, 206.0)	(17.0, 451.0)	(18.0, 662.0)	(19.0, 756.0)	(20.0, 773.0)	(21.0, 943.0)	(22.0, 1068.0)	(23.0, 1095.0)	(24.0, 1616.0)	(25.0, 1570.0)	(26.0, 1603.0)	(27.0, 1872.0)	(28.0, 2124.0)	(29.0, 2355.0)	(30.0, 2717.0)	(31.0, 3125.0)	(32.0, 3919.0)	(33.0, 4926.0)	(34.0, 6190.0)	(35.0, 8061.0)	(36.0, 11554.0)	(37.0, 18702.0)	(38.0, 57063.0)	(39.0, 524445.0)	(40.0, 19635.0)										
122022-BEL-CBC-T1-132-PSTR_S11_R2_16S	(14.0, 2.0)	(15.0, 13.0)	(16.0, 137.0)	(17.0, 270.0)	(18.0, 356.0)	(19.0, 378.0)	(20.0, 395.0)	(21.0, 525.0)	(22.0, 546.0)	(23.0, 565.0)	(24.0, 1176.0)	(25.0, 943.0)	(26.0, 901.0)	(27.0, 958.0)	(28.0, 1062.0)	(29.0, 1218.0)	(30.0, 1424.0)	(31.0, 1672.0)	(32.0, 2251.0)	(33.0, 2691.0)	(34.0, 3493.0)	(35.0, 4399.0)	(36.0, 6586.0)	(37.0, 11132.0)	(38.0, 33253.0)	(39.0, 303920.0)	(40.0, 8547.0)												
122022-BEL-CBC-T1-133-PSTR_S32_R2_16S	(5.0, 1.0)	(6.0, 0.0)	(7.0, 0.0)	(8.0, 4.0)	(9.0, 2.0)	(10.0, 1.0)	(11.0, 2.0)	(12.0, 3.0)	(13.0, 3.0)	(14.0, 6.0)	(15.0, 54.0)	(16.0, 329.0)	(17.0, 759.0)	(18.0, 1057.0)	(19.0, 1118.0)	(20.0, 1111.0)	(21.0, 1254.0)	(22.0, 1257.0)	(23.0, 1367.0)	(24.0, 1960.0)	(25.0, 1959.0)	(26.0, 2023.0)	(27.0, 2245.0)	(28.0, 2599.0)	(29.0, 2832.0)	(30.0, 3394.0)	(31.0, 4095.0)	(32.0, 5123.0)	(33.0, 6400.0)	(34.0, 8131.0)	(35.0, 10148.0)	(36.0, 14503.0)	(37.0, 22665.0)	(38.0, 64828.0)	(39.0, 585527.0)	(40.0, 32076.0)			
122022-BEL-CBC-T1-134-PAST_S6_R2_16S	(9.0, 1.0)	(10.0, 2.0)	(11.0, 3.0)	(12.0, 4.0)	(13.0, 2.0)	(14.0, 7.0)	(15.0, 47.0)	(16.0, 302.0)	(17.0, 643.0)	(18.0, 887.0)	(19.0, 1102.0)	(20.0, 1045.0)	(21.0, 1086.0)	(22.0, 1062.0)	(23.0, 1074.0)	(24.0, 1264.0)	(25.0, 1413.0)	(26.0, 1592.0)	(27.0, 1836.0)	(28.0, 2198.0)	(29.0, 2588.0)	(30.0, 3092.0)	(31.0, 3396.0)	(32.0, 4404.0)	(33.0, 5253.0)	(34.0, 6777.0)	(35.0, 8875.0)	(36.0, 13143.0)	(37.0, 22155.0)	(38.0, 72841.0)	(39.0, 564866.0)	(40.0, 4330.0)							
122022-BEL-CBC-T1-144-MCAV_S84_R2_16S	(10.0, 2.0)	(11.0, 1.0)	(12.0, 0.0)	(13.0, 1.0)	(14.0, 2.0)	(15.0, 24.0)	(16.0, 237.0)	(17.0, 508.0)	(18.0, 702.0)	(19.0, 824.0)	(20.0, 898.0)	(21.0, 1066.0)	(22.0, 1124.0)	(23.0, 1313.0)	(24.0, 2527.0)	(25.0, 1759.0)	(26.0, 1699.0)	(27.0, 1845.0)	(28.0, 2107.0)	(29.0, 2121.0)	(30.0, 2507.0)	(31.0, 2848.0)	(32.0, 3440.0)	(33.0, 4178.0)	(34.0, 5775.0)	(35.0, 7266.0)	(36.0, 10310.0)	(37.0, 16931.0)	(38.0, 48733.0)	(39.0, 562267.0)	(40.0, 22866.0)								
122022-BEL-CBC-T1-152-PAST_S15_R2_16S	(8.0, 1.0)	(9.0, 1.0)	(10.0, 1.0)	(11.0, 1.0)	(12.0, 0.0)	(13.0, 4.0)	(14.0, 3.0)	(15.0, 39.0)	(16.0, 246.0)	(17.0, 438.0)	(18.0, 596.0)	(19.0, 677.0)	(20.0, 792.0)	(21.0, 765.0)	(22.0, 829.0)	(23.0, 927.0)	(24.0, 1135.0)	(25.0, 1298.0)	(26.0, 1653.0)	(27.0, 1940.0)	(28.0, 2297.0)	(29.0, 2746.0)	(30.0, 3414.0)	(31.0, 4114.0)	(32.0, 5791.0)	(33.0, 7873.0)	(34.0, 10006.0)	(35.0, 12155.0)	(36.0, 15361.0)	(37.0, 22279.0)	(38.0, 52276.0)	(39.0, 314988.0)	(40.0, 1702.0)						
122022-BEL-CBC-T1-155-PAST_S28_R2_16S	(10.0, 2.0)	(11.0, 1.0)	(12.0, 4.0)	(13.0, 5.0)	(14.0, 4.0)	(15.0, 49.0)	(16.0, 237.0)	(17.0, 465.0)	(18.0, 670.0)	(19.0, 735.0)	(20.0, 772.0)	(21.0, 791.0)	(22.0, 811.0)	(23.0, 972.0)	(24.0, 1119.0)	(25.0, 1290.0)	(26.0, 1487.0)	(27.0, 1747.0)	(28.0, 2158.0)	(29.0, 2536.0)	(30.0, 3062.0)	(31.0, 3958.0)	(32.0, 5133.0)	(33.0, 6664.0)	(34.0, 8799.0)	(35.0, 11406.0)	(36.0, 15184.0)	(37.0, 21962.0)	(38.0, 58884.0)	(39.0, 346246.0)	(40.0, 1445.0)								
122022-BEL-CBC-T2-118-OANN_S24_R2_16S	(8.0, 2.0)	(9.0, 2.0)	(10.0, 0.0)	(11.0, 3.0)	(12.0, 3.0)	(13.0, 5.0)	(14.0, 0.0)	(15.0, 31.0)	(16.0, 238.0)	(17.0, 576.0)	(18.0, 800.0)	(19.0, 859.0)	(20.0, 928.0)	(21.0, 1103.0)	(22.0, 1318.0)	(23.0, 1257.0)	(24.0, 2437.0)	(25.0, 2511.0)	(26.0, 1990.0)	(27.0, 2167.0)	(28.0, 2397.0)	(29.0, 2702.0)	(30.0, 3112.0)	(31.0, 3501.0)	(32.0, 4474.0)	(33.0, 5428.0)	(34.0, 7086.0)	(35.0, 9313.0)	(36.0, 13365.0)	(37.0, 22510.0)	(38.0, 59816.0)	(39.0, 702340.0)	(40.0, 29326.0)						
122022-BEL-CBC-T2-85-MCAV_S47_R2_16S	(14.0, 1.0)	(15.0, 6.0)	(16.0, 48.0)	(17.0, 75.0)	(18.0, 67.0)	(19.0, 71.0)	(20.0, 83.0)	(21.0, 98.0)	(22.0, 109.0)	(23.0, 127.0)	(24.0, 145.0)	(25.0, 159.0)	(26.0, 188.0)	(27.0, 215.0)	(28.0, 222.0)	(29.0, 260.0)	(30.0, 314.0)	(31.0, 410.0)	(32.0, 492.0)	(33.0, 644.0)	(34.0, 785.0)	(35.0, 1128.0)	(36.0, 1605.0)	(37.0, 2885.0)	(38.0, 7842.0)	(39.0, 84611.0)	(40.0, 1954.0)												
122022-BEL-CBC-T2-86-MCAV_S8_R2_16S	(10.0, 1.0)	(11.0, 0.0)	(12.0, 0.0)	(13.0, 0.0)	(14.0, 1.0)	(15.0, 10.0)	(16.0, 109.0)	(17.0, 172.0)	(18.0, 234.0)	(19.0, 257.0)	(20.0, 277.0)	(21.0, 312.0)	(22.0, 342.0)	(23.0, 372.0)	(24.0, 572.0)	(25.0, 517.0)	(26.0, 623.0)	(27.0, 695.0)	(28.0, 806.0)	(29.0, 973.0)	(30.0, 1134.0)	(31.0, 1230.0)	(32.0, 1578.0)	(33.0, 1951.0)	(34.0, 2554.0)	(35.0, 3375.0)	(36.0, 4972.0)	(37.0, 8414.0)	(38.0, 25435.0)	(39.0, 212139.0)	(40.0, 1597.0)								
122022-BEL-CBC-T2-96-SSID_S49_R2_16S	(7.0, 1.0)	(8.0, 0.0)	(9.0, 1.0)	(10.0, 0.0)	(11.0, 1.0)	(12.0, 2.0)	(13.0, 2.0)	(14.0, 2.0)	(15.0, 16.0)	(16.0, 133.0)	(17.0, 186.0)	(18.0, 250.0)	(19.0, 282.0)	(20.0, 339.0)	(21.0, 368.0)	(22.0, 378.0)	(23.0, 400.0)	(24.0, 475.0)	(25.0, 553.0)	(26.0, 578.0)	(27.0, 732.0)	(28.0, 839.0)	(29.0, 982.0)	(30.0, 1254.0)	(31.0, 1612.0)	(32.0, 2190.0)	(33.0, 3020.0)	(34.0, 4313.0)	(35.0, 5877.0)	(36.0, 8227.0)	(37.0, 12825.0)	(38.0, 35757.0)	(39.0, 350951.0)	(40.0, 7519.0)					
122022-BEL-CBC-T3-115-PAST_S90_R2_16S	(9.0, 2.0)	(10.0, 1.0)	(11.0, 0.0)	(12.0, 1.0)	(13.0, 0.0)	(14.0, 4.0)	(15.0, 15.0)	(16.0, 186.0)	(17.0, 340.0)	(18.0, 546.0)	(19.0, 1011.0)	(20.0, 884.0)	(21.0, 833.0)	(22.0, 807.0)	(23.0, 718.0)	(24.0, 836.0)	(25.0, 873.0)	(26.0, 1055.0)	(27.0, 1179.0)	(28.0, 1310.0)	(29.0, 1553.0)	(30.0, 1767.0)	(31.0, 2179.0)	(32.0, 2625.0)	(33.0, 3359.0)	(34.0, 4315.0)	(35.0, 5844.0)	(36.0, 8285.0)	(37.0, 13869.0)	(38.0, 43253.0)	(39.0, 420323.0)	(40.0, 4450.0)							
122022-BEL-CBC-T3-119-MCAV_S74_R2_16S	(12.0, 1.0)	(13.0, 0.0)	(14.0, 1.0)	(15.0, 9.0)	(16.0, 76.0)	(17.0, 163.0)	(18.0, 171.0)	(19.0, 237.0)	(20.0, 269.0)	(21.0, 323.0)	(22.0, 364.0)	(23.0, 355.0)	(24.0, 773.0)	(25.0, 549.0)	(26.0, 579.0)	(27.0, 585.0)	(28.0, 654.0)	(29.0, 702.0)	(30.0, 823.0)	(31.0, 968.0)	(32.0, 1134.0)	(33.0, 1440.0)	(34.0, 1919.0)	(35.0, 2475.0)	(36.0, 3574.0)	(37.0, 6178.0)	(38.0, 16873.0)	(39.0, 216165.0)	(40.0, 14019.0)										
122022-BEL-CBC-T3-120-SSID_S85_R2_16S	(11.0, 2.0)	(12.0, 2.0)	(13.0, 2.0)	(14.0, 3.0)	(15.0, 43.0)	(16.0, 278.0)	(17.0, 548.0)	(18.0, 888.0)	(19.0, 1127.0)	(20.0, 1122.0)	(21.0, 1010.0)	(22.0, 1073.0)	(23.0, 1122.0)	(24.0, 1206.0)	(25.0, 1415.0)	(26.0, 1641.0)	(27.0, 1974.0)	(28.0, 2348.0)	(29.0, 2614.0)	(30.0, 3229.0)	(31.0, 3793.0)	(32.0, 4607.0)	(33.0, 5755.0)	(34.0, 7091.0)	(35.0, 9288.0)	(36.0, 12974.0)	(37.0, 20942.0)	(38.0, 63416.0)	(39.0, 539900.0)	(40.0, 8010.0)									
122022-BEL-CBC-T3-122-PAST_S51_R2_16S	(8.0, 2.0)	(9.0, 1.0)	(10.0, 0.0)	(11.0, 2.0)	(12.0, 3.0)	(13.0, 3.0)	(14.0, 6.0)	(15.0, 30.0)	(16.0, 173.0)	(17.0, 260.0)	(18.0, 329.0)	(19.0, 445.0)	(20.0, 484.0)	(21.0, 461.0)	(22.0, 484.0)	(23.0, 519.0)	(24.0, 599.0)	(25.0, 754.0)	(26.0, 856.0)	(27.0, 1056.0)	(28.0, 1218.0)	(29.0, 1401.0)	(30.0, 1846.0)	(31.0, 2319.0)	(32.0, 3316.0)	(33.0, 4609.0)	(34.0, 6642.0)	(35.0, 9635.0)	(36.0, 14112.0)	(37.0, 21102.0)	(38.0, 54512.0)	(39.0, 372933.0)	(40.0, 3153.0)						
122022-BEL-CBC-T3-128-MCAV_S68_R2_16S	(11.0, 2.0)	(12.0, 2.0)	(13.0, 3.0)	(14.0, 5.0)	(15.0, 23.0)	(16.0, 331.0)	(17.0, 633.0)	(18.0, 868.0)	(19.0, 958.0)	(20.0, 1233.0)	(21.0, 1659.0)	(22.0, 1555.0)	(23.0, 1996.0)	(24.0, 3847.0)	(25.0, 2592.0)	(26.0, 2469.0)	(27.0, 2829.0)	(28.0, 3001.0)	(29.0, 3310.0)	(30.0, 3820.0)	(31.0, 4468.0)	(32.0, 5583.0)	(33.0, 6899.0)	(34.0, 8979.0)	(35.0, 11446.0)	(36.0, 15694.0)	(37.0, 25332.0)	(38.0, 69831.0)	(39.0, 829643.0)	(40.0, 31986.0)									
122022-BEL-CBC-T3-129-PAST_S16_R2_16S	(8.0, 1.0)	(9.0, 3.0)	(10.0, 4.0)	(11.0, 5.0)	(12.0, 0.0)	(13.0, 2.0)	(14.0, 6.0)	(15.0, 41.0)	(16.0, 235.0)	(17.0, 498.0)	(18.0, 722.0)	(19.0, 888.0)	(20.0, 765.0)	(21.0, 810.0)	(22.0, 790.0)	(23.0, 924.0)	(24.0, 1089.0)	(25.0, 1168.0)	(26.0, 1357.0)	(27.0, 1599.0)	(28.0, 1930.0)	(29.0, 2273.0)	(30.0, 2721.0)	(31.0, 3195.0)	(32.0, 4126.0)	(33.0, 5094.0)	(34.0, 6231.0)	(35.0, 8088.0)	(36.0, 11447.0)	(37.0, 18726.0)	(38.0, 61973.0)	(39.0, 392462.0)	(40.0, 1408.0)						
122022-BEL-CBC-T3-132-MCAV_S55_R2_16S	(7.0, 1.0)	(8.0, 0.0)	(9.0, 7.0)	(10.0, 3.0)	(11.0, 3.0)	(12.0, 5.0)	(13.0, 6.0)	(14.0, 5.0)	(15.0, 24.0)	(16.0, 269.0)	(17.0, 521.0)	(18.0, 608.0)	(19.0, 720.0)	(20.0, 855.0)	(21.0, 1105.0)	(22.0, 1136.0)	(23.0, 1144.0)	(24.0, 2071.0)	(25.0, 1564.0)	(26.0, 1548.0)	(27.0, 1777.0)	(28.0, 1909.0)	(29.0, 2192.0)	(30.0, 2517.0)	(31.0, 2757.0)	(32.0, 3536.0)	(33.0, 4352.0)	(34.0, 5534.0)	(35.0, 7527.0)	(36.0, 10695.0)	(37.0, 17712.0)	(38.0, 48019.0)	(39.0, 674423.0)	(40.0, 57088.0)					
122022-BEL-CBC-T3-133-MCAV_S57_R2_16S	(11.0, 2.0)	(12.0, 0.0)	(13.0, 3.0)	(14.0, 2.0)	(15.0, 27.0)	(16.0, 146.0)	(17.0, 286.0)	(18.0, 300.0)	(19.0, 362.0)	(20.0, 444.0)	(21.0, 591.0)	(22.0, 610.0)	(23.0, 661.0)	(24.0, 1132.0)	(25.0, 879.0)	(26.0, 847.0)	(27.0, 955.0)	(28.0, 1104.0)	(29.0, 1240.0)	(30.0, 1388.0)	(31.0, 1525.0)	(32.0, 1931.0)	(33.0, 2492.0)	(34.0, 3179.0)	(35.0, 4283.0)	(36.0, 6840.0)	(37.0, 11934.0)	(38.0, 38772.0)	(39.0, 463563.0)	(40.0, 31309.0)									
122022-BEL-CBC-T3-145-MCAV_S93_R2_16S	(12.0, 3.0)	(13.0, 2.0)	(14.0, 2.0)	(15.0, 20.0)	(16.0, 183.0)	(17.0, 335.0)	(18.0, 443.0)	(19.0, 568.0)	(20.0, 650.0)	(21.0, 876.0)	(22.0, 887.0)	(23.0, 956.0)	(24.0, 1888.0)	(25.0, 1487.0)	(26.0, 1405.0)	(27.0, 1538.0)	(28.0, 1716.0)	(29.0, 2036.0)	(30.0, 2320.0)	(31.0, 2795.0)	(32.0, 3610.0)	(33.0, 4307.0)	(34.0, 5606.0)	(35.0, 6872.0)	(36.0, 9401.0)	(37.0, 14775.0)	(38.0, 37694.0)	(39.0, 426179.0)	(40.0, 21928.0)										
122022-BEL-CBC-T3-147-OFAV_S92_R2_16S	(11.0, 1.0)	(12.0, 4.0)	(13.0, 3.0)	(14.0, 6.0)	(15.0, 49.0)	(16.0, 425.0)	(17.0, 1012.0)	(18.0, 1364.0)	(19.0, 1570.0)	(20.0, 1695.0)	(21.0, 1953.0)	(22.0, 2309.0)	(23.0, 2392.0)	(24.0, 3988.0)	(25.0, 3654.0)	(26.0, 3741.0)	(27.0, 4116.0)	(28.0, 4758.0)	(29.0, 5242.0)	(30.0, 6371.0)	(31.0, 7775.0)	(32.0, 9950.0)	(33.0, 12577.0)	(34.0, 16106.0)	(35.0, 20115.0)	(36.0, 27154.0)	(37.0, 42101.0)	(38.0, 112348.0)	(39.0, 1001795.0)	(40.0, 28749.0)									
122022-BEL-CBC-T4-10-OFAV_S64_R2_16S	(6.0, 1.0)	(7.0, 1.0)	(8.0, 4.0)	(9.0, 0.0)	(10.0, 2.0)	(11.0, 5.0)	(12.0, 5.0)	(13.0, 7.0)	(14.0, 15.0)	(15.0, 47.0)	(16.0, 455.0)	(17.0, 1047.0)	(18.0, 1390.0)	(19.0, 1607.0)	(20.0, 1899.0)	(21.0, 2353.0)	(22.0, 2434.0)	(23.0, 2562.0)	(24.0, 4752.0)	(25.0, 3567.0)	(26.0, 3565.0)	(27.0, 3961.0)	(28.0, 4409.0)	(29.0, 4907.0)	(30.0, 5629.0)	(31.0, 6595.0)	(32.0, 8057.0)	(33.0, 9611.0)	(34.0, 12794.0)	(35.0, 16421.0)	(36.0, 23647.0)	(37.0, 39809.0)	(38.0, 120805.0)	(39.0, 1146885.0)	(40.0, 68153.0)				
122022-BEL-CBC-T4-36-PSTR_S86_R2_16S	(9.0, 1.0)	(10.0, 0.0)	(11.0, 1.0)	(12.0, 2.0)	(13.0, 0.0)	(14.0, 1.0)	(15.0, 30.0)	(16.0, 241.0)	(17.0, 493.0)	(18.0, 690.0)	(19.0, 876.0)	(20.0, 882.0)	(21.0, 1130.0)	(22.0, 1243.0)	(23.0, 1178.0)	(24.0, 2364.0)	(25.0, 2264.0)	(26.0, 1897.0)	(27.0, 1959.0)	(28.0, 2158.0)	(29.0, 2382.0)	(30.0, 2641.0)	(31.0, 3015.0)	(32.0, 3718.0)	(33.0, 4458.0)	(34.0, 6007.0)	(35.0, 7512.0)	(36.0, 10795.0)	(37.0, 16993.0)	(38.0, 45640.0)	(39.0, 617098.0)	(40.0, 44798.0)							
122022-BEL-CBC-T4-38-MCAV_S66_R2_16S	(10.0, 1.0)	(11.0, 2.0)	(12.0, 0.0)	(13.0, 0.0)	(14.0, 2.0)	(15.0, 30.0)	(16.0, 230.0)	(17.0, 497.0)	(18.0, 754.0)	(19.0, 902.0)	(20.0, 963.0)	(21.0, 1212.0)	(22.0, 1475.0)	(23.0, 1671.0)	(24.0, 2938.0)	(25.0, 2773.0)	(26.0, 2306.0)	(27.0, 2478.0)	(28.0, 2697.0)	(29.0, 2921.0)	(30.0, 3209.0)	(31.0, 3718.0)	(32.0, 4533.0)	(33.0, 5663.0)	(34.0, 7051.0)	(35.0, 9492.0)	(36.0, 13599.0)	(37.0, 22852.0)	(38.0, 62399.0)	(39.0, 796488.0)	(40.0, 34801.0)								
122022-BEL-CBC-T4-5-MCAV_S21_R2_16S	(8.0, 1.0)	(9.0, 3.0)	(10.0, 3.0)	(11.0, 2.0)	(12.0, 3.0)	(13.0, 2.0)	(14.0, 2.0)	(15.0, 26.0)	(16.0, 152.0)	(17.0, 331.0)	(18.0, 411.0)	(19.0, 563.0)	(20.0, 576.0)	(21.0, 611.0)	(22.0, 713.0)	(23.0, 759.0)	(24.0, 1194.0)	(25.0, 1303.0)	(26.0, 1208.0)	(27.0, 1255.0)	(28.0, 1489.0)	(29.0, 1647.0)	(30.0, 1877.0)	(31.0, 2332.0)	(32.0, 2976.0)	(33.0, 3562.0)	(34.0, 4582.0)	(35.0, 6158.0)	(36.0, 8767.0)	(37.0, 14579.0)	(38.0, 45990.0)	(39.0, 385633.0)	(40.0, 7208.0)						
122022-BEL-CBC-T4-6-MCAV_S87_R2_16S	(10.0, 1.0)	(11.0, 1.0)	(12.0, 1.0)	(13.0, 2.0)	(14.0, 5.0)	(15.0, 24.0)	(16.0, 232.0)	(17.0, 556.0)	(18.0, 846.0)	(19.0, 963.0)	(20.0, 990.0)	(21.0, 1253.0)	(22.0, 1307.0)	(23.0, 1265.0)	(24.0, 2538.0)	(25.0, 2452.0)	(26.0, 2089.0)	(27.0, 2198.0)	(28.0, 2431.0)	(29.0, 2566.0)	(30.0, 2990.0)	(31.0, 3494.0)	(32.0, 4370.0)	(33.0, 5307.0)	(34.0, 7214.0)	(35.0, 9038.0)	(36.0, 12599.0)	(37.0, 19659.0)	(38.0, 49714.0)	(39.0, 648086.0)	(40.0, 53486.0)								
122022-BEL-CBC-T4-9-OFAV_S9_R2_16S	(11.0, 2.0)	(12.0, 4.0)	(13.0, 0.0)	(14.0, 2.0)	(15.0, 12.0)	(16.0, 96.0)	(17.0, 259.0)	(18.0, 298.0)	(19.0, 371.0)	(20.0, 384.0)	(21.0, 580.0)	(22.0, 525.0)	(23.0, 543.0)	(24.0, 1218.0)	(25.0, 987.0)	(26.0, 859.0)	(27.0, 975.0)	(28.0, 1015.0)	(29.0, 1058.0)	(30.0, 1253.0)	(31.0, 1463.0)	(32.0, 1801.0)	(33.0, 2247.0)	(34.0, 3000.0)	(35.0, 4196.0)	(36.0, 6320.0)	(37.0, 10870.0)	(38.0, 33789.0)	(39.0, 368980.0)	(40.0, 8866.0)									
122023-BEL-CBC-T1-511-OANN_S14_R2_16S	(5.0, 1.0)	(6.0, 2.0)	(7.0, 3.0)	(8.0, 1.0)	(9.0, 2.0)	(10.0, 2.0)	(11.0, 2.0)	(12.0, 6.0)	(13.0, 1.0)	(14.0, 6.0)	(15.0, 29.0)	(16.0, 148.0)	(17.0, 387.0)	(18.0, 570.0)	(19.0, 659.0)	(20.0, 698.0)	(21.0, 770.0)	(22.0, 840.0)	(23.0, 842.0)	(24.0, 1693.0)	(25.0, 1605.0)	(26.0, 1380.0)	(27.0, 1470.0)	(28.0, 1552.0)	(29.0, 1760.0)	(30.0, 2018.0)	(31.0, 2235.0)	(32.0, 2761.0)	(33.0, 3462.0)	(34.0, 4697.0)	(35.0, 6105.0)	(36.0, 8725.0)	(37.0, 14722.0)	(38.0, 41362.0)	(39.0, 452241.0)	(40.0, 16648.0)			
122023-BEL-CBC-T3-479-PAST_S29_R2_16S	(6.0, 1.0)	(7.0, 2.0)	(8.0, 1.0)	(9.0, 0.0)	(10.0, 8.0)	(11.0, 1.0)	(12.0, 1.0)	(13.0, 4.0)	(14.0, 8.0)	(15.0, 46.0)	(16.0, 301.0)	(17.0, 568.0)	(18.0, 843.0)	(19.0, 949.0)	(20.0, 976.0)	(21.0, 1068.0)	(22.0, 1196.0)	(23.0, 1281.0)	(24.0, 1592.0)	(25.0, 1782.0)	(26.0, 2206.0)	(27.0, 2643.0)	(28.0, 3153.0)	(29.0, 3933.0)	(30.0, 5061.0)	(31.0, 6591.0)	(32.0, 8907.0)	(33.0, 12491.0)	(34.0, 16437.0)	(35.0, 20401.0)	(36.0, 25667.0)	(37.0, 34513.0)	(38.0, 69669.0)	(39.0, 320085.0)	(40.0, 1735.0)				
122023-BEL-CBC-T3-530-PSTR_S31_R2_16S	(8.0, 1.0)	(9.0, 0.0)	(10.0, 6.0)	(11.0, 5.0)	(12.0, 1.0)	(13.0, 4.0)	(14.0, 4.0)	(15.0, 29.0)	(16.0, 150.0)	(17.0, 327.0)	(18.0, 440.0)	(19.0, 490.0)	(20.0, 564.0)	(21.0, 639.0)	(22.0, 715.0)	(23.0, 715.0)	(24.0, 1232.0)	(25.0, 1188.0)	(26.0, 1139.0)	(27.0, 1285.0)	(28.0, 1470.0)	(29.0, 1699.0)	(30.0, 1951.0)	(31.0, 2412.0)	(32.0, 3078.0)	(33.0, 3873.0)	(34.0, 4835.0)	(35.0, 6154.0)	(36.0, 8910.0)	(37.0, 14520.0)	(38.0, 42720.0)	(39.0, 343321.0)	(40.0, 8547.0)						
Negative_S96_R2_16S	(15.0, 6.0)	(16.0, 35.0)	(17.0, 80.0)	(18.0, 86.0)	(19.0, 113.0)	(20.0, 93.0)	(21.0, 74.0)	(22.0, 90.0)	(23.0, 94.0)	(24.0, 126.0)	(25.0, 128.0)	(26.0, 131.0)	(27.0, 138.0)	(28.0, 133.0)	(29.0, 174.0)	(30.0, 196.0)	(31.0, 182.0)	(32.0, 261.0)	(33.0, 316.0)	(34.0, 379.0)	(35.0, 555.0)	(36.0, 671.0)	(37.0, 1225.0)	(38.0, 3337.0)	(39.0, 18864.0)	(40.0, 245.0)													
Undetermined_S0_R2_16S	(2.0, 30730.0)	(3.0, 4431.0)	(4.0, 2401.0)	(5.0, 2150.0)	(6.0, 2309.0)	(7.0, 2100.0)	(8.0, 1536.0)	(9.0, 1061.0)	(10.0, 805.0)	(11.0, 723.0)	(12.0, 682.0)	(13.0, 644.0)	(14.0, 1086.0)	(15.0, 7215.0)	(16.0, 24871.0)	(17.0, 50584.0)	(18.0, 98540.0)	(19.0, 73551.0)	(20.0, 35267.0)	(21.0, 27543.0)	(22.0, 26481.0)	(23.0, 38845.0)	(24.0, 45873.0)	(25.0, 33705.0)	(26.0, 32791.0)	(27.0, 32197.0)	(28.0, 31671.0)	(29.0, 31370.0)	(30.0, 31469.0)	(31.0, 31663.0)	(32.0, 33526.0)	(33.0, 37108.0)	(34.0, 45188.0)	(35.0, 61529.0)	(36.0, 93945.0)	(37.0, 167864.0)	(38.0, 511360.0)	(39.0, 1295423.0)	(40.0, 12065.0)
