.	Basic Statistics	Per Base Sequence Quality	Per Tile Sequence Quality	Per Sequence Quality Scores	Per Base Sequence Content	Per Sequence GC Content	Per Base N Content	Sequence Length Distribution	Sequence Duplication Levels	Overrepresented Sequences	Adapter Content
012024-BEL-CBC-T2-597-PAST_S54_R2_16S	1	1	0.5	1	0.25	0.25	1	0.5	0.25	0.25	0.25
012024-BEL-CBC-T3-640-MCAV_S56_R2_16S	1	1	0.5	1	0.25	0.25	1	0.5	0.25	0.25	0.25
022024-BEL-CBC-T1-773-SSID_S63_R2_16S	1	1	0.5	1	0.25	0.25	1	0.5	0.25	0.25	0.25
022024-BEL-CBC-T3-845-SSID_S70_R2_16S	1	1	0.5	1	0.25	0.25	1	0.5	0.25	0.25	0.25
022024-BEL-CBC-T3-846-OFAV_S94_R2_16S	1	1	0.5	1	0.25	0.25	1	0.5	0.25	0.25	0.25
022024-BEL-CBC-T3-849-PSTR_S23_R2_16S	1	1	0.5	1	0.25	0.25	1	0.5	0.25	0.25	0.25
022024-BEL-CBC-T3-850-MCAV_S43_R2_16S	1	1	0.5	1	0.25	0.25	1	0.5	0.25	0.25	0.25
022024-BEL-CBC-T3-853-SSID_S75_R2_16S	1	1	0.5	1	0.25	0.25	1	0.5	0.25	0.25	0.25
022024-BEL-CBC-T4-871-PSTR_S91_R2_16S	1	1	0.5	1	0.25	0.25	1	0.5	0.25	0.25	0.25
042024-BEL-CBC-T1-932-SSID_S18_R2_16S	1	1	0.5	1	0.25	0.25	1	0.5	0.25	0.25	0.25
042024-BEL-CBC-T1-938-SSID_S17_R2_16S	1	1	0.5	1	0.25	0.25	1	0.5	0.25	0.25	0.25
042024-BEL-CBC-T1-940-SSID_S35_R2_16S	1	1	0.5	1	0.25	0.25	1	0.5	0.25	0.25	0.25
042024-BEL-CBC-T2-1030-SSID_S48_R2_16S	1	1	0.5	1	0.25	0.25	1	0.5	0.25	0.25	0.25
042024-BEL-CBC-T3-1011-SSID_S10_R2_16S	1	1	0.5	1	0.25	0.25	1	0.5	0.25	0.25	0.25
042024-BEL-CBC-T3-1012-SSID_S27_R2_16S	1	1	0.5	1	0.25	0.25	1	0.5	0.25	0.25	0.25
042024-BEL-CBC-T3-1057-SSID_S5_R2_16S	1	1	0.5	1	0.25	0.25	1	0.5	0.25	0.25	0.25
042024-BEL-CBC-T3-942-PAST_S34_R2_16S	1	1	0.5	1	0.25	0.25	1	0.5	0.25	0.25	0.25
042024-BEL-CBC-T3-953-MCAV_S41_R2_16S	1	1	0.5	1	0.25	0.25	1	0.5	0.25	0.25	0.25
052022-BEL-CBC-T1-10-PSTR_S38_R2_16S	1	1	0.5	1	0.25	0.25	1	0.5	0.25	0.25	0.25
052022-BEL-CBC-T1-17-SSID_S69_R2_16S	1	1	0.5	1	0.25	0.25	1	0.5	0.25	0.25	0.25
052022-BEL-CBC-T1-34-PAST_S40_R2_16S	1	1	0.5	1	0.25	0.25	1	0.5	0.25	0.25	0.25
052022-BEL-CBC-T1-4-PSTR_S52_R2_16S	1	1	0.5	1	0.25	0.25	1	0.5	0.25	0.25	0.25
052022-BEL-CBC-T1-61-PAST_S89_R2_16S	1	1	0.5	1	0.25	0.25	1	0.5	0.25	0.25	0.25
052022-BEL-CBC-T2-4-MCAV_S83_R2_16S	1	1	0.5	1	0.25	0.25	1	0.5	0.25	0.25	0.25
052022-BEL-CBC-T2-60-PAST_S20_R2_16S	1	1	0.5	1	0.25	0.25	1	0.5	0.25	0.25	0.25
052022-BEL-CBC-T2-62-PAST_S12_R2_16S	1	1	0.5	1	0.25	0.25	1	0.5	0.25	0.25	0.25
052022-BEL-CBC-T2-72-OFAV_S13_R2_16S	1	1	0.5	1	0.25	0.25	1	0.5	0.25	0.25	0.25
052022-BEL-CBC-T3-40-MCAV_S1_R2_16S	1	1	0.5	1	0.25	0.25	1	0.5	0.25	0.25	0.25
052022-BEL-CBC-T3-48-MCAV_S7_R2_16S	1	1	0.5	1	0.25	0.25	1	0.5	0.25	0.25	0.25
052022-BEL-CBC-T3-49-MCAV_S2_R2_16S	1	1	0.5	1	0.25	0.25	1	0.5	0.25	0.25	0.25
052022-BEL-CBC-T3-51-MCAV_S33_R2_16S	1	1	0.5	1	0.25	0.25	1	0.5	0.25	0.25	0.25
052022-BEL-CBC-T3-55-PAST_S88_R2_16S	1	1	0.5	1	0.25	0.25	1	0.5	0.25	0.25	0.25
062019-BEL-CBC-T1-16-MCAV_S78_R2_16S	1	1	0.5	1	0.25	0.25	1	0.5	0.25	0.25	0.25
062019-BEL-CBC-T1-17-MCAV_S65_R2_16S	1	1	0.5	1	0.25	0.25	1	0.5	0.25	0.25	0.25
062019-BEL-CBC-T2-25-PAST_S79_R2_16S	1	1	0.5	1	0.25	0.25	1	0.5	0.25	0.25	0.25
062019-BEL-CBC-T2-26-SSID_S44_R2_16S	1	1	0.5	1	0.25	0.25	1	0.5	0.25	0.25	0.25
062019-BEL-CBC-T3-12-PAST_S36_R2_16S	1	1	0.5	1	0.25	0.25	1	0.5	0.25	0.25	0.25
062019-BEL-CBC-T3-15-MCAV_S60_R2_16S	1	1	0.5	1	0.25	0.25	1	0.5	0.25	0.25	0.25
062019-BEL-CBC-T3-23-PAST_S26_R2_16S	1	1	0.5	1	0.25	0.25	1	0.5	0.25	0.25	0.25
062019-BEL-CBC-T3-28-SSID_S95_R2_16S	1	1	0.5	1	0.25	0.25	1	0.5	0.25	0.25	0.25
062019-BEL-CBC-T3-31-PAST_S42_R2_16S	1	1	0.5	1	0.25	0.25	1	0.5	0.25	0.25	0.25
062019-BEL-CBC-T3-4-PAST_S22_R2_16S	1	1	0.5	1	0.25	0.25	1	0.5	0.25	0.25	0.25
062019-BEL-CBC-T3-7-PAST_S58_R2_16S	1	1	0.5	1	0.25	0.25	1	0.5	0.25	0.25	0.25
062019-BEL-CBC-T3-8-MCAV_S77_R2_16S	1	1	0.5	1	0.25	0.25	1	0.5	0.25	0.25	0.25
062019-BEL-CBC-T3-9-MCAV_S80_R2_16S	1	1	0.5	1	0.25	0.25	1	0.5	0.25	0.25	0.25
062024-BEL-CBC-T1-1344-SSID_S39_R2_16S	1	1	0.5	1	0.25	0.25	1	0.5	0.25	0.25	0.25
062024-BEL-CBC-T2-1381-SSID_S30_R2_16S	1	1	0.5	1	0.25	0.25	1	0.5	0.25	0.25	0.25
062024-BEL-CBC-T3-1430-PSTR_S62_R2_16S	1	1	0.5	1	0.25	0.25	1	0.5	0.25	0.25	0.25
062024-BEL-CBC-T4-1461-OFAV_S72_R2_16S	1	1	0.5	1	0.25	0.25	1	0.5	0.25	0.25	0.25
082024-BEL-CBC-T2-1513-PAST_S53_R2_16S	1	1	0.5	1	0.25	0.25	1	0.5	0.25	0.25	0.25
082024-BEL-CBC-T2-1514-MCAV_S71_R2_16S	1	1	0.5	1	0.25	0.25	1	0.5	0.25	0.25	0.25
082024-BEL-CBC-T2-1515-MCAV_S25_R2_16S	1	1	0.5	1	0.25	0.25	1	0.5	0.25	0.25	0.25
092023-BEL-CBC-T1-177-PSTR_S50_R2_16S	1	1	0.5	1	0.25	0.25	1	0.5	0.25	0.25	0.25
092023-BEL-CBC-T1-190-OANN_S81_R2_16S	1	1	0.5	1	0.25	0.25	1	0.5	0.25	0.25	0.25
092023-BEL-CBC-T1-196-SSID_S82_R2_16S	1	1	0.5	1	0.25	0.25	1	0.5	0.25	0.25	0.25
092023-BEL-CBC-T2-194-OANN_S4_R2_16S	1	1	0.5	1	0.25	0.25	1	0.5	0.25	0.25	0.25
092023-BEL-CBC-T3-184-PAST_S37_R2_16S	1	1	0.5	1	0.25	0.25	1	0.5	0.25	0.25	0.25
092023-BEL-CBC-T3-198-SSID_S76_R2_16S	1	1	0.5	1	0.25	0.25	1	0.5	0.25	0.25	0.25
092023-BEL-CBC-T3-220-SSID_S19_R2_16S	1	1	0.5	1	0.25	0.25	1	0.5	0.25	0.25	0.25
092023-BEL-CBC-T3-264-SSID_S59_R2_16S	1	1	0.5	1	0.25	0.25	1	0.5	0.25	0.25	0.25
092023-BEL-CBC-T3-90-SSID_S67_R2_16S	1	1	0.5	1	0.25	0.25	1	0.5	0.25	0.25	0.25
102019-BEL-CBC-T2-35-PSTR_S46_R2_16S	1	1	0.5	1	0.25	0.25	1	0.5	0.25	0.25	0.25
112023-BEL-CBC-T2-309-PAST_S3_R2_16S	1	1	0.5	1	0.25	0.25	1	0.5	0.25	0.25	0.25
112023-BEL-CBC-T3-349-PAST_S73_R2_16S	1	1	0.5	1	0.25	0.25	1	0.5	0.25	0.25	0.25
112023-BEL-CBC-T3-351-OFAV_S61_R2_16S	1	1	0.5	1	0.25	0.25	1	0.5	0.25	0.25	0.25
122022-BEL-CBC-T1-122-PSTR_S45_R2_16S	1	1	0.5	1	0.25	0.25	1	0.5	0.25	0.25	0.25
122022-BEL-CBC-T1-132-PSTR_S11_R2_16S	1	1	0.5	1	0.25	0.25	1	0.5	0.25	0.25	0.25
122022-BEL-CBC-T1-133-PSTR_S32_R2_16S	1	1	0.5	1	0.25	0.25	1	0.5	0.25	0.25	0.25
122022-BEL-CBC-T1-134-PAST_S6_R2_16S	1	1	0.5	1	0.25	0.25	1	0.5	0.25	0.25	0.25
122022-BEL-CBC-T1-144-MCAV_S84_R2_16S	1	1	0.5	1	0.25	0.25	1	0.5	0.25	0.25	0.25
122022-BEL-CBC-T1-152-PAST_S15_R2_16S	1	1	0.5	1	0.25	0.25	1	0.5	0.25	0.25	0.25
122022-BEL-CBC-T1-155-PAST_S28_R2_16S	1	1	0.5	1	0.25	0.25	1	0.5	0.25	0.25	0.25
122022-BEL-CBC-T2-118-OANN_S24_R2_16S	1	1	0.5	1	0.25	0.25	1	0.5	0.25	0.25	0.25
122022-BEL-CBC-T2-85-MCAV_S47_R2_16S	1	1	1	1	0.25	0.25	1	0.5	0.25	0.25	0.25
122022-BEL-CBC-T2-86-MCAV_S8_R2_16S	1	1	1	1	0.25	0.25	1	0.5	0.25	0.25	0.25
122022-BEL-CBC-T2-96-SSID_S49_R2_16S	1	1	0.5	1	0.25	0.25	1	0.5	0.25	0.25	0.25
122022-BEL-CBC-T3-115-PAST_S90_R2_16S	1	1	0.5	1	0.25	0.25	1	0.5	0.25	0.25	0.25
122022-BEL-CBC-T3-119-MCAV_S74_R2_16S	1	1	0.5	1	0.25	0.25	1	0.5	0.25	0.25	0.25
122022-BEL-CBC-T3-120-SSID_S85_R2_16S	1	1	0.5	1	0.25	0.25	1	0.5	0.25	0.25	0.25
122022-BEL-CBC-T3-122-PAST_S51_R2_16S	1	1	0.5	1	0.25	0.25	1	0.5	0.25	0.25	0.25
122022-BEL-CBC-T3-128-MCAV_S68_R2_16S	1	1	0.5	1	0.25	0.25	1	0.5	0.25	0.25	0.25
122022-BEL-CBC-T3-129-PAST_S16_R2_16S	1	1	0.5	1	0.25	0.25	1	0.5	0.25	0.25	0.25
122022-BEL-CBC-T3-132-MCAV_S55_R2_16S	1	1	0.5	1	0.25	0.25	1	0.5	0.25	0.25	0.25
122022-BEL-CBC-T3-133-MCAV_S57_R2_16S	1	1	0.5	1	0.25	0.25	1	0.5	0.25	0.25	0.25
122022-BEL-CBC-T3-145-MCAV_S93_R2_16S	1	1	0.5	1	0.25	0.25	1	0.5	0.25	0.25	0.25
122022-BEL-CBC-T3-147-OFAV_S92_R2_16S	1	1	0.5	1	0.25	0.25	1	0.5	0.25	0.25	0.25
122022-BEL-CBC-T4-10-OFAV_S64_R2_16S	1	1	0.5	1	0.25	0.25	1	0.5	0.25	0.25	0.25
122022-BEL-CBC-T4-36-PSTR_S86_R2_16S	1	1	0.5	1	0.25	0.25	1	0.5	0.25	0.25	0.25
122022-BEL-CBC-T4-38-MCAV_S66_R2_16S	1	1	0.5	1	0.25	0.25	1	0.5	0.25	0.25	0.25
122022-BEL-CBC-T4-5-MCAV_S21_R2_16S	1	1	0.5	1	0.25	0.25	1	0.5	0.25	0.25	0.25
122022-BEL-CBC-T4-6-MCAV_S87_R2_16S	1	1	0.5	1	0.25	0.25	1	0.5	0.25	0.25	0.25
122022-BEL-CBC-T4-9-OFAV_S9_R2_16S	1	1	0.5	1	0.25	0.25	1	0.5	0.25	0.25	0.25
122023-BEL-CBC-T1-511-OANN_S14_R2_16S	1	1	0.5	1	0.25	0.25	1	0.5	0.25	0.25	0.25
122023-BEL-CBC-T3-479-PAST_S29_R2_16S	1	1	0.5	1	0.25	0.25	1	0.5	0.25	0.25	0.25
122023-BEL-CBC-T3-530-PSTR_S31_R2_16S	1	1	0.5	1	0.25	0.25	1	0.5	0.25	0.25	0.25
Negative_S96_R2_16S	1	1	0.5	1	0.25	0.25	1	0.5	0.25	0.25	0.25
Undetermined_S0_R2_16S	1	1	0.5	1	0.25	0.25	0.5	0.5	0.25	0.25	0.25
