Sample	fastqc-percent_duplicates	fastqc-percent_gc	fastqc-avg_sequence_length	fastqc-median_sequence_length	fastqc-percent_fails	fastqc-total_sequences
012024-BEL-CBC-T2-597-PAST_S54_R2_16S	97.4397606673931	44.0	230.09808672557554	228	45.45454545454545	0.923234
012024-BEL-CBC-T3-640-MCAV_S56_R2_16S	98.29615591731908	34.0	229.6411323060354	229	45.45454545454545	0.9656399999999999
022024-BEL-CBC-T1-773-SSID_S63_R2_16S	96.24365655120738	48.0	232.34946130354325	230	45.45454545454545	0.88083
022024-BEL-CBC-T3-845-SSID_S70_R2_16S	96.01826923076923	48.0	232.3410576923077	230	45.45454545454545	0.9359999999999999
022024-BEL-CBC-T3-846-OFAV_S94_R2_16S	98.18515939337667	35.0	228.9392339832869	228	45.45454545454545	1.2924
022024-BEL-CBC-T3-849-PSTR_S23_R2_16S	97.5234104116143	41.0	232.33443963422812	230	45.45454545454545	0.454819
022024-BEL-CBC-T3-850-MCAV_S43_R2_16S	98.4214172538854	34.0	228.71555009457347	228	45.45454545454545	0.749153
022024-BEL-CBC-T3-853-SSID_S75_R2_16S	94.90940351805317	49.0	232.35720363267646	230	45.45454545454545	0.45365999999999995
022024-BEL-CBC-T4-871-PSTR_S91_R2_16S	98.70286775415791	38.0	231.35055767811056	230	45.45454545454545	1.4534369999999999
042024-BEL-CBC-T1-932-SSID_S18_R2_16S	92.82382482066868	54.0	232.9840147286595	231	45.45454545454545	0.444847
042024-BEL-CBC-T1-938-SSID_S17_R2_16S	94.68188946659465	55.0	234.84678505658118	231	45.45454545454545	0.307346
042024-BEL-CBC-T1-940-SSID_S35_R2_16S	94.16863015957767	47.0	230.9437779726303	229	45.45454545454545	0.612429
042024-BEL-CBC-T2-1030-SSID_S48_R2_16S	95.73272322165074	50.0	231.83745442744922	229	45.45454545454545	0.551593
042024-BEL-CBC-T3-1011-SSID_S10_R2_16S	94.49079576456606	56.0	233.93043644147917	231	45.45454545454545	0.592336
042024-BEL-CBC-T3-1012-SSID_S27_R2_16S	96.52016751751718	50.0	233.37639513632715	231	45.45454545454545	0.444849
042024-BEL-CBC-T3-1057-SSID_S5_R2_16S	94.80419467865147	53.0	236.52084586908344	231	45.45454545454545	0.40384499999999995
042024-BEL-CBC-T3-942-PAST_S34_R2_16S	95.20877475573825	46.0	229.26753132535453	228	45.45454545454545	1.039254
042024-BEL-CBC-T3-953-MCAV_S41_R2_16S	98.38840569284618	34.0	229.25332985641995	229	45.45454545454545	0.444839
052022-BEL-CBC-T1-10-PSTR_S38_R2_16S	96.77894479763252	42.0	230.36400893682264	228	45.45454545454545	0.663323
052022-BEL-CBC-T1-17-SSID_S69_R2_16S	96.73794048686298	44.0	231.9343946107165	230	45.45454545454545	0.928064
052022-BEL-CBC-T1-34-PAST_S40_R2_16S	93.97605373749731	50.0	231.55196814716643	228	45.45454545454545	0.441405
052022-BEL-CBC-T1-4-PSTR_S52_R2_16S	98.11831130957401	37.0	230.39483503264725	229	45.45454545454545	1.1264349999999999
052022-BEL-CBC-T1-61-PAST_S89_R2_16S	96.65248853781141	49.0	231.86338328377656	230	45.45454545454545	0.524987
052022-BEL-CBC-T2-4-MCAV_S83_R2_16S	98.55902377878604	40.0	232.13619278726227	230	45.45454545454545	0.560037
052022-BEL-CBC-T2-60-PAST_S20_R2_16S	95.66073918710802	56.0	233.49021931750195	231	45.45454545454545	0.43959099999999995
052022-BEL-CBC-T2-62-PAST_S12_R2_16S	96.5405098537482	48.0	232.58549106539428	231	45.45454545454545	0.7398199999999999
052022-BEL-CBC-T2-72-OFAV_S13_R2_16S	96.29284371211952	51.0	232.69636124729965	231	45.45454545454545	0.628622
052022-BEL-CBC-T3-40-MCAV_S1_R2_16S	96.10157327687392	53.0	232.58563370394134	231	45.45454545454545	0.447283
052022-BEL-CBC-T3-48-MCAV_S7_R2_16S	97.30825134546794	45.0	233.2436743026121	231	45.45454545454545	0.738219
052022-BEL-CBC-T3-49-MCAV_S2_R2_16S	98.03655540240906	40.0	233.45659255708037	231	45.45454545454545	0.41717499999999996
052022-BEL-CBC-T3-51-MCAV_S33_R2_16S	97.52190610722405	38.0	231.24197327859565	229	45.45454545454545	0.543684
052022-BEL-CBC-T3-55-PAST_S88_R2_16S	97.73475590313177	46.0	232.60978003632428	230	45.45454545454545	1.1446889999999998
062019-BEL-CBC-T1-16-MCAV_S78_R2_16S	98.15149002584988	40.0	232.83559092277497	230	45.45454545454545	0.594587
062019-BEL-CBC-T1-17-MCAV_S65_R2_16S	98.33617891941326	37.0	230.98959218005348	230	45.45454545454545	0.797141
062019-BEL-CBC-T2-25-PAST_S79_R2_16S	97.27816522301757	49.0	233.62980949969696	230	45.45454545454545	0.391023
062019-BEL-CBC-T2-26-SSID_S44_R2_16S	96.5381453444129	45.0	230.68798688300137	228	45.45454545454545	0.6544179999999999
062019-BEL-CBC-T3-12-PAST_S36_R2_16S	96.16786548195509	48.0	231.66732013852976	229	45.45454545454545	0.63813
062019-BEL-CBC-T3-15-MCAV_S60_R2_16S	97.69528064023318	38.0	231.07212042047388	229	45.45454545454545	0.966148
062019-BEL-CBC-T3-23-PAST_S26_R2_16S	98.68817458846335	50.0	233.13721014889242	231	45.45454545454545	0.447773
062019-BEL-CBC-T3-28-SSID_S95_R2_16S	96.42093189452449	42.0	229.51397574098846	228	45.45454545454545	1.2327789999999998
062019-BEL-CBC-T3-31-PAST_S42_R2_16S	97.31757759343118	48.0	231.2277395624081	229	45.45454545454545	0.9104829999999999
062019-BEL-CBC-T3-4-PAST_S22_R2_16S	97.38109159796439	47.0	232.00245941298752	230	45.45454545454545	0.634501
062019-BEL-CBC-T3-7-PAST_S58_R2_16S	96.88633063146341	45.0	230.82677625728985	229	45.45454545454545	0.7388709999999999
062019-BEL-CBC-T3-8-MCAV_S77_R2_16S	97.44130383003979	44.0	234.36741283916487	230	45.45454545454545	0.256107
062019-BEL-CBC-T3-9-MCAV_S80_R2_16S	98.30107656949316	37.0	231.87208781903956	230	45.45454545454545	0.66136
062024-BEL-CBC-T1-1344-SSID_S39_R2_16S	93.98231049517213	51.0	231.57987079452587	229	45.45454545454545	0.865598
062024-BEL-CBC-T2-1381-SSID_S30_R2_16S	96.24253148745706	49.0	234.1674549807432	230	45.45454545454545	0.48035
062024-BEL-CBC-T3-1430-PSTR_S62_R2_16S	97.36960088522588	40.0	231.13282521876272	228	45.45454545454545	0.628992
062024-BEL-CBC-T4-1461-OFAV_S72_R2_16S	97.85330441047364	36.0	230.76386309146525	230	45.45454545454545	1.2700449999999999
082024-BEL-CBC-T2-1513-PAST_S53_R2_16S	97.57096981374438	43.0	229.02661232152562	228	45.45454545454545	1.01205
082024-BEL-CBC-T2-1514-MCAV_S71_R2_16S	98.17804487593277	34.0	230.67595987502904	230	45.45454545454545	0.929496
082024-BEL-CBC-T2-1515-MCAV_S25_R2_16S	97.41500484406588	39.0	231.4463559371074	231	45.45454545454545	0.5357069999999999
092023-BEL-CBC-T1-177-PSTR_S50_R2_16S	94.49415862790988	53.0	229.3885641014148	229	45.45454545454545	0.624682
092023-BEL-CBC-T1-190-OANN_S81_R2_16S	98.31163840315834	40.0	231.40329884829802	230	45.45454545454545	0.590691
092023-BEL-CBC-T1-196-SSID_S82_R2_16S	96.47940491092294	49.0	231.39080174264882	230	45.45454545454545	0.611942
092023-BEL-CBC-T2-194-OANN_S4_R2_16S	98.45182986118962	40.0	232.352965024438	231	45.45454545454545	0.619118
092023-BEL-CBC-T3-184-PAST_S37_R2_16S	96.42286557491538	44.0	229.5158365264211	229	45.45454545454545	1.0653219999999999
092023-BEL-CBC-T3-198-SSID_S76_R2_16S	95.42987717794915	52.0	232.60987004820328	230	45.45454545454545	0.451629
092023-BEL-CBC-T3-220-SSID_S19_R2_16S	95.92573790056824	50.0	234.29089180427155	231	45.45454545454545	0.44911199999999996
092023-BEL-CBC-T3-264-SSID_S59_R2_16S	95.17461296658335	50.0	231.90940870335677	229	45.45454545454545	0.661377
092023-BEL-CBC-T3-90-SSID_S67_R2_16S	95.60413584192048	53.0	231.69894765410913	230	45.45454545454545	0.9137679999999999
102019-BEL-CBC-T2-35-PSTR_S46_R2_16S	97.95574792516743	37.0	230.06692995985753	229	45.45454545454545	0.786449
112023-BEL-CBC-T2-309-PAST_S3_R2_16S	96.86130323789739	44.0	231.60399715313443	231	45.45454545454545	0.363909
112023-BEL-CBC-T3-349-PAST_S73_R2_16S	97.14987795087879	46.0	230.90826551694627	230	45.45454545454545	0.490786
112023-BEL-CBC-T3-351-OFAV_S61_R2_16S	98.12151711117919	36.0	229.52566573375617	229	45.45454545454545	0.966152
122022-BEL-CBC-T1-122-PSTR_S45_R2_16S	96.32272406555093	42.0	230.07453893820724	228	45.45454545454545	0.677458
122022-BEL-CBC-T1-132-PSTR_S11_R2_16S	97.90670579430214	39.0	232.25195145224055	231	45.45454545454545	0.38881299999999996
122022-BEL-CBC-T1-133-PSTR_S32_R2_16S	95.88231668798052	43.0	230.59325968496577	229	45.45454545454545	0.778836
122022-BEL-CBC-T1-134-PAST_S6_R2_16S	97.74312860069574	49.0	233.71467090156608	231	45.45454545454545	0.72729
122022-BEL-CBC-T1-144-MCAV_S84_R2_16S	97.5800453617536	39.0	231.9050810264053	230	45.45454545454545	0.705881
122022-BEL-CBC-T1-152-PAST_S15_R2_16S	94.03385454639024	52.0	232.90845891909046	230	45.45454545454545	0.466348
122022-BEL-CBC-T1-155-PAST_S28_R2_16S	94.62994235837287	51.0	233.67330394425971	231	45.45454545454545	0.498598
122022-BEL-CBC-T2-118-OANN_S24_R2_16S	98.39133393829401	43.0	234.54745689655172	231	45.45454545454545	0.8815999999999999
122022-BEL-CBC-T2-85-MCAV_S47_R2_16S	90.29116926844199	65.0	242.19375573921027	250	45.45454545454545	0.104544
122022-BEL-CBC-T2-86-MCAV_S8_R2_16S	97.08962061983654	67.0	243.50324401814876	251	45.45454545454545	0.270652
122022-BEL-CBC-T2-96-SSID_S49_R2_16S	95.47021462738459	47.0	231.87652278640655	229	45.45454545454545	0.440065
122022-BEL-CBC-T3-115-PAST_S90_R2_16S	97.80254697821498	47.0	232.66608859104596	230	45.45454545454545	0.522423
122022-BEL-CBC-T3-119-MCAV_S74_R2_16S	97.68441920708676	45.0	234.5022496213782	230	45.45454545454545	0.271379
122022-BEL-CBC-T3-120-SSID_S85_R2_16S	95.5537743951662	49.0	232.3282197461225	230	45.45454545454545	0.697423
122022-BEL-CBC-T3-122-PAST_S51_R2_16S	95.53038657566094	48.0	231.06740583986567	229	45.45454545454545	0.503265
122022-BEL-CBC-T3-128-MCAV_S68_R2_16S	98.16502833341498	40.0	232.73159336674362	230	45.45454545454545	1.040997
122022-BEL-CBC-T3-129-PAST_S16_R2_16S	95.99081007423938	53.0	234.51055446764963	230	45.45454545454545	0.530581
122022-BEL-CBC-T3-132-MCAV_S55_R2_16S	97.7718101576618	38.0	230.50049786703897	228	45.45454545454545	0.851633
122022-BEL-CBC-T3-133-MCAV_S57_R2_16S	96.89150790472377	41.0	231.43517849124578	229	45.45454545454545	0.576807
122022-BEL-CBC-T3-145-MCAV_S93_R2_16S	98.23536464407556	38.0	231.14460236665323	230	45.45454545454545	0.550482
122022-BEL-CBC-T3-147-OFAV_S92_R2_16S	97.03133702051578	41.0	230.9605239990539	230	45.45454545454545	1.323323
122022-BEL-CBC-T4-10-OFAV_S64_R2_16S	98.145453355514	42.0	232.6229463583903	230	45.45454545454545	1.497401
122022-BEL-CBC-T4-36-PSTR_S86_R2_16S	98.4720122382158	36.0	230.68046959168885	230	45.45454545454545	0.7824669999999999
122022-BEL-CBC-T4-38-MCAV_S66_R2_16S	98.46201667177978	39.0	232.47898460700426	230	45.45454545454545	0.987657
122022-BEL-CBC-T4-5-MCAV_S21_R2_16S	97.54536032166608	43.0	232.95630325981313	231	45.45454545454545	0.49591799999999997
122022-BEL-CBC-T4-6-MCAV_S87_R2_16S	98.4234973623485	36.0	231.32470689776608	230	45.45454545454545	0.837677
122022-BEL-CBC-T4-9-OFAV_S9_R2_16S	98.24547041526817	40.0	232.2941337203771	230	45.45454545454545	0.45197299999999996
122023-BEL-CBC-T1-511-OANN_S14_R2_16S	97.92028520999992	40.0	232.74767169238064	231	45.45454545454545	0.5694049999999999
122023-BEL-CBC-T3-479-PAST_S29_R2_16S	95.09189149452327	48.0	232.37270822612658	230	45.45454545454545	0.5441199999999999
122023-BEL-CBC-T3-530-PSTR_S31_R2_16S	97.71143882729476	46.0	234.3695206266688	231	45.45454545454545	0.452424
Negative_S96_R2_16S	90.79042261647194	55.0	236.81721476994088	230	45.45454545454545	0.027732
Undetermined_S0_R2_16S	82.62216765441569	46.0	242.21587704427165	248	45.45454545454545	2.9623019999999998
