Sample	0	1	2	3	4	5	6	7	8	9	10	11	12	13	14	15
012024-BEL-CBC-T1-559-MCAV_S19_R2_16S	(1.0, 1.8462409535354707)	(2.0, 0.7179100035568847)	(3.0, 0.5032628973366918)	(4.0, 0.37949782594493364)	(5.0, 0.29435036040679147)	(6.0, 0.23257670893794324)	(7.0, 0.18140112223343327)	(8.0, 0.17595691088188964)	(9.0, 0.13066107243704675)	('>10', 3.110023881940462)	('>50', 0.7050616647672419)	('>100', 0.0603944512597905)	('>500', 0.1352342099723434)	('>1k', 72.81959335370678)	('>5k', 18.707834583082295)	('>10k+', 0.0)
012024-BEL-CBC-T2-591-PAST_S16_R2_16S	(1.0, 5.671008380876747)	(2.0, 2.91004766739441)	(3.0, 2.2956710252323105)	(4.0, 1.9130355935181351)	(5.0, 1.5851059690156852)	(6.0, 1.3702966035097648)	(7.0, 1.2078270977656984)	(8.0, 1.052966923303316)	(9.0, 0.9365647204537699)	('>10', 14.013817500834556)	('>50', 8.836078878852925)	('>100', 16.251475041655205)	('>500', 14.43870610699562)	('>1k', 27.517398490591855)	('>5k', 0.0)	('>10k+', 0.0)
012024-BEL-CBC-T2-595-PAST_S86_R2_16S	(1.0, 3.7864860153258317)	(2.0, 1.5282038930206745)	(3.0, 1.0075736457676265)	(4.0, 0.7667126772875686)	(5.0, 0.5726764285539836)	(6.0, 0.4502247333896465)	(7.0, 0.3448691139600828)	(8.0, 0.28027458150406726)	(9.0, 0.20767942247266521)	('>10', 4.3025685379991865)	('>50', 3.013204402534262)	('>100', 16.117641213164482)	('>500', 51.89501156722168)	('>1k', 15.726873767798235)	('>5k', 0.0)	('>10k+', 0.0)
012024-BEL-CBC-T2-599-MCAV_S81_R2_16S	(1.0, 1.6673719070618351)	(2.0, 0.6835406907015932)	(3.0, 0.5333119674704738)	(4.0, 0.4116267016532671)	(5.0, 0.33634541923411726)	(6.0, 0.2438712940451838)	(7.0, 0.2161624406492218)	(8.0, 0.18428056716350644)	(9.0, 0.1637493083219201)	('>10', 3.099719322668763)	('>50', 0.9173132761295739)	('>100', 0.5545109095264207)	('>500', 0.0)	('>1k', 1.2880443809032587)	('>5k', 25.785174594987538)	('>10k+', 63.914977219483326)
012024-BEL-CBC-T4-665-MCAV_S24_R2_16S	(1.0, 2.5166709842821593)	(2.0, 1.0209526483152527)	(3.0, 0.6672522110147704)	(4.0, 0.508618545379859)	(5.0, 0.41180762907176083)	(6.0, 0.36845945759052284)	(7.0, 0.34172808517709274)	(8.0, 0.30880411683777154)	(9.0, 0.3056046089427278)	('>10', 4.593461237961852)	('>50', 2.009394168019577)	('>100', 1.2155033703203326)	('>500', 1.2361453567399698)	('>1k', 82.75052404843024)	('>5k', 1.7450735319161235)	('>10k+', 0.0)
012024-BEL-CBC-T4-669-MCAV_S23_R2_16S	(1.0, 2.5556964675856237)	(2.0, 1.1669096411484199)	(3.0, 0.785577982956229)	(4.0, 0.5828226918411935)	(5.0, 0.4334032625744233)	(6.0, 0.40108568109895576)	(7.0, 0.35067341464089163)	(8.0, 0.28003302872630015)	(9.0, 0.303658840122791)	('>10', 4.002876185735225)	('>50', 2.0669029247806314)	('>100', 2.5050471528526788)	('>500', 0.1355916132320347)	('>1k', 75.68058535120677)	('>5k', 8.74913576149783)	('>10k+', 0.0)
022024-BEL-CBC-T2-805-SSID_S12_R2_16S	(1.0, 3.7122404385127905)	(2.0, 1.2040926758946016)	(3.0, 0.9145321387412172)	(4.0, 0.7988731510052005)	(5.0, 0.7559140984175372)	(6.0, 0.6666914507354672)	(7.0, 0.5855236254135842)	(8.0, 0.5435972423592781)	(9.0, 0.5279006654522472)	('>10', 8.899546038473135)	('>50', 4.307884225353276)	('>100', 14.077764146539936)	('>500', 7.371608196917688)	('>1k', 13.602942695102255)	('>5k', 25.633129690901356)	('>10k+', 16.397759520180426)
022024-BEL-CBC-T2-806-SSID_S55_R2_16S	(1.0, 5.224305120855709)	(2.0, 2.562294775914517)	(3.0, 1.8317793957763648)	(4.0, 1.3828396973390877)	(5.0, 1.0125303374735062)	(6.0, 0.9158896978881824)	(7.0, 0.7502827836896957)	(8.0, 0.639585323801052)	(9.0, 0.6463940961354726)	('>10', 10.78004370792563)	('>50', 5.938567302518147)	('>100', 16.56398598710726)	('>500', 1.4900229521519015)	('>1k', 49.10684281619609)	('>5k', 1.15463600522738)	('>10k+', 0.0)
022024-BEL-CBC-T2-809-MCAV_S69_R2_16S	(1.0, 1.6462732474755295)	(2.0, 0.6575161604094067)	(3.0, 0.44034012075396745)	(4.0, 0.3324093249870746)	(5.0, 0.23221916815880872)	(6.0, 0.19541462075250696)	(7.0, 0.17175455456274152)	(8.0, 0.13787100298233673)	(9.0, 0.10647029785394438)	('>10', 3.376233025363007)	('>50', 1.8390589719847292)	('>100', 0.3833807021489766)	('>500', 0.4702803279694113)	('>1k', 15.81310300307581)	('>5k', 63.83763352602168)	('>10k+', 10.36004194550006)
022024-BEL-CBC-T2-810-SSID_S57_R2_16S	(1.0, 5.797983898247751)	(2.0, 2.5666687662866354)	(3.0, 1.7923755800200163)	(4.0, 1.2131137597428199)	(5.0, 1.0614745397749674)	(6.0, 0.9112350664529719)	(7.0, 0.7528304043634769)	(8.0, 0.6214875107605523)	(9.0, 0.5647977716033398)	('>10', 8.815837666715657)	('>50', 8.399879621788456)	('>100', 18.330382200821653)	('>500', 1.611108389381522)	('>1k', 47.56082482404018)	('>5k', 0.0)	('>10k+', 0.0)
022024-BEL-CBC-T2-811-PAST_S76_R2_16S	(1.0, 2.184172849963245)	(2.0, 0.9924314121912194)	(3.0, 0.7013456560532139)	(4.0, 0.5021251677705123)	(5.0, 0.40694701988533855)	(6.0, 0.3303926300059184)	(7.0, 0.30084532163140537)	(8.0, 0.2442577492293077)	(9.0, 0.20307059210119865)	('>10', 3.3978509257708933)	('>50', 1.6030757852644888)	('>100', 2.0584624834244076)	('>500', 0.871287447855716)	('>1k', 17.53820780353368)	('>5k', 41.749272285609656)	('>10k+', 26.9162548697098)
022024-BEL-CBC-T2-812-PAST_S1_R2_16S	(1.0, 2.157884157268291)	(2.0, 0.6872896324903663)	(3.0, 0.4766548197949679)	(4.0, 0.38149492979552385)	(5.0, 0.2576801515715282)	(6.0, 0.2758567597736692)	(7.0, 0.2380066462233285)	(8.0, 0.1590987823810929)	(9.0, 0.16358947381926892)	('>10', 2.237219706009401)	('>50', 1.8792474456519417)	('>100', 2.520560951513363)	('>500', 0.15118661175192563)	('>1k', 16.879012218957563)	('>5k', 7.647433676764308)	('>10k+', 63.88778403623346)
022024-BEL-CBC-T2-813-MCAV_S79_R2_16S	(1.0, 1.7733784056856967)	(2.0, 0.6312024833796547)	(3.0, 0.3850578856138434)	(4.0, 0.2770142172875962)	(5.0, 0.20410505012759106)	(6.0, 0.17486014742274217)	(7.0, 0.15993306166714225)	(8.0, 0.10641895150931115)	(9.0, 0.12977425575276685)	('>10', 1.9266095104829775)	('>50', 2.202405190157872)	('>100', 11.123014418346303)	('>500', 4.65197042609214)	('>1k', 6.219923699236485)	('>5k', 47.93066927162929)	('>10k+', 22.103663025608583)
022024-BEL-CBC-T2-815-OFAV_S66_R2_16S	(1.0, 1.5767080748517108)	(2.0, 0.6466343622154487)	(3.0, 0.45031273421834844)	(4.0, 0.352560923611459)	(5.0, 0.2714760012147401)	(6.0, 0.23129141798408365)	(7.0, 0.22403160778210757)	(8.0, 0.19141358729717264)	(9.0, 0.17576920756615375)	('>10', 3.1404302920181966)	('>50', 1.0227129808473936)	('>100', 0.8116672307505111)	('>500', 0.12311002088984822)	('>1k', 3.219163444912867)	('>5k', 42.05884127294126)	('>10k+', 45.503876840898705)
022024-BEL-CBC-T3-844-OFAV_S48_R2_16S	(1.0, 1.8836695021522945)	(2.0, 0.9057532126136149)	(3.0, 0.6545068328807797)	(4.0, 0.4953862791955206)	(5.0, 0.41411398665144583)	(6.0, 0.3399481743775208)	(7.0, 0.302090015847451)	(8.0, 0.265136318442673)	(9.0, 0.24478594312360819)	('>10', 4.255231177033406)	('>50', 1.3836317085981304)	('>100', 6.41417988310486)	('>500', 0.40571541905945085)	('>1k', 0.11764455065402231)	('>5k', 13.548504635040246)	('>10k+', 68.36970236122497)
022024-BEL-CBC-T3-847-PAST_S17_R2_16S	(1.0, 6.147588512176819)	(2.0, 2.675830547786343)	(3.0, 1.8280578484207655)	(4.0, 1.3970939354662664)	(5.0, 1.1332628419401052)	(6.0, 0.8984241762739613)	(7.0, 0.8810287195579507)	(8.0, 0.7558496486799918)	(9.0, 0.7428883279896309)	('>10', 13.158980830888876)	('>50', 7.8487618527866845)	('>100', 12.822157036632786)	('>500', 30.285319598881234)	('>1k', 19.424756122518588)	('>5k', 0.0)	('>10k+', 0.0)
022024-BEL-CBC-T3-848-MCAV_S7_R2_16S	(1.0, 0.9924802419956117)	(2.0, 0.24071746586285495)	(3.0, 0.164561276441642)	(4.0, 0.1448565281298596)	(5.0, 0.13899835971284324)	(6.0, 0.1476258441088128)	(7.0, 0.10810983533221141)	(8.0, 0.10906844470954136)	(9.0, 0.09969537524231514)	('>10', 1.5582727989263574)	('>50', 0.5889056941397014)	('>100', 1.0312506657009566)	('>500', 0.15082120869991264)	('>1k', 0.9899239503227318)	('>5k', 0.0)	('>10k+', 93.53471231067465)
022024-BEL-CBC-T3-854-PAST_S62_R2_16S	(1.0, 4.78030506580893)	(2.0, 2.10619506660146)	(3.0, 1.4700452901527261)	(4.0, 1.1899538206680056)	(5.0, 0.9607002093437277)	(6.0, 0.7735859633387522)	(7.0, 0.7103769153597987)	(8.0, 0.5953635100158313)	(9.0, 0.4558010248757565)	('>10', 9.688381326462169)	('>50', 5.875735264269878)	('>100', 22.744239181491153)	('>500', 1.6395692506345068)	('>1k', 43.98963139653336)	('>5k', 3.0201167144439443)	('>10k+', 0.0)
022024-BEL-CBC-T4-870-MCAV_S5_R2_16S	(1.0, 1.1041272843847951)	(2.0, 0.27889984971530035)	(3.0, 0.20841007965471484)	(4.0, 0.1636688331967302)	(5.0, 0.1612469423628222)	(6.0, 0.14378383477095924)	(7.0, 0.1499022958250426)	(8.0, 0.11523101651857016)	(9.0, 0.11586835621170384)	('>10', 1.7087077172914082)	('>50', 0.5049005049005049)	('>100', 2.0675299645256726)	('>500', 2.052488747767718)	('>1k', 0.40636778834203724)	('>5k', 0.0)	('>10k+', 90.81886678453202)
022024-BEL-CBC-T4-873-MCAV_S51_R2_16S	(1.0, 1.9189844666273954)	(2.0, 0.7744574110338069)	(3.0, 0.5444906147012466)	(4.0, 0.4125250531134851)	(5.0, 0.3148776134399672)	(6.0, 0.29081954859286857)	(7.0, 0.24765654989660338)	(8.0, 0.22784402590487512)	(9.0, 0.20856219452006813)	('>10', 2.165933426381437)	('>50', 0.6120654733158912)	('>100', 2.550154873792453)	('>500', 0.32849872368428035)	('>1k', 31.70976775122546)	('>5k', 53.85327057008769)	('>10k+', 3.840091703682476)
042024-BEL-CBC-T1-928-OANN_S21_R2_16S	(1.0, 3.0062101579282685)	(2.0, 1.3063648819995186)	(3.0, 0.8165092204824248)	(4.0, 0.5231444020681408)	(5.0, 0.43699264281430744)	(6.0, 0.35532925307297464)	(7.0, 0.3124403888424121)	(8.0, 0.282268571563935)	(9.0, 0.2569591545906669)	('>10', 5.464215850676933)	('>50', 2.354897870892051)	('>100', 0.4588111057222971)	('>500', 4.451963848677115)	('>1k', 79.33679353375565)	('>5k', 0.6370991169132983)	('>10k+', 0.0)
042024-BEL-CBC-T2-1027-PAST_S73_R2_16S	(1.0, 2.0030998988779425)	(2.0, 0.8289359221757581)	(3.0, 0.5529477742107842)	(4.0, 0.39883599238714296)	(5.0, 0.3179383464556498)	(6.0, 0.24534242401494313)	(7.0, 0.20895614658724093)	(8.0, 0.18511077060306722)	(9.0, 0.16691763188921616)	('>10', 2.6350906786658954)	('>50', 0.6286347639086987)	('>100', 2.3650197165932907)	('>500', 3.613634256090507)	('>1k', 28.665674581270785)	('>5k', 41.21487774828998)	('>10k+', 15.968983347979105)
042024-BEL-CBC-T2-1034-SSID_S44_R2_16S	(1.0, 9.27392632208252)	(2.0, 4.574166848181224)	(3.0, 3.0031004231220195)	(4.0, 2.1920779323097457)	(5.0, 1.6776579524231034)	(6.0, 1.5557728580896018)	(7.0, 1.4565963934988437)	(8.0, 1.2661219685137897)	(9.0, 1.1282481450757031)	('>10', 9.510976610111364)	('>50', 4.053490409079744)	('>100', 59.7021461972314)	('>500', 0.6057179402809382)	('>1k', 0.0)	('>5k', 0.0)	('>10k+', 0.0)
042024-BEL-CBC-T3-944-SSID_S70_R2_16S	(1.0, 4.371889684365739)	(2.0, 2.0005425902263347)	(3.0, 1.4093884676796398)	(4.0, 1.0893223627940496)	(5.0, 0.8656592160606706)	(6.0, 0.7138582099907014)	(7.0, 0.6146594625043231)	(8.0, 0.5550159567087554)	(9.0, 0.5237445352673292)	('>10', 9.953010029635367)	('>50', 6.812717320846855)	('>100', 21.938662452963435)	('>500', 4.164276439365542)	('>1k', 24.64156945258445)	('>5k', 20.34568381900681)	('>10k+', 0.0)
042024-BEL-CBC-T3-946-OFAV_S13_R2_16S	(1.0, 1.7402302861130494)	(2.0, 0.5199506529757751)	(3.0, 0.37711220217326286)	(4.0, 0.3127803808194597)	(5.0, 0.2881691755557771)	(6.0, 0.242996710198385)	(7.0, 0.1973569434752268)	(8.0, 0.18442827235569734)	(9.0, 0.16682658757850663)	('>10', 2.486354800119629)	('>50', 1.0906813876981358)	('>100', 2.066562406539727)	('>500', 2.4154807596451002)	('>1k', 8.96455363373542)	('>5k', 0.0)	('>10k+', 78.94651580101684)
042024-BEL-CBC-T3-955-OFAV_S30_R2_16S	(1.0, 2.644405467801041)	(2.0, 0.690793950802117)	(3.0, 0.3139388865634157)	(4.0, 0.17359729023874762)	(5.0, 0.14894442061904384)	(6.0, 0.12095314157167181)	(7.0, 0.11864193504482456)	(8.0, 0.09142105817306828)	(9.0, 0.07395860885911142)	('>10', 0.36029141746296295)	('>50', 0.01155603263423616)	('>100', 41.23218123967982)	('>500', 48.37136980074831)	('>1k', 5.647946749801622)	('>5k', 0.0)	('>10k+', 0.0)
042024-BEL-CBC-T4-1041-MCAV_S39_R2_16S	(1.0, 3.3243731462714603)	(2.0, 1.1684179759560327)	(3.0, 0.6741702243880001)	(4.0, 0.4873000129371685)	(5.0, 0.3869171685808884)	(6.0, 0.3054609225638593)	(7.0, 0.311090986626801)	(8.0, 0.30474219098135613)	(9.0, 0.3040234593988529)	('>10', 3.86066669541593)	('>50', 0.036415733513495384)	('>100', 39.184646935088956)	('>500', 45.76631161326491)	('>1k', 3.8854629350122902)	('>5k', 0.0)	('>10k+', 0.0)
042024-BEL-CBC-T4-1042-OFAV_S34_R2_16S	(1.0, 4.051311696667424)	(2.0, 1.6396813034244884)	(3.0, 1.0989662195175045)	(4.0, 0.7382073075750906)	(5.0, 0.5526879743804332)	(6.0, 0.43102405704417146)	(7.0, 0.36571738173444857)	(8.0, 0.2757392957521636)	(9.0, 0.22748491899553494)	('>10', 5.6105690388308656)	('>50', 2.7737196263490667)	('>100', 43.604783351151575)	('>500', 36.3987964221617)	('>1k', 2.2313114064155344)	('>5k', 0.0)	('>10k+', 0.0)
042024-BEL-CBC-T4-1044-PSTR_S6_R2_16S	(1.0, 1.5173534781737577)	(2.0, 0.44078596483306853)	(3.0, 0.3665691218426095)	(4.0, 0.3341168901167434)	(5.0, 0.3097071679925049)	(6.0, 0.27175216653920936)	(7.0, 0.23309168178752537)	(8.0, 0.20995182960038605)	(9.0, 0.17016257157128062)	('>10', 2.8840157238117543)	('>50', 1.144293909985975)	('>100', 3.163387109973558)	('>500', 0.07689767952433495)	('>1k', 0.2913646022344067)	('>5k', 1.0717702269116482)	('>10k+', 87.51477987510124)
042024-BEL-CBC-T4-1045-MCAV_S54_R2_16S	(1.0, 1.565410997359388)	(2.0, 0.6297866380429283)	(3.0, 0.47596221763136953)	(4.0, 0.3709172837553443)	(5.0, 0.28374206276857394)	(6.0, 0.1934275678958534)	(7.0, 0.1918579309528783)	(8.0, 0.13426432927602308)	(9.0, 0.14887402697602198)	('>10', 1.8636420165246546)	('>50', 0.6146939751297064)	('>100', 0.2435352087677505)	('>500', 0.31308219947187754)	('>1k', 5.4829833244186)	('>5k', 57.84160431384529)	('>10k+', 29.64621590718374)
052022-BEL-CBC-T1-1-PAST_S74_R2_16S	(1.0, 1.5804163411752237)	(2.0, 0.5944814970381914)	(3.0, 0.4178328747011694)	(4.0, 0.312157743294222)	(5.0, 0.2465229662836663)	(6.0, 0.21386259877602135)	(7.0, 0.17696266433228783)	(8.0, 0.15827716561397173)	(9.0, 0.11305511829569409)	('>10', 1.6301919974248555)	('>50', 0.2099370738351986)	('>100', 2.1482042686158205)	('>500', 0.3915318575976572)	('>1k', 16.186666561986)	('>5k', 27.483542236685597)	('>10k+', 48.13635703434442)
052022-BEL-CBC-T2-12-MCAV_S18_R2_16S	(1.0, 3.893934216598385)	(2.0, 1.786022524315622)	(3.0, 1.2552356528141304)	(4.0, 0.9736817075361696)	(5.0, 0.7873294559852891)	(6.0, 0.6774203775658661)	(7.0, 0.6133948166596799)	(8.0, 0.5967499321875077)	(9.0, 0.578607888794558)	('>10', 12.313515646191405)	('>50', 8.109757601163908)	('>100', 9.113118282600196)	('>500', 3.2273462241652022)	('>1k', 55.625442542563356)	('>5k', 0.44844313085873516)	('>10k+', 0.0)
052022-BEL-CBC-T2-3-SSID_S25_R2_16S	(1.0, 6.974907456416162)	(2.0, 2.9288737640806453)	(3.0, 2.263356391107188)	(4.0, 1.9300169739285105)	(5.0, 1.8243239879938078)	(6.0, 1.736218845872415)	(7.0, 1.6202386305374745)	(8.0, 1.603480401998377)	(9.0, 1.4574681137369356)	('>10', 36.60461697492405)	('>50', 20.6416576376871)	('>100', 20.081335481483816)	('>500', 0.0)	('>1k', 0.3335053402335201)	('>5k', 0.0)	('>10k+', 0.0)
052022-BEL-CBC-T2-5-PAST_S40_R2_16S	(1.0, 7.477488183255704)	(2.0, 2.970366192757362)	(3.0, 2.407541078331741)	(4.0, 2.275248103539406)	(5.0, 2.280186813868903)	(6.0, 2.217196874038167)	(7.0, 2.2603750498084594)	(8.0, 2.2805543149297907)	(9.0, 2.246483016113804)	('>10', 43.73070735560151)	('>50', 16.13329107649492)	('>100', 13.430506354697828)	('>500', 0.0)	('>1k', 0.29005558656239444)	('>5k', 0.0)	('>10k+', 0.0)
052022-BEL-CBC-T3-1-MCAV_S83_R2_16S	(1.0, 2.227865484617468)	(2.0, 0.9167111492667102)	(3.0, 0.47803615524612214)	(4.0, 0.2906548525104818)	(5.0, 0.20353759426483328)	(6.0, 0.16180050781441807)	(7.0, 0.16686914829416488)	(8.0, 0.15491032466226223)	(9.0, 0.15716745362589948)	('>10', 1.5194041813116057)	('>50', 0.013819965058059692)	('>100', 0.34807304544511375)	('>500', 9.216174348560902)	('>1k', 83.7198435690832)	('>5k', 0.4251322202387647)	('>10k+', 0.0)
052022-BEL-CBC-T3-15-PSTR_S94_R2_16S	(1.0, 6.063465059242115)	(2.0, 3.1747642405609864)	(3.0, 2.1150341980724723)	(4.0, 1.5086876921482608)	(5.0, 1.235470137137725)	(6.0, 0.98837610971018)	(7.0, 0.8138234481329234)	(8.0, 0.7331859477011295)	(9.0, 0.5634909668727763)	('>10', 3.1293179384434695)	('>50', 0.042423745207088324)	('>100', 34.451211613527235)	('>500', 40.55699246951536)	('>1k', 4.623756433728281)	('>5k', 0.0)	('>10k+', 0.0)
062019-BEL-CBC-T1-5-SSID_S91_R2_16S	(1.0, 5.10814877407037)	(2.0, 2.2572981117350643)	(3.0, 1.440020307668763)	(4.0, 1.0546045292169208)	(5.0, 0.8170162141438805)	(6.0, 0.6578614556286526)	(7.0, 0.5147202149106448)	(8.0, 0.5026283749413153)	(9.0, 0.4080995989648683)	('>10', 10.684611242088012)	('>50', 5.851960335426959)	('>100', 27.93517328914332)	('>500', 36.45665240266399)	('>1k', 6.311205149397233)	('>5k', 0.0)	('>10k+', 0.0)
062019-BEL-CBC-T2-17-SSID_S4_R2_16S	(1.0, 2.770527790122958)	(2.0, 0.8654195790069088)	(3.0, 0.6500747444547695)	(4.0, 0.535466580474863)	(5.0, 0.503683352861164)	(6.0, 0.42664942830592706)	(7.0, 0.4091417181797369)	(8.0, 0.36846996080966427)	(9.0, 0.31998707122944525)	('>10', 4.321172208530295)	('>50', 2.0908246131469435)	('>100', 8.683824222590333)	('>500', 5.023635408670357)	('>1k', 22.72770123766043)	('>5k', 25.2133920514996)	('>10k+', 25.0900300324566)
062019-BEL-CBC-T2-21-PAST_S29_R2_16S	(1.0, 3.5091465777148243)	(2.0, 1.4013158961771972)	(3.0, 0.9755688791094724)	(4.0, 0.7586856896741255)	(5.0, 0.6181215951501783)	(6.0, 0.5281966167303711)	(7.0, 0.4844054949748336)	(8.0, 0.412321343936912)	(9.0, 0.3503289740442993)	('>10', 9.319579677315298)	('>50', 5.947753407327714)	('>100', 8.857069743218233)	('>500', 13.932514817798298)	('>1k', 52.90499128682824)	('>5k', 0.0)	('>10k+', 0.0)
062019-BEL-CBC-T2-23-MCAV_S64_R2_16S	(1.0, 2.0222229757988854)	(2.0, 0.9571930776447715)	(3.0, 0.7501102105869986)	(4.0, 0.5828161913481863)	(5.0, 0.43914680050188204)	(6.0, 0.38997592322560953)	(7.0, 0.31887596504911436)	(8.0, 0.28846914668746537)	(9.0, 0.25229746685204657)	('>10', 4.563057411238089)	('>50', 1.5039506256570248)	('>100', 2.2939627205624693)	('>500', 0.09517673256694587)	('>1k', 6.008681203160501)	('>5k', 54.393163552511105)	('>10k+', 25.140899996608905)
062019-BEL-CBC-T3-5-SSID_S37_R2_16S	(1.0, 10.051588581300647)	(2.0, 5.0449187422454544)	(3.0, 3.633631523169577)	(4.0, 2.719800613488246)	(5.0, 2.231989917712152)	(6.0, 1.838559744441607)	(7.0, 1.6146844549370036)	(8.0, 1.377959773292391)	(9.0, 1.1892459690702677)	('>10', 13.448519336474929)	('>50', 2.6145249484131416)	('>100', 37.599965637398626)	('>500', 16.189434370519226)	('>1k', 0.4451763875367389)	('>5k', 0.0)	('>10k+', 0.0)
062024-BEL-CBC-T1-1350-PSTR_S41_R2_16S	(1.0, 3.9614477027345094)	(2.0, 1.7904971121987725)	(3.0, 1.1315835531120055)	(4.0, 0.7010386428239497)	(5.0, 0.4942756959993241)	(6.0, 0.33386241151016616)	(7.0, 0.28896117612268174)	(8.0, 0.23850763743459447)	(9.0, 0.18576075607886683)	('>10', 3.4331339734575765)	('>50', 0.3013935074262057)	('>100', 39.24367972866135)	('>500', 43.31050049186165)	('>1k', 4.585357610578345)	('>5k', 0.0)	('>10k+', 0.0)
062024-BEL-CBC-T3-1424-PAST_S67_R2_16S	(1.0, 4.477937473314924)	(2.0, 2.0420113970884683)	(3.0, 1.5033529012873608)	(4.0, 1.0971449116930532)	(5.0, 0.8777159293544426)	(6.0, 0.7320468097537505)	(7.0, 0.661591600364305)	(8.0, 0.5562392516149841)	(9.0, 0.5389228680689853)	('>10', 10.45526226389904)	('>50', 5.654658437639209)	('>100', 21.69200895164499)	('>500', 4.370073588020764)	('>1k', 35.23778302703603)	('>5k', 10.103250589219693)	('>10k+', 0.0)
062024-BEL-CBC-T3-1427-MCAV_S84_R2_16S	(1.0, 2.6639816986427776)	(2.0, 1.0668010523829663)	(3.0, 0.6321300868380725)	(4.0, 0.4281484980473792)	(5.0, 0.3093022744874027)	(6.0, 0.254170259745253)	(7.0, 0.2124264677611596)	(8.0, 0.20157857444950378)	(9.0, 0.15942283714977784)	('>10', 1.4744895997539313)	('>50', 0.0038448229459033412)	('>100', 5.24310266226526)	('>500', 44.95312062308102)	('>1k', 42.39748054244959)	('>5k', 0.0)	('>10k+', 0.0)
062024-BEL-CBC-T3-1436-MCAV_S47_R2_16S	(1.0, 2.6175890164497653)	(2.0, 1.1412429190988895)	(3.0, 0.784231063516907)	(4.0, 0.603484475544439)	(5.0, 0.4232358120567435)	(6.0, 0.3485471393408475)	(7.0, 0.25908670691003005)	(8.0, 0.23103696093450468)	(9.0, 0.19419054906132935)	('>10', 2.656427126262031)	('>50', 1.5194995526978379)	('>100', 7.544551793275033)	('>500', 3.0836463341969558)	('>1k', 35.32425672322535)	('>5k', 41.51113442135366)	('>10k+', 1.7578394060756743)
062024-BEL-CBC-T4-1473-PSTR_S90_R2_16S	(1.0, 3.7328390243902434)	(2.0, 1.7517268292682926)	(3.0, 1.0595121951219513)	(4.0, 0.7255414634146341)	(5.0, 0.574439024390244)	(6.0, 0.4903024390243902)	(7.0, 0.46930731707317075)	(8.0, 0.4545560975609756)	(9.0, 0.3758048780487805)	('>10', 3.1109463414634146)	('>50', 0.0)	('>100', 11.35960975609756)	('>500', 48.911843902439024)	('>1k', 26.983570731707317)	('>5k', 0.0)	('>10k+', 0.0)
082024-BEL-CBC-T1-1481-PSTR_S15_R2_16S	(1.0, 4.14560475682625)	(2.0, 1.9653318529123873)	(3.0, 1.2759499773554033)	(4.0, 0.8816783298514221)	(5.0, 0.642814358135254)	(6.0, 0.5522359713071046)	(7.0, 0.4077853584420517)	(8.0, 0.4076027407266724)	(9.0, 0.38294934915046236)	('>10', 9.52168767987845)	('>50', 2.9876258236058963)	('>100', 2.012264605764876)	('>500', 23.768243509766396)	('>1k', 51.04822568627737)	('>5k', 0.0)	('>10k+', 0.0)
082024-BEL-CBC-T2-1508-SSID_S14_R2_16S	(1.0, 3.8136383861290923)	(2.0, 1.5397041419346253)	(3.0, 1.1121100340431196)	(4.0, 0.8810239293510668)	(5.0, 0.7274449653631809)	(6.0, 0.6349322334452446)	(7.0, 0.5224555410429016)	(8.0, 0.5198458730057244)	(9.0, 0.5249347256782201)	('>10', 8.217844649071415)	('>50', 5.4450723595705)	('>100', 12.745096759966648)	('>500', 10.5266179615622)	('>1k', 16.9598411234099)	('>5k', 15.294350982083325)	('>10k+', 20.53508633434284)
082024-BEL-CBC-T2-1511-SSID_S80_R2_16S	(1.0, 4.983880214272945)	(2.0, 2.3476942233838605)	(3.0, 1.617680600161506)	(4.0, 1.2100626914802464)	(5.0, 0.9439167072486638)	(6.0, 0.7878044420334971)	(7.0, 0.6882501248281686)	(8.0, 0.6287641086652325)	(9.0, 0.6088840669941993)	('>10', 9.084254390561142)	('>50', 5.944440677339218)	('>100', 17.77383601585472)	('>500', 14.634638738033448)	('>1k', 38.74589299914316)	('>5k', 0.0)	('>10k+', 0.0)
082024-BEL-CBC-T2-1512-PAST_S63_R2_16S	(1.0, 2.4428560678155278)	(2.0, 1.013050719797443)	(3.0, 0.7052463267588038)	(4.0, 0.5322312222338395)	(5.0, 0.4385313561573865)	(6.0, 0.3799939131714574)	(7.0, 0.32678411004772895)	(8.0, 0.3015444162005537)	(9.0, 0.27810280080687105)	('>10', 4.605544874377582)	('>50', 1.786823814283802)	('>100', 7.760440009776219)	('>500', 5.43465882793255)	('>1k', 7.054261346041531)	('>5k', 22.931227494883803)	('>10k+', 44.0087026997149)
082024-BEL-CBC-T3-1553-MCAV_S42_R2_16S	(1.0, 2.247738509406293)	(2.0, 0.8649267635395219)	(3.0, 0.5139180349329387)	(4.0, 0.3628434549996099)	(5.0, 0.24562015949773155)	(6.0, 0.19001678018747795)	(7.0, 0.15550433785697568)	(8.0, 0.1184794955100767)	(9.0, 0.08985135848113518)	('>10', 0.3949096131036206)	('>50', 0.2909755913726828)	('>100', 3.803046351135671)	('>500', 41.406732438654466)	('>1k', 49.3154371113218)	('>5k', 0.0)	('>10k+', 0.0)
082024-BEL-CBC-T3-1556-OFAV_S77_R2_16S	(1.0, 1.516071735518249)	(2.0, 0.6369487576156917)	(3.0, 0.4466280868618576)	(4.0, 0.34760022154739395)	(5.0, 0.3046276666857656)	(6.0, 0.24637598120666931)	(7.0, 0.2092285948929506)	(8.0, 0.18869726312572815)	(9.0, 0.19423594797456026)	('>10', 3.0643251398995397)	('>50', 0.41129509730896313)	('>100', 0.06522278882331596)	('>500', 0.11955919708168605)	('>1k', 1.8179300597795984)	('>5k', 37.489447850417314)	('>10k+', 52.94180561126072)
082024-BEL-CBC-T3-1557-PAST_S27_R2_16S	(1.0, 4.966496791241978)	(2.0, 2.329180822952057)	(3.0, 1.5934314835787091)	(4.0, 1.1981879954699886)	(5.0, 0.9909399773499434)	(6.0, 0.8114382785956964)	(7.0, 0.7042280105700264)	(8.0, 0.6123065307663269)	(9.0, 0.5283125707814269)	('>10', 8.576727066817668)	('>50', 7.957814269535674)	('>100', 5.833805209513024)	('>500', 3.017836919592299)	('>1k', 60.39807474518686)	('>5k', 0.4812193280483201)	('>10k+', 0.0)
092023-BEL-CBC-T1-173-SSID_S75_R2_16S	(1.0, 4.916512575233033)	(2.0, 1.9974077022648609)	(3.0, 1.4549886236194258)	(4.0, 1.185644370055445)	(5.0, 1.015322537941841)	(6.0, 0.9138954363304511)	(7.0, 0.805311363340476)	(8.0, 0.739744812192046)	(9.0, 0.7052592650851786)	('>10', 15.510476272537229)	('>50', 6.515489802146685)	('>100', 24.861976387068722)	('>500', 16.820467839130774)	('>1k', 22.55750301305384)	('>5k', 0.0)	('>10k+', 0.0)
092023-BEL-CBC-T1-174-MCAV_S95_R2_16S	(1.0, 3.176305689760456)	(2.0, 1.4288471456278733)	(3.0, 0.9717331257771492)	(4.0, 0.690693826152712)	(5.0, 0.5283823589899355)	(6.0, 0.41906732603722724)	(7.0, 0.33110906507962123)	(8.0, 0.2752650612702059)	(9.0, 0.251298017142369)	('>10', 3.1341458398590136)	('>50', 3.96152300678038)	('>100', 13.908320914765914)	('>500', 50.5917407825754)	('>1k', 20.331567840181737)	('>5k', 0.0)	('>10k+', 0.0)
092023-BEL-CBC-T2-175-PAST_S56_R2_16S	(1.0, 3.630943353950031)	(2.0, 1.4812871705119746)	(3.0, 0.9320550707648673)	(4.0, 0.6874964989869263)	(5.0, 0.5478658507427613)	(6.0, 0.4770941523176365)	(7.0, 0.4361066821872554)	(8.0, 0.42189769254205656)	(9.0, 0.3442947490952016)	('>10', 6.472604658089355)	('>50', 3.210138660611451)	('>100', 5.833883248557583)	('>500', 20.434439858401955)	('>1k', 55.08989235324094)	('>5k', 0.0)	('>10k+', 0.0)
092023-BEL-CBC-T2-179-SSID_S33_R2_16S	(1.0, 21.922081179911256)	(2.0, 11.859823826165607)	(3.0, 8.564522010236955)	(4.0, 6.418074252982188)	(5.0, 4.709665571335098)	(6.0, 3.57238713566138)	(7.0, 2.881215334160938)	(8.0, 2.5389247641521457)	(9.0, 2.1591628415907227)	('>10', 34.668331858653275)	('>50', 0.40872936648296154)	('>100', 0.06024543738558864)	('>500', 0.2368364212818783)	('>1k', 0.0)	('>5k', 0.0)	('>10k+', 0.0)
092023-BEL-CBC-T2-183-MCAV_S11_R2_16S	(1.0, 4.597001663253668)	(2.0, 1.6274125111770275)	(3.0, 1.0561940798623102)	(4.0, 0.7944789685213843)	(5.0, 0.6169532403578889)	(6.0, 0.5096164436239142)	(7.0, 0.46910846989996213)	(8.0, 0.4659350341704359)	(9.0, 0.4384941487445328)	('>10', 7.9983647472358435)	('>50', 6.322604009356035)	('>100', 30.5237849007928)	('>500', 15.969475281735757)	('>1k', 28.610576501268444)	('>5k', 0.0)	('>10k+', 0.0)
092023-BEL-CBC-T3-174-OFAV_S3_R2_16S	(1.0, 1.5861767703732468)	(2.0, 0.574673591224579)	(3.0, 0.41389603455807406)	(4.0, 0.31937096539338933)	(5.0, 0.24510993544629425)	(6.0, 0.2060379556375285)	(7.0, 0.20385380769790806)	(8.0, 0.15046352472940835)	(9.0, 0.15835072562248215)	('>10', 2.4986652429257874)	('>50', 1.20298014852206)	('>100', 8.654928893850409)	('>500', 5.680119400087366)	('>1k', 12.327088288113382)	('>5k', 0.0)	('>10k+', 65.77828471581807)
092023-BEL-CBC-T3-175-MCAV_S78_R2_16S	(1.0, 4.797539198768747)	(2.0, 2.2525369551848105)	(3.0, 1.6400012363692948)	(4.0, 1.3015984336480035)	(5.0, 1.1425757622589745)	(6.0, 0.9387879957068141)	(7.0, 0.8602359120515096)	(8.0, 0.7955396911847936)	(9.0, 0.7539721028190286)	('>10', 15.03137287086016)	('>50', 7.661865787849688)	('>100', 19.8183602971976)	('>500', 6.590594427171986)	('>1k', 29.579389297518414)	('>5k', 6.835630031410175)	('>10k+', 0.0)
092023-BEL-CBC-T3-177-SSID_S89_R2_16S	(1.0, 9.44388075134169)	(2.0, 4.677616793670259)	(3.0, 3.3517437729315427)	(4.0, 2.6929440773866165)	(5.0, 2.274796491577004)	(6.0, 1.9475231636966275)	(7.0, 1.6426034276975323)	(8.0, 1.4660559847301171)	(9.0, 1.2620721385239773)	('>10', 12.90276134423671)	('>50', 0.6194681494914099)	('>100', 48.98344229342834)	('>500', 8.559935194226346)	('>1k', 0.17515641706183316)	('>5k', 0.0)	('>10k+', 0.0)
092023-BEL-CBC-T3-182-MCAV_S87_R2_16S	(1.0, 8.225924858227605)	(2.0, 3.8968954955784936)	(3.0, 2.7539546188836797)	(4.0, 2.115411984695662)	(5.0, 1.724422530766386)	(6.0, 1.471181800193058)	(7.0, 1.1916519572711393)	(8.0, 1.0316296261445166)	(9.0, 0.911665482460393)	('>10', 11.922228020957995)	('>50', 10.603747904023647)	('>100', 26.07494571864145)	('>500', 25.856039065370872)	('>1k', 2.2203009367850965)	('>5k', 0.0)	('>10k+', 0.0)
092023-BEL-CBC-T4-95-OFAV_S58_R2_16S	(1.0, 2.142427979635076)	(2.0, 0.746489896594251)	(3.0, 0.493311829997154)	(4.0, 0.390933813996142)	(5.0, 0.2934968219334029)	(6.0, 0.2448771463807988)	(7.0, 0.21789915567782944)	(8.0, 0.19526926604054012)	(9.0, 0.17254055592448536)	('>10', 3.6943047781677896)	('>50', 2.172370584701009)	('>100', 9.03792334693103)	('>500', 8.020961799955728)	('>1k', 7.975405559244854)	('>5k', 47.23292777408848)	('>10k+', 16.96885969073143)
092023-BEL-CBC-T4-96-MCAV_S36_R2_16S	(1.0, 9.477128404883029)	(2.0, 5.756140720798704)	(3.0, 4.673441137462282)	(4.0, 4.0455333387275205)	(5.0, 3.409238736214614)	(6.0, 3.070899795080594)	(7.0, 2.903166398117719)	(8.0, 2.5887620170526024)	(9.0, 2.5073845128183305)	('>10', 28.752682749014046)	('>50', 9.110067991666325)	('>100', 23.431551354495422)	('>500', 0.0)	('>1k', 0.2740028436688072)	('>5k', 0.0)	('>10k+', 0.0)
112023-BEL-CBC-T1-274-PAST_S2_R2_16S	(1.0, 3.7410352101249393)	(2.0, 1.3068310887554762)	(3.0, 0.9039428849586241)	(4.0, 0.7223754664935909)	(5.0, 0.6441668018822002)	(6.0, 0.5500567905240954)	(7.0, 0.520201200713938)	(8.0, 0.45692033100762613)	(9.0, 0.4585429174103521)	('>10', 7.776083076423819)	('>50', 5.0918383903942885)	('>100', 13.205094921304559)	('>500', 13.484179782573422)	('>1k', 16.238682459840987)	('>5k', 18.991562550705826)	('>10k+', 15.908486126886256)
112023-BEL-CBC-T1-275-SSID_S85_R2_16S	(1.0, 10.726436372161242)	(2.0, 5.212488609756876)	(3.0, 3.550335893160661)	(4.0, 2.5228718691857184)	(5.0, 1.9613753605626874)	(6.0, 1.595073902085795)	(7.0, 1.3418267627165041)	(8.0, 1.1595686538758423)	(9.0, 1.0405537109723741)	('>10', 22.544517895219652)	('>50', 4.57557229762083)	('>100', 40.352961967938505)	('>500', 3.202343540621253)	('>1k', 0.214073164122047)	('>5k', 0.0)	('>10k+', 0.0)
112023-BEL-CBC-T2-305-PAST_S68_R2_16S	(1.0, 3.5014469899920257)	(2.0, 1.443585309691697)	(3.0, 0.9192642302282034)	(4.0, 0.6780693659227137)	(5.0, 0.5268297927623621)	(6.0, 0.3827579718844917)	(7.0, 0.32111530225515406)	(8.0, 0.2967449444947182)	(9.0, 0.27900475759557747)	('>10', 7.04428774941538)	('>50', 6.271783247170978)	('>100', 10.61759145603928)	('>500', 0.8298465205042513)	('>1k', 47.2277822078469)	('>5k', 19.659890154196273)	('>10k+', 0.0)
112023-BEL-CBC-T2-306-MCAV_S53_R2_16S	(1.0, 1.9460006692004772)	(2.0, 0.8215722779412648)	(3.0, 0.5580102439149944)	(4.0, 0.40632480245716684)	(5.0, 0.3388899851574766)	(6.0, 0.29238913149789375)	(7.0, 0.2582427481832923)	(8.0, 0.2374803744090874)	(9.0, 0.2192918486234203)	('>10', 3.123793508755373)	('>50', 0.5250649896617106)	('>100', 3.6485153186852783)	('>500', 0.49743902125140493)	('>1k', 31.74721380955241)	('>5k', 51.675832425336964)	('>10k+', 3.7039388453717925)
112023-BEL-CBC-T2-313-SSID_S32_R2_16S	(1.0, 8.03509537584525)	(2.0, 4.548606433879537)	(3.0, 3.220882082874785)	(4.0, 2.450079097736263)	(5.0, 2.0592859384819495)	(6.0, 1.7527488929959423)	(7.0, 1.4812723685352331)	(8.0, 1.2782539365112722)	(9.0, 1.0888162596670712)	('>10', 6.284563749001106)	('>50', 0.2818699595472602)	('>100', 54.04558529179566)	('>500', 13.125106985565441)	('>1k', 0.3478336275632365)	('>5k', 0.0)	('>10k+', 0.0)
112023-BEL-CBC-T2-314-SSID_S93_R2_16S	(1.0, 6.155989263272917)	(2.0, 2.4874716456258152)	(3.0, 1.6239079924778834)	(4.0, 1.215289419398941)	(5.0, 0.9650469865857411)	(6.0, 0.8050937456897087)	(7.0, 0.6619966858934591)	(8.0, 0.6236025041485584)	(9.0, 0.5319899996337908)	('>10', 22.143193654578322)	('>50', 7.596087536536383)	('>100', 25.4406064666525)	('>500', 27.37279394261774)	('>1k', 2.376930156888231)	('>5k', 0.0)	('>10k+', 0.0)
112023-BEL-CBC-T3-353-MCAV_S35_R2_16S	(1.0, 2.6213289698219855)	(2.0, 1.191214876611717)	(3.0, 0.7409539820561375)	(4.0, 0.5050493191745126)	(5.0, 0.37484220834833476)	(6.0, 0.29109367891555366)	(7.0, 0.24032676120831672)	(8.0, 0.2095214105522624)	(9.0, 0.1492614919729405)	('>10', 0.8856256900546292)	('>50', 0.0)	('>100', 0.3822715133786621)	('>500', 7.69225740230985)	('>1k', 84.29642191789645)	('>5k', 0.4198307776986504)	('>10k+', 0.0)
112023-BEL-CBC-T3-354-PSTR_S26_R2_16S	(1.0, 2.157920909875972)	(2.0, 0.9415045357445546)	(3.0, 0.6306329188378441)	(4.0, 0.45397549387881686)	(5.0, 0.37430252734413644)	(6.0, 0.2819300107745656)	(7.0, 0.2315996887941844)	(8.0, 0.21228300479374596)	(9.0, 0.1924984426341273)	('>10', 3.3431899665533957)	('>50', 0.38372693026476556)	('>100', 0.0)	('>500', 0.0645003462298378)	('>1k', 65.15437305663465)	('>5k', 24.892655382336663)	('>10k+', 0.6849067853027438)
112023-BEL-CBC-T3-357-OFAV_S10_R2_16S	(1.0, 1.876188998627803)	(2.0, 0.5826187417061933)	(3.0, 0.41346650620049136)	(4.0, 0.34222072935792947)	(5.0, 0.31781942735265456)	(6.0, 0.25395429124008323)	(7.0, 0.23301737161827324)	(8.0, 0.21810546483727192)	(9.0, 0.20469981126647277)	('>10', 3.2497413010111478)	('>50', 1.1479155714950617)	('>100', 1.4734168902197473)	('>500', 2.095951341996298)	('>1k', 1.7886756871150582)	('>5k', 0.0)	('>10k+', 85.80220786595551)
112023-BEL-CBC-T3-359-PAST_S38_R2_16S	(1.0, 13.207731786459895)	(2.0, 6.346945420261083)	(3.0, 4.335143797198981)	(4.0, 3.154119278954024)	(5.0, 2.3502344970046156)	(6.0, 1.9206730203560995)	(7.0, 1.5845087035885594)	(8.0, 1.4342096373200224)	(9.0, 1.2699897831636922)	('>10', 31.45773194102392)	('>50', 15.614503828630802)	('>100', 17.10230540323633)	('>500', 0.0)	('>1k', 0.22190290280198138)	('>5k', 0.0)	('>10k+', 0.0)
112023-BEL-CBC-T4-397-PSTR_S20_R2_16S	(1.0, 1.7858061555583282)	(2.0, 0.7474614989323246)	(3.0, 0.5252927606816328)	(4.0, 0.3926538253884997)	(5.0, 0.3199182523120155)	(6.0, 0.2749759469964643)	(7.0, 0.24505383319426843)	(8.0, 0.22234614208746362)	(9.0, 0.19691825881682284)	('>10', 3.6314565387210487)	('>50', 0.9198980282746235)	('>100', 0.15120720354192674)	('>500', 0.0)	('>1k', 59.555650696576166)	('>5k', 29.720523909010755)	('>10k+', 1.3108369499076613)
112023-BEL-CBC-T4-398-PSTR_S59_R2_16S	(1.0, 1.5450582660221672)	(2.0, 0.6490839129304988)	(3.0, 0.4774107722613692)	(4.0, 0.36269830499397837)	(5.0, 0.3200995107832762)	(6.0, 0.24025719934836015)	(7.0, 0.19425050160080182)	(8.0, 0.16114515295705614)	(9.0, 0.13856779202538402)	('>10', 2.11612553012678)	('>50', 1.7106458646611966)	('>100', 1.8490919458459785)	('>500', 0.9059546420210328)	('>1k', 2.795880574888985)	('>5k', 8.81034347407772)	('>10k+', 77.7233865554554)
122022-BEL-CBC-T1-150-PAST_S31_R2_16S	(1.0, 9.778910251648593)	(2.0, 5.3019649947408665)	(3.0, 4.4127909610298905)	(4.0, 3.671024760718432)	(5.0, 3.4000587553391326)	(6.0, 3.0458478426810593)	(7.0, 2.9081555266350434)	(8.0, 2.5969444479975055)	(9.0, 2.463312692413093)	('>10', 39.3725294490329)	('>50', 18.71912132388708)	('>100', 4.091976809399397)	('>500', 0.0)	('>1k', 0.23736218447701268)	('>5k', 0.0)	('>10k+', 0.0)
122022-BEL-CBC-T1-156-SSID_S22_R2_16S	(1.0, 8.370845647129281)	(2.0, 3.8933259917023095)	(3.0, 2.7985122255753834)	(4.0, 2.2819722132567564)	(5.0, 1.9915257138627673)	(6.0, 1.757879058131899)	(7.0, 1.5918296033294932)	(8.0, 1.4651514540737047)	(9.0, 1.3631384145506922)	('>10', 23.723600389447235)	('>50', 9.885400012716131)	('>100', 38.40419457821873)	('>500', 2.191436461450787)	('>1k', 0.2811882365548039)	('>5k', 0.0)	('>10k+', 0.0)
122022-BEL-CBC-T1-158-PAST_S60_R2_16S	(1.0, 4.618913723614585)	(2.0, 1.9664350406234103)	(3.0, 1.2461196798869185)	(4.0, 0.9108661148666144)	(5.0, 0.7128517420695244)	(6.0, 0.5309831565928124)	(7.0, 0.5160559192588778)	(8.0, 0.44477074505192543)	(9.0, 0.370134558382253)	('>10', 7.250524738087913)	('>50', 3.5893913038180214)	('>100', 19.66648286871038)	('>500', 16.989176229745414)	('>1k', 39.503105779277945)	('>5k', 1.684188400013404)	('>10k+', 0.0)
122022-BEL-CBC-T2-87-OFAV_S88_R2_16S	(1.0, 6.77266940848331)	(2.0, 3.338153356286914)	(3.0, 2.257246313900328)	(4.0, 1.6507349305572703)	(5.0, 1.3024039835923147)	(6.0, 1.1431270168706618)	(7.0, 0.9745111357713921)	(8.0, 0.8695842495936073)	(9.0, 0.803675138395765)	('>10', 17.90321876410042)	('>50', 3.7045680415062434)	('>100', 36.4733397142471)	('>500', 21.40930517268893)	('>1k', 1.3974627740057366)	('>5k', 0.0)	('>10k+', 0.0)
122022-BEL-CBC-T2-92-MCAV_S28_R2_16S	(1.0, 2.559359340607877)	(2.0, 1.1046066907070045)	(3.0, 0.7127804055636211)	(4.0, 0.49454409216503536)	(5.0, 0.4558297819197927)	(6.0, 0.335315880672505)	(7.0, 0.31689536208807506)	(8.0, 0.23103701275386754)	(9.0, 0.23743736243150843)	('>10', 1.0919620974414213)	('>50', 0.0)	('>100', 0.13955884419051187)	('>500', 9.060085233924974)	('>1k', 83.2605878955338)	('>5k', 0.0)	('>10k+', 0.0)
122022-BEL-CBC-T3-116-PAST_S50_R2_16S	(1.0, 2.699462880844599)	(2.0, 1.1247762003519162)	(3.0, 0.7326453195442961)	(4.0, 0.4973667910597241)	(5.0, 0.39521245943872124)	(6.0, 0.32818812421227145)	(7.0, 0.32787996634916133)	(8.0, 0.23173471305880577)	(9.0, 0.24267431719921484)	('>10', 3.5701629230622265)	('>50', 2.7928347133669638)	('>100', 6.761137595567456)	('>500', 6.899654555035453)	('>1k', 31.98616987510362)	('>5k', 39.78287196965261)	('>10k+', 1.6272275961529574)
122022-BEL-CBC-T3-151-PSTR_S43_R2_16S	(1.0, 5.6078543669462055)	(2.0, 2.7644098997750053)	(3.0, 1.9950092043362648)	(4.0, 1.5283289016158723)	(5.0, 1.2084270812026998)	(6.0, 1.0230312947433013)	(7.0, 0.7766005318060953)	(8.0, 0.645367150746574)	(9.0, 0.5345878502761301)	('>10', 14.792554714665576)	('>50', 15.74767846185314)	('>100', 52.25215790550215)	('>500', 0.8922888116179177)	('>1k', 0.23170382491307018)	('>5k', 0.0)	('>10k+', 0.0)
122022-BEL-CBC-T4-1-OFAV_S92_R2_16S	(1.0, 3.5414498299915538)	(2.0, 1.590652274444208)	(3.0, 1.0192863084917596)	(4.0, 0.6874226872417866)	(5.0, 0.47263494619477914)	(6.0, 0.3676615780911408)	(7.0, 0.27644685532147456)	(8.0, 0.19873598815737342)	(9.0, 0.13070713067273404)	('>10', 3.500173893989638)	('>50', 6.8272181675267944)	('>100', 49.80081812981791)	('>500', 29.928748052451017)	('>1k', 1.6580441576078302)	('>5k', 0.0)	('>10k+', 0.0)
122022-BEL-CBC-T4-11-MCAV_S9_R2_16S	(1.0, 2.0116105235809476)	(2.0, 0.5464527422727834)	(3.0, 0.4606302733967383)	(4.0, 0.373955968601328)	(5.0, 0.3439287524437043)	(6.0, 0.2862168689067112)	(7.0, 0.24149548314003755)	(8.0, 0.2214773390349551)	(9.0, 0.20507949758717475)	('>10', 3.936972660326168)	('>50', 1.6253029341488243)	('>100', 4.453398186441328)	('>500', 0.14140476261462517)	('>1k', 0.0)	('>5k', 24.286267979061872)	('>10k+', 60.865806028442805)
122023-BEL-CBC-T1-506-PAST_S52_R2_16S	(1.0, 3.6056482521001896)	(2.0, 1.52497644948576)	(3.0, 1.0258991134683133)	(4.0, 0.7323242099286387)	(5.0, 0.5734388912546939)	(6.0, 0.516820874143471)	(7.0, 0.43020014711006155)	(8.0, 0.3884221800678771)	(9.0, 0.3339011265533661)	('>10', 4.285064457434865)	('>50', 3.8274424786754935)	('>100', 11.325539080949246)	('>500', 1.047352664111597)	('>1k', 38.42701921463874)	('>5k', 31.955950860077685)	('>10k+', 0.0)
122023-BEL-CBC-T1-510-PSTR_S65_R2_16S	(1.0, 2.35995125104106)	(2.0, 1.0621227663426385)	(3.0, 0.7124229454532592)	(4.0, 0.5267202819464855)	(5.0, 0.4043655400169142)	(6.0, 0.3414999630202488)	(7.0, 0.29374784954707844)	(8.0, 0.2225216331544371)	(9.0, 0.193902521375904)	('>10', 3.6653364675012297)	('>50', 1.2561860692453881)	('>100', 0.23699197057054935)	('>500', 0.20258472382557133)	('>1k', 25.23192735247491)	('>5k', 57.65754177907974)	('>10k+', 5.632176885404575)
122023-BEL-CBC-T2-512-OFAV_S45_R2_16S	(1.0, 2.3020077070825433)	(2.0, 0.9932834829248257)	(3.0, 0.6518705983257027)	(4.0, 0.4264263538734734)	(5.0, 0.28388156702625)	(6.0, 0.2011331102547686)	(7.0, 0.16594991604353657)	(8.0, 0.12200867348787765)	(9.0, 0.1413367801790266)	('>10', 4.646597649219024)	('>50', 3.3054082458535174)	('>100', 8.388096302291588)	('>500', 0.12744470349476328)	('>1k', 26.014272598784743)	('>5k', 47.19364950894529)	('>10k+', 5.036632802213068)
122023-BEL-CBC-T3-523-MCAV_S49_R2_16S	(1.0, 1.897539844286485)	(2.0, 0.8593883761646757)	(3.0, 0.599804483621361)	(4.0, 0.44773618912435537)	(5.0, 0.35439644903963163)	(6.0, 0.2628977294693995)	(7.0, 0.23196858482594074)	(8.0, 0.18115641862597276)	(9.0, 0.18060411247162528)	('>10', 1.859614821687958)	('>50', 0.0)	('>100', 0.21411068583537227)	('>500', 0.10272894470863089)	('>1k', 34.734534046912884)	('>5k', 52.197534137122894)	('>10k+', 5.875985176102818)
122023-BEL-CBC-T3-528-PAST_S82_R2_16S	(1.0, 2.518747628648162)	(2.0, 0.9490987003132044)	(3.0, 0.7153113073495169)	(4.0, 0.5531294404725593)	(5.0, 0.459391297231749)	(6.0, 0.42293757486032274)	(7.0, 0.3515180371530387)	(8.0, 0.3451944322518729)	(9.0, 0.27870358659990924)	('>10', 5.094779678165708)	('>50', 0.9030665764003066)	('>100', 8.124716367721344)	('>500', 8.798645260644115)	('>1k', 9.350007811511936)	('>5k', 43.18566475966581)	('>10k+', 17.94908754101044)
122023-BEL-CBC-T3-529-MCAV_S71_R2_16S	(1.0, 1.9246635996457806)	(2.0, 0.8607097345515022)	(3.0, 0.6064925808332794)	(4.0, 0.42895094926456295)	(5.0, 0.3353204172876304)	(6.0, 0.2825115013283224)	(7.0, 0.22225102054040047)	(8.0, 0.23931402406099483)	(9.0, 0.1992483638955485)	('>10', 3.2740447957839267)	('>50', 2.1828765200112312)	('>100', 1.4229249011857708)	('>500', 0.25475712218406443)	('>1k', 4.810147087410095)	('>5k', 50.61318818980971)	('>10k+', 32.342599192207174)
122023-BEL-CBC-T3-533-OFAV_S61_R2_16S	(1.0, 2.389449860724234)	(2.0, 0.9152868049107603)	(3.0, 0.655273135252244)	(4.0, 0.43717115444134946)	(5.0, 0.3780111936448984)	(6.0, 0.3095017022593624)	(7.0, 0.2820979057051481)	(8.0, 0.2269679149901991)	(9.0, 0.2408310120705664)	('>10', 4.547257041163726)	('>50', 0.6114270607655009)	('>100', 11.87051867326937)	('>500', 3.1712640565356445)	('>1k', 34.42400443619106)	('>5k', 37.847544619828746)	('>10k+', 1.6933934282471887)
122023-BEL-CBC-T4-535-MCAV_S72_R2_16S	(1.0, 2.376113112330186)	(2.0, 1.188282087991693)	(3.0, 0.8203043597106336)	(4.0, 0.6369018783192647)	(5.0, 0.5051912915846859)	(6.0, 0.4070398406482326)	(7.0, 0.3599487952540887)	(8.0, 0.319713917388594)	(9.0, 0.3109632825165022)	('>10', 4.317310650244341)	('>50', 1.7535550581827006)	('>100', 3.1545587650238023)	('>500', 0.10663144761662476)	('>1k', 2.0313200558236377)	('>5k', 37.319382836667145)	('>10k+', 44.392782620697865)
122023-BEL-CBC-T4-537-PSTR_S46_R2_16S	(1.0, 2.1424727844695557)	(2.0, 1.0108034272941762)	(3.0, 0.7367854629744609)	(4.0, 0.5243042620417512)	(5.0, 0.40012693682133643)	(6.0, 0.2897470921809678)	(7.0, 0.2385584392289968)	(8.0, 0.1732963560853788)	(9.0, 0.13162796473363964)	('>10', 2.424079363108296)	('>50', 0.6135739613946494)	('>100', 1.460463319397878)	('>500', 1.9433751396994907)	('>1k', 15.590187231811473)	('>5k', 56.47667535907943)	('>10k+', 15.84392289967852)
122023-BEL-CBC-T4-540-MCAV_S8_R2_16S	(1.0, 1.388207859680118)	(2.0, 0.44504998858366307)	(3.0, 0.3433322977530403)	(4.0, 0.3005678223992274)	(5.0, 0.2521887550952422)	(6.0, 0.23075972915208431)	(7.0, 0.19978589689363344)	(8.0, 0.19463918760597543)	(9.0, 0.16001587057991248)	('>10', 2.4324283858796756)	('>50', 0.9948121170380406)	('>100', 3.398980390101849)	('>500', 1.429287957448879)	('>1k', 7.501094845430284)	('>5k', 6.818266887756821)	('>10k+', 73.91058200860155)
Negative_S96_R2_16S	(1.0, 28.493665244795313)	(2.0, 16.731393646145033)	(3.0, 11.412109250652575)	(4.0, 9.19335328197619)	(5.0, 6.684917552683517)	(6.0, 4.794040873495894)	(7.0, 4.077799707136945)	(8.0, 3.6926211243394667)	(9.0, 3.008212898707583)	('>10', 11.911886420067486)	('>50', 0.0)	('>100', 0.0)	('>500', 0.0)	('>1k', 0.0)	('>5k', 0.0)	('>10k+', 0.0)
Undetermined_S0_R2_16S	(1.0, 12.124185774739445)	(2.0, 2.517961787106581)	(3.0, 1.4630064190994927)	(4.0, 0.9473249999218857)	(5.0, 0.7427584033875876)	(6.0, 0.6036289027653627)	(7.0, 0.522021025189781)	(8.0, 0.4279832889182123)	(9.0, 0.39051553045577403)	('>10', 7.894558169395069)	('>50', 10.135704612028366)	('>100', 23.52135751988275)	('>500', 1.747406926100391)	('>1k', 35.91057749302406)	('>5k', 0.2959188659319826)	('>10k+', 0.7550902820532751)
