Sample	0	1	2	3	4	5	6	7	8	9	10	11	12	13	14	15	16	17	18	19	20	21	22	23	24	25	26	27	28	29	30	31	32	33	34	35	36	37	38
012024-BEL-CBC-T1-559-MCAV_S19_R2_16S	(12.0, 1.0)	(13.0, 0.0)	(14.0, 1.0)	(15.0, 36.0)	(16.0, 436.0)	(17.0, 931.0)	(18.0, 705.0)	(19.0, 675.0)	(20.0, 823.0)	(21.0, 856.0)	(22.0, 1153.0)	(23.0, 1867.0)	(24.0, 1673.0)	(25.0, 3295.0)	(26.0, 2682.0)	(27.0, 2198.0)	(28.0, 2402.0)	(29.0, 2764.0)	(30.0, 3047.0)	(31.0, 3611.0)	(32.0, 4388.0)	(33.0, 5786.0)	(34.0, 7255.0)	(35.0, 9911.0)	(36.0, 14737.0)	(37.0, 25183.0)	(38.0, 68349.0)	(39.0, 1096693.0)	(40.0, 116152.0)										
012024-BEL-CBC-T2-591-PAST_S16_R2_16S	(14.0, 3.0)	(15.0, 58.0)	(16.0, 413.0)	(17.0, 690.0)	(18.0, 708.0)	(19.0, 905.0)	(20.0, 1245.0)	(21.0, 1414.0)	(22.0, 1450.0)	(23.0, 1521.0)	(24.0, 1707.0)	(25.0, 1990.0)	(26.0, 2331.0)	(27.0, 2871.0)	(28.0, 3698.0)	(29.0, 4448.0)	(30.0, 5376.0)	(31.0, 6304.0)	(32.0, 7761.0)	(33.0, 9337.0)	(34.0, 11610.0)	(35.0, 15261.0)	(36.0, 22529.0)	(37.0, 41755.0)	(38.0, 128800.0)	(39.0, 698895.0)	(40.0, 2562.0)												
012024-BEL-CBC-T2-595-PAST_S86_R2_16S	(10.0, 1.0)	(11.0, 1.0)	(12.0, 1.0)	(13.0, 2.0)	(14.0, 3.0)	(15.0, 65.0)	(16.0, 488.0)	(17.0, 854.0)	(18.0, 884.0)	(19.0, 1173.0)	(20.0, 1943.0)	(21.0, 1996.0)	(22.0, 1848.0)	(23.0, 1789.0)	(24.0, 1858.0)	(25.0, 2090.0)	(26.0, 2303.0)	(27.0, 2663.0)	(28.0, 3134.0)	(29.0, 3890.0)	(30.0, 4549.0)	(31.0, 5304.0)	(32.0, 6632.0)	(33.0, 7954.0)	(34.0, 10139.0)	(35.0, 13443.0)	(36.0, 19475.0)	(37.0, 32653.0)	(38.0, 100045.0)	(39.0, 955260.0)	(40.0, 4967.0)								
012024-BEL-CBC-T2-599-MCAV_S81_R2_16S	(14.0, 1.0)	(15.0, 24.0)	(16.0, 336.0)	(17.0, 681.0)	(18.0, 533.0)	(19.0, 517.0)	(20.0, 811.0)	(21.0, 1069.0)	(22.0, 1516.0)	(23.0, 1936.0)	(24.0, 1688.0)	(25.0, 3068.0)	(26.0, 2602.0)	(27.0, 2237.0)	(28.0, 2667.0)	(29.0, 2831.0)	(30.0, 3135.0)	(31.0, 3570.0)	(32.0, 4234.0)	(33.0, 5457.0)	(34.0, 6962.0)	(35.0, 9246.0)	(36.0, 13447.0)	(37.0, 23162.0)	(38.0, 63291.0)	(39.0, 966565.0)	(40.0, 76587.0)												
012024-BEL-CBC-T4-665-MCAV_S24_R2_16S	(14.0, 1.0)	(15.0, 41.0)	(16.0, 369.0)	(17.0, 598.0)	(18.0, 516.0)	(19.0, 472.0)	(20.0, 538.0)	(21.0, 588.0)	(22.0, 859.0)	(23.0, 1305.0)	(24.0, 1255.0)	(25.0, 2218.0)	(26.0, 1857.0)	(27.0, 1590.0)	(28.0, 1970.0)	(29.0, 2153.0)	(30.0, 2500.0)	(31.0, 2905.0)	(32.0, 3527.0)	(33.0, 4610.0)	(34.0, 5737.0)	(35.0, 7417.0)	(36.0, 10971.0)	(37.0, 18761.0)	(38.0, 51235.0)	(39.0, 760616.0)	(40.0, 84290.0)												
012024-BEL-CBC-T4-669-MCAV_S23_R2_16S	(15.0, 39.0)	(16.0, 508.0)	(17.0, 920.0)	(18.0, 722.0)	(19.0, 748.0)	(20.0, 896.0)	(21.0, 896.0)	(22.0, 1135.0)	(23.0, 1749.0)	(24.0, 1518.0)	(25.0, 2871.0)	(26.0, 2368.0)	(27.0, 2080.0)	(28.0, 2510.0)	(29.0, 2725.0)	(30.0, 3011.0)	(31.0, 3474.0)	(32.0, 4300.0)	(33.0, 5450.0)	(34.0, 6985.0)	(35.0, 9512.0)	(36.0, 14132.0)	(37.0, 24229.0)	(38.0, 68813.0)	(39.0, 994461.0)	(40.0, 109513.0)													
022024-BEL-CBC-T2-805-SSID_S12_R2_16S	(15.0, 30.0)	(16.0, 222.0)	(17.0, 355.0)	(18.0, 407.0)	(19.0, 473.0)	(20.0, 579.0)	(21.0, 643.0)	(22.0, 714.0)	(23.0, 774.0)	(24.0, 988.0)	(25.0, 1193.0)	(26.0, 1429.0)	(27.0, 1897.0)	(28.0, 2390.0)	(29.0, 3000.0)	(30.0, 3604.0)	(31.0, 4208.0)	(32.0, 4847.0)	(33.0, 5624.0)	(34.0, 6739.0)	(35.0, 8427.0)	(36.0, 11879.0)	(37.0, 22827.0)	(38.0, 100294.0)	(39.0, 299628.0)	(40.0, 1011.0)													
022024-BEL-CBC-T2-806-SSID_S55_R2_16S	(14.0, 2.0)	(15.0, 15.0)	(16.0, 169.0)	(17.0, 276.0)	(18.0, 262.0)	(19.0, 342.0)	(20.0, 627.0)	(21.0, 791.0)	(22.0, 793.0)	(23.0, 856.0)	(24.0, 934.0)	(25.0, 1078.0)	(26.0, 1444.0)	(27.0, 1764.0)	(28.0, 2292.0)	(29.0, 2886.0)	(30.0, 3469.0)	(31.0, 4373.0)	(32.0, 5447.0)	(33.0, 6305.0)	(34.0, 7171.0)	(35.0, 8474.0)	(36.0, 10880.0)	(37.0, 16542.0)	(38.0, 49989.0)	(39.0, 319775.0)	(40.0, 8339.0)												
022024-BEL-CBC-T2-809-MCAV_S69_R2_16S	(15.0, 18.0)	(16.0, 182.0)	(17.0, 345.0)	(18.0, 257.0)	(19.0, 275.0)	(20.0, 450.0)	(21.0, 512.0)	(22.0, 784.0)	(23.0, 1001.0)	(24.0, 1013.0)	(25.0, 1993.0)	(26.0, 1490.0)	(27.0, 1259.0)	(28.0, 1500.0)	(29.0, 1499.0)	(30.0, 1659.0)	(31.0, 1992.0)	(32.0, 2370.0)	(33.0, 2989.0)	(34.0, 3891.0)	(35.0, 5239.0)	(36.0, 7580.0)	(37.0, 13018.0)	(38.0, 35613.0)	(39.0, 543511.0)	(40.0, 54258.0)													
022024-BEL-CBC-T2-810-SSID_S57_R2_16S	(15.0, 36.0)	(16.0, 204.0)	(17.0, 259.0)	(18.0, 290.0)	(19.0, 378.0)	(20.0, 633.0)	(21.0, 745.0)	(22.0, 787.0)	(23.0, 878.0)	(24.0, 1007.0)	(25.0, 1240.0)	(26.0, 1621.0)	(27.0, 2099.0)	(28.0, 2812.0)	(29.0, 3706.0)	(30.0, 4509.0)	(31.0, 5301.0)	(32.0, 6404.0)	(33.0, 7006.0)	(34.0, 7968.0)	(35.0, 9167.0)	(36.0, 11563.0)	(37.0, 17205.0)	(38.0, 49090.0)	(39.0, 287894.0)	(40.0, 5847.0)													
022024-BEL-CBC-T2-811-PAST_S76_R2_16S	(14.0, 2.0)	(15.0, 33.0)	(16.0, 327.0)	(17.0, 506.0)	(18.0, 436.0)	(19.0, 694.0)	(20.0, 1124.0)	(21.0, 1541.0)	(22.0, 1605.0)	(23.0, 1490.0)	(24.0, 1575.0)	(25.0, 1848.0)	(26.0, 2190.0)	(27.0, 2600.0)	(28.0, 3307.0)	(29.0, 3917.0)	(30.0, 4926.0)	(31.0, 5771.0)	(32.0, 7005.0)	(33.0, 8357.0)	(34.0, 10057.0)	(35.0, 12668.0)	(36.0, 17700.0)	(37.0, 28024.0)	(38.0, 87917.0)	(39.0, 902003.0)	(40.0, 9230.0)												
022024-BEL-CBC-T2-812-PAST_S1_R2_16S	(15.0, 19.0)	(16.0, 197.0)	(17.0, 380.0)	(18.0, 320.0)	(19.0, 414.0)	(20.0, 580.0)	(21.0, 616.0)	(22.0, 655.0)	(23.0, 648.0)	(24.0, 697.0)	(25.0, 835.0)	(26.0, 900.0)	(27.0, 1086.0)	(28.0, 1221.0)	(29.0, 1496.0)	(30.0, 1792.0)	(31.0, 2086.0)	(32.0, 2565.0)	(33.0, 3057.0)	(34.0, 3971.0)	(35.0, 5544.0)	(36.0, 8348.0)	(37.0, 15468.0)	(38.0, 60325.0)	(39.0, 353196.0)	(40.0, 1218.0)													
022024-BEL-CBC-T2-813-MCAV_S79_R2_16S	(14.0, 2.0)	(15.0, 25.0)	(16.0, 261.0)	(17.0, 514.0)	(18.0, 400.0)	(19.0, 563.0)	(20.0, 966.0)	(21.0, 1169.0)	(22.0, 1331.0)	(23.0, 1677.0)	(24.0, 1539.0)	(25.0, 2832.0)	(26.0, 2482.0)	(27.0, 2637.0)	(28.0, 3292.0)	(29.0, 3767.0)	(30.0, 4352.0)	(31.0, 4987.0)	(32.0, 5763.0)	(33.0, 7240.0)	(34.0, 8410.0)	(35.0, 10337.0)	(36.0, 14160.0)	(37.0, 21373.0)	(38.0, 54801.0)	(39.0, 757015.0)	(40.0, 72892.0)												
022024-BEL-CBC-T2-815-OFAV_S66_R2_16S	(13.0, 1.0)	(14.0, 1.0)	(15.0, 6.0)	(16.0, 222.0)	(17.0, 486.0)	(18.0, 390.0)	(19.0, 461.0)	(20.0, 897.0)	(21.0, 986.0)	(22.0, 1074.0)	(23.0, 1643.0)	(24.0, 1602.0)	(25.0, 2835.0)	(26.0, 2892.0)	(27.0, 2265.0)	(28.0, 2425.0)	(29.0, 2702.0)	(30.0, 2916.0)	(31.0, 3230.0)	(32.0, 3769.0)	(33.0, 4744.0)	(34.0, 6224.0)	(35.0, 8045.0)	(36.0, 11974.0)	(37.0, 19926.0)	(38.0, 55556.0)	(39.0, 794888.0)	(40.0, 45827.0)											
022024-BEL-CBC-T3-844-OFAV_S48_R2_16S	(14.0, 1.0)	(15.0, 41.0)	(16.0, 354.0)	(17.0, 776.0)	(18.0, 560.0)	(19.0, 612.0)	(20.0, 1143.0)	(21.0, 1394.0)	(22.0, 1570.0)	(23.0, 2248.0)	(24.0, 2127.0)	(25.0, 3770.0)	(26.0, 4131.0)	(27.0, 3331.0)	(28.0, 3783.0)	(29.0, 4060.0)	(30.0, 4497.0)	(31.0, 5029.0)	(32.0, 5801.0)	(33.0, 7515.0)	(34.0, 9514.0)	(35.0, 12304.0)	(36.0, 18281.0)	(37.0, 31098.0)	(38.0, 88828.0)	(39.0, 1230065.0)	(40.0, 105050.0)												
022024-BEL-CBC-T3-847-PAST_S17_R2_16S	(14.0, 1.0)	(15.0, 32.0)	(16.0, 254.0)	(17.0, 499.0)	(18.0, 536.0)	(19.0, 663.0)	(20.0, 974.0)	(21.0, 934.0)	(22.0, 1043.0)	(23.0, 1117.0)	(24.0, 1406.0)	(25.0, 1699.0)	(26.0, 2093.0)	(27.0, 2749.0)	(28.0, 3730.0)	(29.0, 4834.0)	(30.0, 6323.0)	(31.0, 7664.0)	(32.0, 9355.0)	(33.0, 11078.0)	(34.0, 12390.0)	(35.0, 14344.0)	(36.0, 17863.0)	(37.0, 23074.0)	(38.0, 56943.0)	(39.0, 402406.0)	(40.0, 2356.0)												
022024-BEL-CBC-T3-848-MCAV_S7_R2_16S	(11.0, 1.0)	(12.0, 0.0)	(13.0, 1.0)	(14.0, 0.0)	(15.0, 23.0)	(16.0, 231.0)	(17.0, 615.0)	(18.0, 508.0)	(19.0, 422.0)	(20.0, 581.0)	(21.0, 601.0)	(22.0, 1098.0)	(23.0, 1287.0)	(24.0, 1189.0)	(25.0, 2600.0)	(26.0, 1810.0)	(27.0, 1595.0)	(28.0, 1900.0)	(29.0, 2051.0)	(30.0, 2390.0)	(31.0, 2687.0)	(32.0, 3461.0)	(33.0, 4337.0)	(34.0, 5725.0)	(35.0, 7707.0)	(36.0, 11596.0)	(37.0, 20268.0)	(38.0, 58446.0)	(39.0, 772344.0)	(40.0, 33386.0)									
022024-BEL-CBC-T3-854-PAST_S62_R2_16S	(14.0, 1.0)	(15.0, 28.0)	(16.0, 224.0)	(17.0, 325.0)	(18.0, 297.0)	(19.0, 415.0)	(20.0, 854.0)	(21.0, 939.0)	(22.0, 958.0)	(23.0, 904.0)	(24.0, 942.0)	(25.0, 1069.0)	(26.0, 1218.0)	(27.0, 1390.0)	(28.0, 1777.0)	(29.0, 2258.0)	(30.0, 2940.0)	(31.0, 3462.0)	(32.0, 4370.0)	(33.0, 5578.0)	(34.0, 6993.0)	(35.0, 8518.0)	(36.0, 12138.0)	(37.0, 20228.0)	(38.0, 48529.0)	(39.0, 384686.0)	(40.0, 6290.0)												
022024-BEL-CBC-T4-870-MCAV_S5_R2_16S	(14.0, 2.0)	(15.0, 13.0)	(16.0, 199.0)	(17.0, 464.0)	(18.0, 420.0)	(19.0, 459.0)	(20.0, 474.0)	(21.0, 497.0)	(22.0, 927.0)	(23.0, 1052.0)	(24.0, 1145.0)	(25.0, 2187.0)	(26.0, 1510.0)	(27.0, 1427.0)	(28.0, 1629.0)	(29.0, 1709.0)	(30.0, 2082.0)	(31.0, 2543.0)	(32.0, 3007.0)	(33.0, 3839.0)	(34.0, 5073.0)	(35.0, 6733.0)	(36.0, 10300.0)	(37.0, 18049.0)	(38.0, 51745.0)	(39.0, 639266.0)	(40.0, 27760.0)												
022024-BEL-CBC-T4-873-MCAV_S51_R2_16S	(12.0, 1.0)	(13.0, 0.0)	(14.0, 1.0)	(15.0, 13.0)	(16.0, 177.0)	(17.0, 383.0)	(18.0, 255.0)	(19.0, 270.0)	(20.0, 420.0)	(21.0, 507.0)	(22.0, 700.0)	(23.0, 888.0)	(24.0, 778.0)	(25.0, 1465.0)	(26.0, 1256.0)	(27.0, 1082.0)	(28.0, 1254.0)	(29.0, 1417.0)	(30.0, 1627.0)	(31.0, 1733.0)	(32.0, 2231.0)	(33.0, 2796.0)	(34.0, 3466.0)	(35.0, 4615.0)	(36.0, 6837.0)	(37.0, 11612.0)	(38.0, 32311.0)	(39.0, 447205.0)	(40.0, 39999.0)										
042024-BEL-CBC-T1-928-OANN_S21_R2_16S	(12.0, 1.0)	(13.0, 0.0)	(14.0, 0.0)	(15.0, 25.0)	(16.0, 225.0)	(17.0, 463.0)	(18.0, 397.0)	(19.0, 386.0)	(20.0, 478.0)	(21.0, 469.0)	(22.0, 595.0)	(23.0, 1104.0)	(24.0, 1311.0)	(25.0, 1898.0)	(26.0, 1955.0)	(27.0, 1589.0)	(28.0, 1758.0)	(29.0, 1856.0)	(30.0, 2040.0)	(31.0, 2306.0)	(32.0, 2803.0)	(33.0, 3691.0)	(34.0, 4671.0)	(35.0, 6233.0)	(36.0, 9373.0)	(37.0, 16567.0)	(38.0, 48484.0)	(39.0, 648793.0)	(40.0, 42602.0)										
042024-BEL-CBC-T2-1027-PAST_S73_R2_16S	(15.0, 38.0)	(16.0, 331.0)	(17.0, 444.0)	(18.0, 417.0)	(19.0, 549.0)	(20.0, 1009.0)	(21.0, 1382.0)	(22.0, 1479.0)	(23.0, 1438.0)	(24.0, 1452.0)	(25.0, 1679.0)	(26.0, 1993.0)	(27.0, 2449.0)	(28.0, 3066.0)	(29.0, 4001.0)	(30.0, 4805.0)	(31.0, 5706.0)	(32.0, 6755.0)	(33.0, 8173.0)	(34.0, 10092.0)	(35.0, 12660.0)	(36.0, 18215.0)	(37.0, 29774.0)	(38.0, 96205.0)	(39.0, 904182.0)	(40.0, 14001.0)													
042024-BEL-CBC-T2-1034-SSID_S44_R2_16S	(14.0, 1.0)	(15.0, 22.0)	(16.0, 179.0)	(17.0, 258.0)	(18.0, 259.0)	(19.0, 391.0)	(20.0, 555.0)	(21.0, 626.0)	(22.0, 628.0)	(23.0, 685.0)	(24.0, 754.0)	(25.0, 901.0)	(26.0, 1129.0)	(27.0, 1356.0)	(28.0, 1703.0)	(29.0, 2071.0)	(30.0, 2561.0)	(31.0, 2919.0)	(32.0, 3438.0)	(33.0, 3924.0)	(34.0, 4763.0)	(35.0, 6145.0)	(36.0, 8538.0)	(37.0, 14040.0)	(38.0, 49688.0)	(39.0, 318090.0)	(40.0, 5930.0)												
042024-BEL-CBC-T3-944-SSID_S70_R2_16S	(14.0, 1.0)	(15.0, 40.0)	(16.0, 355.0)	(17.0, 504.0)	(18.0, 500.0)	(19.0, 717.0)	(20.0, 1256.0)	(21.0, 1583.0)	(22.0, 1526.0)	(23.0, 1576.0)	(24.0, 1553.0)	(25.0, 1749.0)	(26.0, 2033.0)	(27.0, 2386.0)	(28.0, 2964.0)	(29.0, 3687.0)	(30.0, 4284.0)	(31.0, 5044.0)	(32.0, 6247.0)	(33.0, 7721.0)	(34.0, 9599.0)	(35.0, 12896.0)	(36.0, 21782.0)	(37.0, 41165.0)	(38.0, 92155.0)	(39.0, 724736.0)	(40.0, 17679.0)												
042024-BEL-CBC-T3-946-OFAV_S13_R2_16S	(14.0, 2.0)	(15.0, 17.0)	(16.0, 182.0)	(17.0, 362.0)	(18.0, 425.0)	(19.0, 365.0)	(20.0, 462.0)	(21.0, 490.0)	(22.0, 609.0)	(23.0, 912.0)	(24.0, 985.0)	(25.0, 1565.0)	(26.0, 1615.0)	(27.0, 1269.0)	(28.0, 1475.0)	(29.0, 1645.0)	(30.0, 1927.0)	(31.0, 2196.0)	(32.0, 2708.0)	(33.0, 3513.0)	(34.0, 4356.0)	(35.0, 6035.0)	(36.0, 9018.0)	(37.0, 16336.0)	(38.0, 52928.0)	(39.0, 503624.0)	(40.0, 26963.0)												
042024-BEL-CBC-T3-955-OFAV_S30_R2_16S	(14.0, 4.0)	(15.0, 36.0)	(16.0, 300.0)	(17.0, 612.0)	(18.0, 464.0)	(19.0, 499.0)	(20.0, 594.0)	(21.0, 633.0)	(22.0, 812.0)	(23.0, 1250.0)	(24.0, 1309.0)	(25.0, 2149.0)	(26.0, 2459.0)	(27.0, 1918.0)	(28.0, 2116.0)	(29.0, 2245.0)	(30.0, 2563.0)	(31.0, 2784.0)	(32.0, 3354.0)	(33.0, 4077.0)	(34.0, 5299.0)	(35.0, 6878.0)	(36.0, 10166.0)	(37.0, 16649.0)	(38.0, 41962.0)	(39.0, 639699.0)	(40.0, 27983.0)												
042024-BEL-CBC-T4-1041-MCAV_S39_R2_16S	(14.0, 1.0)	(15.0, 30.0)	(16.0, 354.0)	(17.0, 625.0)	(18.0, 478.0)	(19.0, 523.0)	(20.0, 600.0)	(21.0, 627.0)	(22.0, 909.0)	(23.0, 1300.0)	(24.0, 1242.0)	(25.0, 2116.0)	(26.0, 1792.0)	(27.0, 1528.0)	(28.0, 1759.0)	(29.0, 1889.0)	(30.0, 2057.0)	(31.0, 2353.0)	(32.0, 2768.0)	(33.0, 3603.0)	(34.0, 4548.0)	(35.0, 6108.0)	(36.0, 9071.0)	(37.0, 16217.0)	(38.0, 44938.0)	(39.0, 640572.0)	(40.0, 86796.0)												
042024-BEL-CBC-T4-1042-OFAV_S34_R2_16S	(13.0, 1.0)	(14.0, 1.0)	(15.0, 38.0)	(16.0, 301.0)	(17.0, 600.0)	(18.0, 538.0)	(19.0, 526.0)	(20.0, 688.0)	(21.0, 715.0)	(22.0, 830.0)	(23.0, 1337.0)	(24.0, 1563.0)	(25.0, 2462.0)	(26.0, 2551.0)	(27.0, 1985.0)	(28.0, 2143.0)	(29.0, 2314.0)	(30.0, 2529.0)	(31.0, 2904.0)	(32.0, 3401.0)	(33.0, 4393.0)	(34.0, 5638.0)	(35.0, 7326.0)	(36.0, 10993.0)	(37.0, 19140.0)	(38.0, 57287.0)	(39.0, 669231.0)	(40.0, 25433.0)											
042024-BEL-CBC-T4-1044-PSTR_S6_R2_16S	(10.0, 1.0)	(11.0, 0.0)	(12.0, 1.0)	(13.0, 0.0)	(14.0, 2.0)	(15.0, 15.0)	(16.0, 188.0)	(17.0, 481.0)	(18.0, 493.0)	(19.0, 461.0)	(20.0, 626.0)	(21.0, 604.0)	(22.0, 860.0)	(23.0, 1177.0)	(24.0, 1073.0)	(25.0, 1899.0)	(26.0, 1702.0)	(27.0, 1678.0)	(28.0, 1891.0)	(29.0, 2129.0)	(30.0, 2497.0)	(31.0, 2816.0)	(32.0, 3759.0)	(33.0, 4503.0)	(34.0, 5784.0)	(35.0, 8064.0)	(36.0, 15973.0)	(37.0, 42369.0)	(38.0, 50311.0)	(39.0, 538522.0)	(40.0, 18855.0)								
042024-BEL-CBC-T4-1045-MCAV_S54_R2_16S	(14.0, 2.0)	(15.0, 18.0)	(16.0, 242.0)	(17.0, 475.0)	(18.0, 355.0)	(19.0, 365.0)	(20.0, 621.0)	(21.0, 786.0)	(22.0, 1062.0)	(23.0, 1436.0)	(24.0, 1230.0)	(25.0, 2276.0)	(26.0, 1927.0)	(27.0, 1742.0)	(28.0, 1975.0)	(29.0, 2147.0)	(30.0, 2374.0)	(31.0, 2655.0)	(32.0, 3238.0)	(33.0, 4034.0)	(34.0, 4898.0)	(35.0, 6629.0)	(36.0, 10191.0)	(37.0, 17292.0)	(38.0, 42363.0)	(39.0, 656413.0)	(40.0, 61471.0)												
052022-BEL-CBC-T1-1-PAST_S74_R2_16S	(13.0, 1.0)	(14.0, 0.0)	(15.0, 34.0)	(16.0, 365.0)	(17.0, 588.0)	(18.0, 550.0)	(19.0, 719.0)	(20.0, 1545.0)	(21.0, 1886.0)	(22.0, 1944.0)	(23.0, 1762.0)	(24.0, 1802.0)	(25.0, 1875.0)	(26.0, 2002.0)	(27.0, 2282.0)	(28.0, 2694.0)	(29.0, 3041.0)	(30.0, 3475.0)	(31.0, 4250.0)	(32.0, 5131.0)	(33.0, 6429.0)	(34.0, 8424.0)	(35.0, 11331.0)	(36.0, 16967.0)	(37.0, 29192.0)	(38.0, 92898.0)	(39.0, 1049232.0)	(40.0, 23296.0)											
052022-BEL-CBC-T2-12-MCAV_S18_R2_16S	(13.0, 1.0)	(14.0, 1.0)	(15.0, 41.0)	(16.0, 481.0)	(17.0, 827.0)	(18.0, 698.0)	(19.0, 817.0)	(20.0, 977.0)	(21.0, 1058.0)	(22.0, 1250.0)	(23.0, 1736.0)	(24.0, 1864.0)	(25.0, 3067.0)	(26.0, 2991.0)	(27.0, 3328.0)	(28.0, 4484.0)	(29.0, 5834.0)	(30.0, 7661.0)	(31.0, 9471.0)	(32.0, 12675.0)	(33.0, 15806.0)	(34.0, 18612.0)	(35.0, 22205.0)	(36.0, 28595.0)	(37.0, 39969.0)	(38.0, 89676.0)	(39.0, 791395.0)	(40.0, 69964.0)											
052022-BEL-CBC-T2-3-SSID_S25_R2_16S	(15.0, 57.0)	(16.0, 321.0)	(17.0, 483.0)	(18.0, 603.0)	(19.0, 797.0)	(20.0, 917.0)	(21.0, 1044.0)	(22.0, 1156.0)	(23.0, 1266.0)	(24.0, 1337.0)	(25.0, 1590.0)	(26.0, 1717.0)	(27.0, 1855.0)	(28.0, 2075.0)	(29.0, 2370.0)	(30.0, 2808.0)	(31.0, 3147.0)	(32.0, 3769.0)	(33.0, 4723.0)	(34.0, 5819.0)	(35.0, 7669.0)	(36.0, 11484.0)	(37.0, 21564.0)	(38.0, 84304.0)	(39.0, 438136.0)	(40.0, 1678.0)													
052022-BEL-CBC-T2-5-PAST_S40_R2_16S	(14.0, 6.0)	(15.0, 157.0)	(16.0, 682.0)	(17.0, 1019.0)	(18.0, 1266.0)	(19.0, 1717.0)	(20.0, 2192.0)	(21.0, 2405.0)	(22.0, 2377.0)	(23.0, 2416.0)	(24.0, 2663.0)	(25.0, 2861.0)	(26.0, 3228.0)	(27.0, 3663.0)	(28.0, 4232.0)	(29.0, 4817.0)	(30.0, 5550.0)	(31.0, 6552.0)	(32.0, 8219.0)	(33.0, 10275.0)	(34.0, 13555.0)	(35.0, 18112.0)	(36.0, 28515.0)	(37.0, 54862.0)	(38.0, 214718.0)	(39.0, 1176996.0)	(40.0, 5374.0)												
052022-BEL-CBC-T3-1-MCAV_S83_R2_16S	(13.0, 2.0)	(14.0, 4.0)	(15.0, 75.0)	(16.0, 785.0)	(17.0, 1527.0)	(18.0, 1246.0)	(19.0, 1346.0)	(20.0, 1687.0)	(21.0, 1789.0)	(22.0, 2454.0)	(23.0, 3633.0)	(24.0, 3186.0)	(25.0, 5958.0)	(26.0, 5410.0)	(27.0, 4217.0)	(28.0, 4727.0)	(29.0, 5278.0)	(30.0, 5798.0)	(31.0, 6566.0)	(32.0, 7907.0)	(33.0, 10203.0)	(34.0, 12872.0)	(35.0, 17401.0)	(36.0, 25651.0)	(37.0, 44286.0)	(38.0, 120348.0)	(39.0, 1987455.0)	(40.0, 243521.0)											
052022-BEL-CBC-T3-15-PSTR_S94_R2_16S	(13.0, 2.0)	(14.0, 3.0)	(15.0, 35.0)	(16.0, 268.0)	(17.0, 581.0)	(18.0, 619.0)	(19.0, 854.0)	(20.0, 931.0)	(21.0, 877.0)	(22.0, 925.0)	(23.0, 1396.0)	(24.0, 1482.0)	(25.0, 1950.0)	(26.0, 2442.0)	(27.0, 1980.0)	(28.0, 2285.0)	(29.0, 2586.0)	(30.0, 2956.0)	(31.0, 3456.0)	(32.0, 4035.0)	(33.0, 4986.0)	(34.0, 6167.0)	(35.0, 8030.0)	(36.0, 12697.0)	(37.0, 24252.0)	(38.0, 55240.0)	(39.0, 709783.0)	(40.0, 75550.0)											
062019-BEL-CBC-T1-5-SSID_S91_R2_16S	(15.0, 54.0)	(16.0, 496.0)	(17.0, 835.0)	(18.0, 941.0)	(19.0, 1487.0)	(20.0, 2005.0)	(21.0, 1897.0)	(22.0, 2053.0)	(23.0, 2290.0)	(24.0, 2733.0)	(25.0, 3476.0)	(26.0, 4649.0)	(27.0, 6261.0)	(28.0, 8704.0)	(29.0, 10816.0)	(30.0, 13235.0)	(31.0, 15546.0)	(32.0, 18323.0)	(33.0, 20035.0)	(34.0, 22524.0)	(35.0, 25810.0)	(36.0, 31285.0)	(37.0, 41084.0)	(38.0, 101541.0)	(39.0, 870204.0)	(40.0, 17662.0)													
062019-BEL-CBC-T2-17-SSID_S4_R2_16S	(15.0, 34.0)	(16.0, 384.0)	(17.0, 716.0)	(18.0, 758.0)	(19.0, 897.0)	(20.0, 1123.0)	(21.0, 1414.0)	(22.0, 1588.0)	(23.0, 1878.0)	(24.0, 2428.0)	(25.0, 3278.0)	(26.0, 4281.0)	(27.0, 5680.0)	(28.0, 8180.0)	(29.0, 10826.0)	(30.0, 13440.0)	(31.0, 15959.0)	(32.0, 18905.0)	(33.0, 21075.0)	(34.0, 23053.0)	(35.0, 25760.0)	(36.0, 30435.0)	(37.0, 40427.0)	(38.0, 143423.0)	(39.0, 364678.0)	(40.0, 1910.0)													
062019-BEL-CBC-T2-21-PAST_S29_R2_16S	(14.0, 3.0)	(15.0, 48.0)	(16.0, 520.0)	(17.0, 775.0)	(18.0, 804.0)	(19.0, 976.0)	(20.0, 1328.0)	(21.0, 1410.0)	(22.0, 1384.0)	(23.0, 1502.0)	(24.0, 1724.0)	(25.0, 2044.0)	(26.0, 2517.0)	(27.0, 3175.0)	(28.0, 3917.0)	(29.0, 5079.0)	(30.0, 6291.0)	(31.0, 7484.0)	(32.0, 9093.0)	(33.0, 11085.0)	(34.0, 13025.0)	(35.0, 16064.0)	(36.0, 22342.0)	(37.0, 35191.0)	(38.0, 111345.0)	(39.0, 847039.0)	(40.0, 3649.0)												
062019-BEL-CBC-T2-23-MCAV_S64_R2_16S	(15.0, 22.0)	(16.0, 199.0)	(17.0, 424.0)	(18.0, 341.0)	(19.0, 363.0)	(20.0, 723.0)	(21.0, 842.0)	(22.0, 1109.0)	(23.0, 1415.0)	(24.0, 1349.0)	(25.0, 2538.0)	(26.0, 2061.0)	(27.0, 1852.0)	(28.0, 2212.0)	(29.0, 2379.0)	(30.0, 2727.0)	(31.0, 2966.0)	(32.0, 3544.0)	(33.0, 4452.0)	(34.0, 5531.0)	(35.0, 7209.0)	(36.0, 10630.0)	(37.0, 18142.0)	(38.0, 53502.0)	(39.0, 693412.0)	(40.0, 64726.0)													
062019-BEL-CBC-T3-5-SSID_S37_R2_16S	(14.0, 4.0)	(15.0, 71.0)	(16.0, 447.0)	(17.0, 650.0)	(18.0, 824.0)	(19.0, 936.0)	(20.0, 1302.0)	(21.0, 1443.0)	(22.0, 1459.0)	(23.0, 1528.0)	(24.0, 1659.0)	(25.0, 1894.0)	(26.0, 2298.0)	(27.0, 2570.0)	(28.0, 3099.0)	(29.0, 3807.0)	(30.0, 4470.0)	(31.0, 5132.0)	(32.0, 6268.0)	(33.0, 7555.0)	(34.0, 9384.0)	(35.0, 12351.0)	(36.0, 17839.0)	(37.0, 32025.0)	(38.0, 113998.0)	(39.0, 817507.0)	(40.0, 13487.0)												
062024-BEL-CBC-T1-1350-PSTR_S41_R2_16S	(14.0, 1.0)	(15.0, 22.0)	(16.0, 248.0)	(17.0, 486.0)	(18.0, 429.0)	(19.0, 417.0)	(20.0, 558.0)	(21.0, 680.0)	(22.0, 827.0)	(23.0, 1306.0)	(24.0, 1322.0)	(25.0, 1963.0)	(26.0, 2543.0)	(27.0, 2451.0)	(28.0, 2875.0)	(29.0, 3444.0)	(30.0, 3915.0)	(31.0, 4524.0)	(32.0, 5392.0)	(33.0, 6150.0)	(34.0, 7151.0)	(35.0, 8800.0)	(36.0, 11705.0)	(37.0, 18149.0)	(38.0, 51004.0)	(39.0, 612110.0)	(40.0, 80013.0)												
062024-BEL-CBC-T3-1424-PAST_S67_R2_16S	(14.0, 1.0)	(15.0, 40.0)	(16.0, 282.0)	(17.0, 495.0)	(18.0, 372.0)	(19.0, 531.0)	(20.0, 1015.0)	(21.0, 1202.0)	(22.0, 1209.0)	(23.0, 1295.0)	(24.0, 1339.0)	(25.0, 1557.0)	(26.0, 1803.0)	(27.0, 2128.0)	(28.0, 2575.0)	(29.0, 3112.0)	(30.0, 3852.0)	(31.0, 4612.0)	(32.0, 5721.0)	(33.0, 6684.0)	(34.0, 8239.0)	(35.0, 10390.0)	(36.0, 14283.0)	(37.0, 23122.0)	(38.0, 74329.0)	(39.0, 580231.0)	(40.0, 6090.0)												
062024-BEL-CBC-T3-1427-MCAV_S84_R2_16S	(15.0, 38.0)	(16.0, 467.0)	(17.0, 869.0)	(18.0, 696.0)	(19.0, 785.0)	(20.0, 953.0)	(21.0, 1099.0)	(22.0, 1363.0)	(23.0, 2104.0)	(24.0, 1944.0)	(25.0, 3520.0)	(26.0, 3023.0)	(27.0, 2432.0)	(28.0, 2856.0)	(29.0, 3254.0)	(30.0, 3372.0)	(31.0, 3805.0)	(32.0, 4572.0)	(33.0, 5993.0)	(34.0, 7646.0)	(35.0, 9880.0)	(36.0, 14767.0)	(37.0, 25301.0)	(38.0, 69532.0)	(39.0, 1146556.0)	(40.0, 139677.0)													
062024-BEL-CBC-T3-1436-MCAV_S47_R2_16S	(13.0, 2.0)	(14.0, 1.0)	(15.0, 22.0)	(16.0, 230.0)	(17.0, 451.0)	(18.0, 342.0)	(19.0, 412.0)	(20.0, 643.0)	(21.0, 783.0)	(22.0, 1101.0)	(23.0, 1302.0)	(24.0, 1266.0)	(25.0, 2398.0)	(26.0, 2375.0)	(27.0, 2685.0)	(28.0, 3504.0)	(29.0, 4581.0)	(30.0, 5614.0)	(31.0, 6839.0)	(32.0, 8350.0)	(33.0, 9783.0)	(34.0, 10763.0)	(35.0, 12228.0)	(36.0, 14713.0)	(37.0, 18608.0)	(38.0, 32073.0)	(39.0, 416143.0)	(40.0, 45289.0)											
062024-BEL-CBC-T4-1473-PSTR_S90_R2_16S	(12.0, 1.0)	(13.0, 0.0)	(14.0, 0.0)	(15.0, 28.0)	(16.0, 349.0)	(17.0, 716.0)	(18.0, 703.0)	(19.0, 728.0)	(20.0, 919.0)	(21.0, 983.0)	(22.0, 1169.0)	(23.0, 1808.0)	(24.0, 1763.0)	(25.0, 2519.0)	(26.0, 3190.0)	(27.0, 2676.0)	(28.0, 2898.0)	(29.0, 3314.0)	(30.0, 3527.0)	(31.0, 4064.0)	(32.0, 5100.0)	(33.0, 6311.0)	(34.0, 7855.0)	(35.0, 10237.0)	(36.0, 14569.0)	(37.0, 24363.0)	(38.0, 69489.0)	(39.0, 981399.0)	(40.0, 130572.0)										
082024-BEL-CBC-T1-1481-PSTR_S15_R2_16S	(13.0, 2.0)	(14.0, 1.0)	(15.0, 18.0)	(16.0, 168.0)	(17.0, 304.0)	(18.0, 235.0)	(19.0, 172.0)	(20.0, 196.0)	(21.0, 260.0)	(22.0, 351.0)	(23.0, 625.0)	(24.0, 556.0)	(25.0, 975.0)	(26.0, 1164.0)	(27.0, 1120.0)	(28.0, 1382.0)	(29.0, 1730.0)	(30.0, 2227.0)	(31.0, 2755.0)	(32.0, 3466.0)	(33.0, 4102.0)	(34.0, 5003.0)	(35.0, 5835.0)	(36.0, 8110.0)	(37.0, 12770.0)	(38.0, 35507.0)	(39.0, 421577.0)	(40.0, 36981.0)											
082024-BEL-CBC-T2-1508-SSID_S14_R2_16S	(13.0, 1.0)	(14.0, 2.0)	(15.0, 49.0)	(16.0, 282.0)	(17.0, 480.0)	(18.0, 531.0)	(19.0, 610.0)	(20.0, 778.0)	(21.0, 919.0)	(22.0, 1037.0)	(23.0, 1166.0)	(24.0, 1362.0)	(25.0, 1761.0)	(26.0, 2360.0)	(27.0, 3016.0)	(28.0, 4225.0)	(29.0, 5460.0)	(30.0, 6811.0)	(31.0, 8106.0)	(32.0, 9891.0)	(33.0, 11164.0)	(34.0, 13173.0)	(35.0, 16034.0)	(36.0, 24637.0)	(37.0, 46010.0)	(38.0, 98681.0)	(39.0, 505602.0)	(40.0, 2233.0)											
082024-BEL-CBC-T2-1511-SSID_S80_R2_16S	(15.0, 26.0)	(16.0, 214.0)	(17.0, 312.0)	(18.0, 342.0)	(19.0, 498.0)	(20.0, 916.0)	(21.0, 1031.0)	(22.0, 1112.0)	(23.0, 1241.0)	(24.0, 1420.0)	(25.0, 1833.0)	(26.0, 2501.0)	(27.0, 3544.0)	(28.0, 5355.0)	(29.0, 7200.0)	(30.0, 9021.0)	(31.0, 11045.0)	(32.0, 13394.0)	(33.0, 15127.0)	(34.0, 16649.0)	(35.0, 18833.0)	(36.0, 22379.0)	(37.0, 27927.0)	(38.0, 61936.0)	(39.0, 417579.0)	(40.0, 7457.0)													
082024-BEL-CBC-T2-1512-PAST_S63_R2_16S	(12.0, 1.0)	(13.0, 0.0)	(14.0, 3.0)	(15.0, 51.0)	(16.0, 503.0)	(17.0, 746.0)	(18.0, 727.0)	(19.0, 1106.0)	(20.0, 2191.0)	(21.0, 2584.0)	(22.0, 2518.0)	(23.0, 2343.0)	(24.0, 2475.0)	(25.0, 2706.0)	(26.0, 3041.0)	(27.0, 3564.0)	(28.0, 4371.0)	(29.0, 5451.0)	(30.0, 6418.0)	(31.0, 7818.0)	(32.0, 9589.0)	(33.0, 11541.0)	(34.0, 13893.0)	(35.0, 17624.0)	(36.0, 24756.0)	(37.0, 39945.0)	(38.0, 120228.0)	(39.0, 1199219.0)	(40.0, 16191.0)										
082024-BEL-CBC-T3-1553-MCAV_S42_R2_16S	(14.0, 2.0)	(15.0, 39.0)	(16.0, 445.0)	(17.0, 1011.0)	(18.0, 709.0)	(19.0, 724.0)	(20.0, 889.0)	(21.0, 997.0)	(22.0, 1425.0)	(23.0, 2179.0)	(24.0, 1905.0)	(25.0, 3759.0)	(26.0, 3234.0)	(27.0, 2547.0)	(28.0, 2775.0)	(29.0, 3198.0)	(30.0, 3395.0)	(31.0, 3617.0)	(32.0, 4505.0)	(33.0, 6053.0)	(34.0, 7518.0)	(35.0, 9803.0)	(36.0, 14786.0)	(37.0, 24698.0)	(38.0, 64067.0)	(39.0, 1159649.0)	(40.0, 188569.0)												
082024-BEL-CBC-T3-1556-OFAV_S77_R2_16S	(14.0, 1.0)	(15.0, 17.0)	(16.0, 262.0)	(17.0, 462.0)	(18.0, 392.0)	(19.0, 455.0)	(20.0, 799.0)	(21.0, 938.0)	(22.0, 993.0)	(23.0, 1604.0)	(24.0, 1547.0)	(25.0, 2627.0)	(26.0, 2923.0)	(27.0, 2340.0)	(28.0, 2463.0)	(29.0, 2713.0)	(30.0, 3037.0)	(31.0, 3346.0)	(32.0, 4032.0)	(33.0, 5075.0)	(34.0, 6326.0)	(35.0, 8105.0)	(36.0, 11846.0)	(37.0, 20220.0)	(38.0, 53476.0)	(39.0, 837262.0)	(40.0, 73919.0)												
082024-BEL-CBC-T3-1557-PAST_S27_R2_16S	(14.0, 1.0)	(15.0, 52.0)	(16.0, 453.0)	(17.0, 883.0)	(18.0, 847.0)	(19.0, 934.0)	(20.0, 1289.0)	(21.0, 1519.0)	(22.0, 1613.0)	(23.0, 1657.0)	(24.0, 1964.0)	(25.0, 2439.0)	(26.0, 2967.0)	(27.0, 3849.0)	(28.0, 4982.0)	(29.0, 6676.0)	(30.0, 8340.0)	(31.0, 10007.0)	(32.0, 12387.0)	(33.0, 14656.0)	(34.0, 16912.0)	(35.0, 20057.0)	(36.0, 26370.0)	(37.0, 37640.0)	(38.0, 102682.0)	(39.0, 774899.0)	(40.0, 3525.0)												
092023-BEL-CBC-T1-173-SSID_S75_R2_16S	(10.0, 1.0)	(11.0, 0.0)	(12.0, 0.0)	(13.0, 0.0)	(14.0, 1.0)	(15.0, 96.0)	(16.0, 556.0)	(17.0, 889.0)	(18.0, 1124.0)	(19.0, 1766.0)	(20.0, 2820.0)	(21.0, 4070.0)	(22.0, 5100.0)	(23.0, 6432.0)	(24.0, 7826.0)	(25.0, 9188.0)	(26.0, 10436.0)	(27.0, 11451.0)	(28.0, 13190.0)	(29.0, 14905.0)	(30.0, 16814.0)	(31.0, 19040.0)	(32.0, 22247.0)	(33.0, 25362.0)	(34.0, 28940.0)	(35.0, 33047.0)	(36.0, 41448.0)	(37.0, 59136.0)	(38.0, 170535.0)	(39.0, 941108.0)	(40.0, 7176.0)								
092023-BEL-CBC-T1-174-MCAV_S95_R2_16S	(13.0, 1.0)	(14.0, 1.0)	(15.0, 43.0)	(16.0, 419.0)	(17.0, 866.0)	(18.0, 757.0)	(19.0, 871.0)	(20.0, 1036.0)	(21.0, 988.0)	(22.0, 1286.0)	(23.0, 1808.0)	(24.0, 1728.0)	(25.0, 3025.0)	(26.0, 2699.0)	(27.0, 2221.0)	(28.0, 2606.0)	(29.0, 3022.0)	(30.0, 3276.0)	(31.0, 3723.0)	(32.0, 4592.0)	(33.0, 5786.0)	(34.0, 7246.0)	(35.0, 9384.0)	(36.0, 13863.0)	(37.0, 24090.0)	(38.0, 68645.0)	(39.0, 978504.0)	(40.0, 121750.0)											
092023-BEL-CBC-T2-175-PAST_S56_R2_16S	(14.0, 1.0)	(15.0, 47.0)	(16.0, 271.0)	(17.0, 365.0)	(18.0, 413.0)	(19.0, 637.0)	(20.0, 1029.0)	(21.0, 1173.0)	(22.0, 1205.0)	(23.0, 1131.0)	(24.0, 1290.0)	(25.0, 1403.0)	(26.0, 1554.0)	(27.0, 1780.0)	(28.0, 2158.0)	(29.0, 2691.0)	(30.0, 3230.0)	(31.0, 3797.0)	(32.0, 4737.0)	(33.0, 6141.0)	(34.0, 7612.0)	(35.0, 9875.0)	(36.0, 14461.0)	(37.0, 25791.0)	(38.0, 93162.0)	(39.0, 541694.0)	(40.0, 4283.0)												
092023-BEL-CBC-T2-179-SSID_S33_R2_16S	(14.0, 2.0)	(15.0, 42.0)	(16.0, 243.0)	(17.0, 510.0)	(18.0, 667.0)	(19.0, 874.0)	(20.0, 1135.0)	(21.0, 1323.0)	(22.0, 1515.0)	(23.0, 1693.0)	(24.0, 1954.0)	(25.0, 2202.0)	(26.0, 2652.0)	(27.0, 3129.0)	(28.0, 3798.0)	(29.0, 4471.0)	(30.0, 5113.0)	(31.0, 5785.0)	(32.0, 6644.0)	(33.0, 7405.0)	(34.0, 8360.0)	(35.0, 9729.0)	(36.0, 12073.0)	(37.0, 16890.0)	(38.0, 49402.0)	(39.0, 219587.0)	(40.0, 1631.0)												
092023-BEL-CBC-T2-183-MCAV_S11_R2_16S	(10.0, 1.0)	(11.0, 1.0)	(12.0, 0.0)	(13.0, 3.0)	(14.0, 3.0)	(15.0, 48.0)	(16.0, 218.0)	(17.0, 384.0)	(18.0, 376.0)	(19.0, 464.0)	(20.0, 573.0)	(21.0, 614.0)	(22.0, 668.0)	(23.0, 668.0)	(24.0, 822.0)	(25.0, 965.0)	(26.0, 1045.0)	(27.0, 1143.0)	(28.0, 1385.0)	(29.0, 1579.0)	(30.0, 1859.0)	(31.0, 2273.0)	(32.0, 2780.0)	(33.0, 3530.0)	(34.0, 4659.0)	(35.0, 6525.0)	(36.0, 10485.0)	(37.0, 21586.0)	(38.0, 90727.0)	(39.0, 378461.0)	(40.0, 1852.0)								
092023-BEL-CBC-T3-174-OFAV_S3_R2_16S	(14.0, 2.0)	(15.0, 14.0)	(16.0, 200.0)	(17.0, 430.0)	(18.0, 338.0)	(19.0, 366.0)	(20.0, 415.0)	(21.0, 380.0)	(22.0, 543.0)	(23.0, 943.0)	(24.0, 920.0)	(25.0, 1617.0)	(26.0, 2009.0)	(27.0, 2087.0)	(28.0, 2662.0)	(29.0, 3424.0)	(30.0, 4273.0)	(31.0, 5205.0)	(32.0, 6466.0)	(33.0, 7646.0)	(34.0, 9064.0)	(35.0, 10982.0)	(36.0, 14778.0)	(37.0, 21739.0)	(38.0, 60532.0)	(39.0, 638601.0)	(40.0, 28484.0)												
092023-BEL-CBC-T3-175-MCAV_S78_R2_16S	(14.0, 1.0)	(15.0, 45.0)	(16.0, 312.0)	(17.0, 472.0)	(18.0, 460.0)	(19.0, 641.0)	(20.0, 1089.0)	(21.0, 1236.0)	(22.0, 1357.0)	(23.0, 1583.0)	(24.0, 1635.0)	(25.0, 2360.0)	(26.0, 2374.0)	(27.0, 2646.0)	(28.0, 3120.0)	(29.0, 3608.0)	(30.0, 4109.0)	(31.0, 4802.0)	(32.0, 5698.0)	(33.0, 7204.0)	(34.0, 8952.0)	(35.0, 11593.0)	(36.0, 16649.0)	(37.0, 29224.0)	(38.0, 91127.0)	(39.0, 704672.0)	(40.0, 31262.0)												
092023-BEL-CBC-T3-177-SSID_S89_R2_16S	(14.0, 3.0)	(15.0, 33.0)	(16.0, 281.0)	(17.0, 427.0)	(18.0, 506.0)	(19.0, 745.0)	(20.0, 1029.0)	(21.0, 1118.0)	(22.0, 1176.0)	(23.0, 1246.0)	(24.0, 1473.0)	(25.0, 1775.0)	(26.0, 2359.0)	(27.0, 2886.0)	(28.0, 3819.0)	(29.0, 4465.0)	(30.0, 5293.0)	(31.0, 5990.0)	(32.0, 7112.0)	(33.0, 8072.0)	(34.0, 9317.0)	(35.0, 11379.0)	(36.0, 15595.0)	(37.0, 25519.0)	(38.0, 86203.0)	(39.0, 575952.0)	(40.0, 9700.0)												
092023-BEL-CBC-T3-182-MCAV_S87_R2_16S	(11.0, 1.0)	(12.0, 1.0)	(13.0, 0.0)	(14.0, 5.0)	(15.0, 95.0)	(16.0, 697.0)	(17.0, 1258.0)	(18.0, 1367.0)	(19.0, 1763.0)	(20.0, 2199.0)	(21.0, 2335.0)	(22.0, 2679.0)	(23.0, 3123.0)	(24.0, 3306.0)	(25.0, 4610.0)	(26.0, 4826.0)	(27.0, 5153.0)	(28.0, 6107.0)	(29.0, 7259.0)	(30.0, 8600.0)	(31.0, 10379.0)	(32.0, 13210.0)	(33.0, 16322.0)	(34.0, 19688.0)	(35.0, 24142.0)	(36.0, 31782.0)	(37.0, 47996.0)	(38.0, 126584.0)	(39.0, 1097106.0)	(40.0, 93622.0)									
092023-BEL-CBC-T4-95-OFAV_S58_R2_16S	(14.0, 1.0)	(15.0, 32.0)	(16.0, 348.0)	(17.0, 635.0)	(18.0, 538.0)	(19.0, 690.0)	(20.0, 1168.0)	(21.0, 1359.0)	(22.0, 1505.0)	(23.0, 2014.0)	(24.0, 2219.0)	(25.0, 3788.0)	(26.0, 4700.0)	(27.0, 4963.0)	(28.0, 6635.0)	(29.0, 8491.0)	(30.0, 10800.0)	(31.0, 13124.0)	(32.0, 15974.0)	(33.0, 18240.0)	(34.0, 20603.0)	(35.0, 22936.0)	(36.0, 28392.0)	(37.0, 34649.0)	(38.0, 63633.0)	(39.0, 704828.0)	(40.0, 39671.0)												
092023-BEL-CBC-T4-96-MCAV_S36_R2_16S	(15.0, 35.0)	(16.0, 226.0)	(17.0, 358.0)	(18.0, 366.0)	(19.0, 470.0)	(20.0, 635.0)	(21.0, 716.0)	(22.0, 795.0)	(23.0, 986.0)	(24.0, 1166.0)	(25.0, 1587.0)	(26.0, 1902.0)	(27.0, 2243.0)	(28.0, 2795.0)	(29.0, 3440.0)	(30.0, 3913.0)	(31.0, 4609.0)	(32.0, 5507.0)	(33.0, 6258.0)	(34.0, 7589.0)	(35.0, 9542.0)	(36.0, 13574.0)	(37.0, 24613.0)	(38.0, 87384.0)	(39.0, 336909.0)	(40.0, 7463.0)													
112023-BEL-CBC-T1-274-PAST_S2_R2_16S	(11.0, 1.0)	(12.0, 0.0)	(13.0, 1.0)	(14.0, 3.0)	(15.0, 35.0)	(16.0, 313.0)	(17.0, 620.0)	(18.0, 653.0)	(19.0, 645.0)	(20.0, 888.0)	(21.0, 959.0)	(22.0, 1078.0)	(23.0, 1149.0)	(24.0, 1488.0)	(25.0, 1737.0)	(26.0, 2198.0)	(27.0, 2830.0)	(28.0, 3793.0)	(29.0, 4993.0)	(30.0, 6169.0)	(31.0, 7660.0)	(32.0, 9737.0)	(33.0, 11816.0)	(34.0, 14396.0)	(35.0, 16338.0)	(36.0, 21648.0)	(37.0, 33529.0)	(38.0, 106881.0)	(39.0, 363387.0)	(40.0, 1355.0)									
112023-BEL-CBC-T1-275-SSID_S85_R2_16S	(14.0, 3.0)	(15.0, 57.0)	(16.0, 337.0)	(17.0, 571.0)	(18.0, 616.0)	(19.0, 861.0)	(20.0, 1122.0)	(21.0, 1280.0)	(22.0, 1268.0)	(23.0, 1249.0)	(24.0, 1457.0)	(25.0, 1643.0)	(26.0, 1909.0)	(27.0, 2127.0)	(28.0, 2474.0)	(29.0, 2961.0)	(30.0, 3459.0)	(31.0, 4109.0)	(32.0, 5168.0)	(33.0, 6069.0)	(34.0, 7691.0)	(35.0, 10259.0)	(36.0, 15048.0)	(37.0, 27194.0)	(38.0, 92525.0)	(39.0, 692312.0)	(40.0, 10113.0)												
112023-BEL-CBC-T2-305-PAST_S68_R2_16S	(14.0, 1.0)	(15.0, 28.0)	(16.0, 153.0)	(17.0, 296.0)	(18.0, 264.0)	(19.0, 368.0)	(20.0, 758.0)	(21.0, 862.0)	(22.0, 840.0)	(23.0, 828.0)	(24.0, 830.0)	(25.0, 953.0)	(26.0, 1054.0)	(27.0, 1252.0)	(28.0, 1511.0)	(29.0, 1814.0)	(30.0, 2140.0)	(31.0, 2620.0)	(32.0, 3087.0)	(33.0, 3771.0)	(34.0, 4768.0)	(35.0, 6208.0)	(36.0, 8853.0)	(37.0, 14918.0)	(38.0, 48873.0)	(39.0, 445030.0)	(40.0, 5975.0)												
112023-BEL-CBC-T2-306-MCAV_S53_R2_16S	(15.0, 12.0)	(16.0, 171.0)	(17.0, 313.0)	(18.0, 263.0)	(19.0, 270.0)	(20.0, 431.0)	(21.0, 526.0)	(22.0, 720.0)	(23.0, 961.0)	(24.0, 895.0)	(25.0, 1628.0)	(26.0, 1300.0)	(27.0, 1112.0)	(28.0, 1308.0)	(29.0, 1421.0)	(30.0, 1521.0)	(31.0, 1824.0)	(32.0, 2059.0)	(33.0, 2697.0)	(34.0, 3445.0)	(35.0, 4522.0)	(36.0, 6872.0)	(37.0, 11426.0)	(38.0, 31508.0)	(39.0, 459991.0)	(40.0, 45589.0)													
112023-BEL-CBC-T2-313-SSID_S32_R2_16S	(14.0, 2.0)	(15.0, 46.0)	(16.0, 286.0)	(17.0, 440.0)	(18.0, 417.0)	(19.0, 517.0)	(20.0, 776.0)	(21.0, 880.0)	(22.0, 876.0)	(23.0, 907.0)	(24.0, 1003.0)	(25.0, 1151.0)	(26.0, 1313.0)	(27.0, 1496.0)	(28.0, 1934.0)	(29.0, 2226.0)	(30.0, 2679.0)	(31.0, 3126.0)	(32.0, 3947.0)	(33.0, 4595.0)	(34.0, 5882.0)	(35.0, 7811.0)	(36.0, 11578.0)	(37.0, 21361.0)	(38.0, 81647.0)	(39.0, 558164.0)	(40.0, 9416.0)												
112023-BEL-CBC-T2-314-SSID_S93_R2_16S	(14.0, 2.0)	(15.0, 56.0)	(16.0, 526.0)	(17.0, 831.0)	(18.0, 886.0)	(19.0, 1273.0)	(20.0, 1717.0)	(21.0, 1826.0)	(22.0, 1883.0)	(23.0, 2036.0)	(24.0, 2382.0)	(25.0, 2827.0)	(26.0, 3671.0)	(27.0, 4899.0)	(28.0, 6440.0)	(29.0, 8094.0)	(30.0, 9676.0)	(31.0, 11234.0)	(32.0, 13425.0)	(33.0, 15820.0)	(34.0, 18146.0)	(35.0, 21821.0)	(36.0, 28706.0)	(37.0, 43616.0)	(38.0, 130556.0)	(39.0, 985752.0)	(40.0, 15401.0)												
112023-BEL-CBC-T3-353-MCAV_S35_R2_16S	(14.0, 3.0)	(15.0, 78.0)	(16.0, 802.0)	(17.0, 1573.0)	(18.0, 1249.0)	(19.0, 1420.0)	(20.0, 1748.0)	(21.0, 1838.0)	(22.0, 2601.0)	(23.0, 3844.0)	(24.0, 3458.0)	(25.0, 6251.0)	(26.0, 5756.0)	(27.0, 4716.0)	(28.0, 5309.0)	(29.0, 5981.0)	(30.0, 6319.0)	(31.0, 7020.0)	(32.0, 8671.0)	(33.0, 11057.0)	(34.0, 13978.0)	(35.0, 18429.0)	(36.0, 27252.0)	(37.0, 46680.0)	(38.0, 128856.0)	(39.0, 2102599.0)	(40.0, 248522.0)												
112023-BEL-CBC-T3-354-PSTR_S26_R2_16S	(12.0, 1.0)	(13.0, 0.0)	(14.0, 0.0)	(15.0, 36.0)	(16.0, 440.0)	(17.0, 1022.0)	(18.0, 825.0)	(19.0, 868.0)	(20.0, 1006.0)	(21.0, 1071.0)	(22.0, 1228.0)	(23.0, 2169.0)	(24.0, 2069.0)	(25.0, 3013.0)	(26.0, 3701.0)	(27.0, 2951.0)	(28.0, 3607.0)	(29.0, 3951.0)	(30.0, 4630.0)	(31.0, 5381.0)	(32.0, 6935.0)	(33.0, 8278.0)	(34.0, 10358.0)	(35.0, 12861.0)	(36.0, 18364.0)	(37.0, 29526.0)	(38.0, 73290.0)	(39.0, 1166401.0)	(40.0, 132134.0)										
112023-BEL-CBC-T3-357-OFAV_S10_R2_16S	(14.0, 1.0)	(15.0, 20.0)	(16.0, 138.0)	(17.0, 428.0)	(18.0, 414.0)	(19.0, 420.0)	(20.0, 450.0)	(21.0, 454.0)	(22.0, 644.0)	(23.0, 1025.0)	(24.0, 985.0)	(25.0, 1573.0)	(26.0, 1732.0)	(27.0, 1396.0)	(28.0, 1586.0)	(29.0, 1776.0)	(30.0, 1953.0)	(31.0, 2180.0)	(32.0, 2772.0)	(33.0, 3489.0)	(34.0, 4518.0)	(35.0, 6014.0)	(36.0, 9133.0)	(37.0, 15723.0)	(38.0, 46137.0)	(39.0, 531061.0)	(40.0, 27877.0)												
112023-BEL-CBC-T3-359-PAST_S38_R2_16S	(14.0, 2.0)	(15.0, 67.0)	(16.0, 321.0)	(17.0, 564.0)	(18.0, 635.0)	(19.0, 884.0)	(20.0, 1097.0)	(21.0, 1175.0)	(22.0, 1213.0)	(23.0, 1250.0)	(24.0, 1409.0)	(25.0, 1696.0)	(26.0, 2079.0)	(27.0, 2505.0)	(28.0, 3135.0)	(29.0, 4088.0)	(30.0, 5247.0)	(31.0, 6500.0)	(32.0, 8465.0)	(33.0, 10699.0)	(34.0, 12888.0)	(35.0, 15315.0)	(36.0, 21039.0)	(37.0, 34274.0)	(38.0, 74151.0)	(39.0, 421200.0)	(40.0, 2793.0)												
112023-BEL-CBC-T4-397-PSTR_S20_R2_16S	(15.0, 37.0)	(16.0, 429.0)	(17.0, 970.0)	(18.0, 800.0)	(19.0, 887.0)	(20.0, 954.0)	(21.0, 1034.0)	(22.0, 1329.0)	(23.0, 2302.0)	(24.0, 2033.0)	(25.0, 3325.0)	(26.0, 3936.0)	(27.0, 3124.0)	(28.0, 3690.0)	(29.0, 4321.0)	(30.0, 4816.0)	(31.0, 5701.0)	(32.0, 6996.0)	(33.0, 8758.0)	(34.0, 10897.0)	(35.0, 13905.0)	(36.0, 19933.0)	(37.0, 32166.0)	(38.0, 82656.0)	(39.0, 1356144.0)	(40.0, 119914.0)													
112023-BEL-CBC-T4-398-PSTR_S59_R2_16S	(15.0, 42.0)	(16.0, 331.0)	(17.0, 799.0)	(18.0, 674.0)	(19.0, 842.0)	(20.0, 1431.0)	(21.0, 1687.0)	(22.0, 1810.0)	(23.0, 2696.0)	(24.0, 2345.0)	(25.0, 3788.0)	(26.0, 4339.0)	(27.0, 3605.0)	(28.0, 4260.0)	(29.0, 4656.0)	(30.0, 5319.0)	(31.0, 6195.0)	(32.0, 7602.0)	(33.0, 9655.0)	(34.0, 12036.0)	(35.0, 15226.0)	(36.0, 22001.0)	(37.0, 39804.0)	(38.0, 133638.0)	(39.0, 1249699.0)	(40.0, 108759.0)													
122022-BEL-CBC-T1-150-PAST_S31_R2_16S	(9.0, 1.0)	(10.0, 0.0)	(11.0, 0.0)	(12.0, 0.0)	(13.0, 0.0)	(14.0, 3.0)	(15.0, 64.0)	(16.0, 341.0)	(17.0, 483.0)	(18.0, 529.0)	(19.0, 734.0)	(20.0, 964.0)	(21.0, 1101.0)	(22.0, 1121.0)	(23.0, 1152.0)	(24.0, 1214.0)	(25.0, 1369.0)	(26.0, 1608.0)	(27.0, 1867.0)	(28.0, 2301.0)	(29.0, 2793.0)	(30.0, 3347.0)	(31.0, 3972.0)	(32.0, 4780.0)	(33.0, 5826.0)	(34.0, 7307.0)	(35.0, 8980.0)	(36.0, 13217.0)	(37.0, 22524.0)	(38.0, 77690.0)	(39.0, 463276.0)	(40.0, 2504.0)							
122022-BEL-CBC-T1-156-SSID_S22_R2_16S	(15.0, 104.0)	(16.0, 502.0)	(17.0, 806.0)	(18.0, 843.0)	(19.0, 1077.0)	(20.0, 1351.0)	(21.0, 1455.0)	(22.0, 1412.0)	(23.0, 1559.0)	(24.0, 1826.0)	(25.0, 2130.0)	(26.0, 2560.0)	(27.0, 3028.0)	(28.0, 3698.0)	(29.0, 4325.0)	(30.0, 5010.0)	(31.0, 5784.0)	(32.0, 7222.0)	(33.0, 8884.0)	(34.0, 11079.0)	(35.0, 14305.0)	(36.0, 21384.0)	(37.0, 37254.0)	(38.0, 123973.0)	(39.0, 805876.0)	(40.0, 5103.0)													
122022-BEL-CBC-T1-158-PAST_S60_R2_16S	(15.0, 36.0)	(16.0, 250.0)	(17.0, 416.0)	(18.0, 416.0)	(19.0, 604.0)	(20.0, 1132.0)	(21.0, 1403.0)	(22.0, 1557.0)	(23.0, 1834.0)	(24.0, 2277.0)	(25.0, 2932.0)	(26.0, 4243.0)	(27.0, 5632.0)	(28.0, 7507.0)	(29.0, 9642.0)	(30.0, 11884.0)	(31.0, 14319.0)	(32.0, 16531.0)	(33.0, 18372.0)	(34.0, 20182.0)	(35.0, 22274.0)	(36.0, 24166.0)	(37.0, 29398.0)	(38.0, 75340.0)	(39.0, 379784.0)	(40.0, 4387.0)													
122022-BEL-CBC-T2-87-OFAV_S88_R2_16S	(14.0, 2.0)	(15.0, 50.0)	(16.0, 380.0)	(17.0, 733.0)	(18.0, 705.0)	(19.0, 841.0)	(20.0, 1031.0)	(21.0, 1142.0)	(22.0, 1238.0)	(23.0, 1788.0)	(24.0, 2007.0)	(25.0, 2819.0)	(26.0, 3206.0)	(27.0, 3135.0)	(28.0, 3635.0)	(29.0, 4327.0)	(30.0, 5262.0)	(31.0, 6334.0)	(32.0, 7955.0)	(33.0, 10054.0)	(34.0, 12373.0)	(35.0, 14860.0)	(36.0, 20349.0)	(37.0, 30922.0)	(38.0, 79206.0)	(39.0, 788096.0)	(40.0, 27664.0)												
122022-BEL-CBC-T2-92-MCAV_S28_R2_16S	(15.0, 25.0)	(16.0, 215.0)	(17.0, 384.0)	(18.0, 301.0)	(19.0, 310.0)	(20.0, 391.0)	(21.0, 360.0)	(22.0, 494.0)	(23.0, 850.0)	(24.0, 745.0)	(25.0, 1469.0)	(26.0, 1131.0)	(27.0, 973.0)	(28.0, 1129.0)	(29.0, 1306.0)	(30.0, 1441.0)	(31.0, 1662.0)	(32.0, 1995.0)	(33.0, 2546.0)	(34.0, 3325.0)	(35.0, 4468.0)	(36.0, 6691.0)	(37.0, 11588.0)	(38.0, 31354.0)	(39.0, 519489.0)	(40.0, 45948.0)													
122022-BEL-CBC-T3-116-PAST_S50_R2_16S	(15.0, 27.0)	(16.0, 223.0)	(17.0, 411.0)	(18.0, 351.0)	(19.0, 443.0)	(20.0, 818.0)	(21.0, 991.0)	(22.0, 1043.0)	(23.0, 988.0)	(24.0, 1015.0)	(25.0, 1194.0)	(26.0, 1250.0)	(27.0, 1341.0)	(28.0, 1601.0)	(29.0, 1918.0)	(30.0, 2101.0)	(31.0, 2469.0)	(32.0, 2952.0)	(33.0, 3839.0)	(34.0, 4735.0)	(35.0, 6355.0)	(36.0, 9252.0)	(37.0, 16085.0)	(38.0, 51622.0)	(39.0, 526756.0)	(40.0, 9238.0)													
122022-BEL-CBC-T3-151-PSTR_S43_R2_16S	(12.0, 1.0)	(13.0, 1.0)	(14.0, 2.0)	(15.0, 36.0)	(16.0, 280.0)	(17.0, 462.0)	(18.0, 407.0)	(19.0, 509.0)	(20.0, 635.0)	(21.0, 715.0)	(22.0, 820.0)	(23.0, 1149.0)	(24.0, 1152.0)	(25.0, 1477.0)	(26.0, 1891.0)	(27.0, 1958.0)	(28.0, 2627.0)	(29.0, 3029.0)	(30.0, 3663.0)	(31.0, 4347.0)	(32.0, 5318.0)	(33.0, 6012.0)	(34.0, 7333.0)	(35.0, 8712.0)	(36.0, 12068.0)	(37.0, 19317.0)	(38.0, 59642.0)	(39.0, 435858.0)	(40.0, 31704.0)										
122022-BEL-CBC-T4-1-OFAV_S92_R2_16S	(15.0, 31.0)	(16.0, 241.0)	(17.0, 478.0)	(18.0, 510.0)	(19.0, 573.0)	(20.0, 677.0)	(21.0, 697.0)	(22.0, 782.0)	(23.0, 1184.0)	(24.0, 1534.0)	(25.0, 2191.0)	(26.0, 2204.0)	(27.0, 1751.0)	(28.0, 1893.0)	(29.0, 2118.0)	(30.0, 2216.0)	(31.0, 2603.0)	(32.0, 3157.0)	(33.0, 4005.0)	(34.0, 5275.0)	(35.0, 6780.0)	(36.0, 10288.0)	(37.0, 18353.0)	(38.0, 58413.0)	(39.0, 630141.0)	(40.0, 26866.0)													
122022-BEL-CBC-T4-11-MCAV_S9_R2_16S	(14.0, 1.0)	(15.0, 21.0)	(16.0, 92.0)	(17.0, 268.0)	(18.0, 261.0)	(19.0, 270.0)	(20.0, 336.0)	(21.0, 441.0)	(22.0, 577.0)	(23.0, 721.0)	(24.0, 797.0)	(25.0, 1189.0)	(26.0, 1143.0)	(27.0, 1251.0)	(28.0, 1404.0)	(29.0, 1615.0)	(30.0, 1783.0)	(31.0, 2108.0)	(32.0, 2739.0)	(33.0, 3283.0)	(34.0, 4354.0)	(35.0, 5894.0)	(36.0, 9697.0)	(37.0, 28274.0)	(38.0, 137940.0)	(39.0, 257466.0)	(40.0, 5649.0)												
122023-BEL-CBC-T1-506-PAST_S52_R2_16S	(15.0, 18.0)	(16.0, 208.0)	(17.0, 317.0)	(18.0, 356.0)	(19.0, 429.0)	(20.0, 755.0)	(21.0, 993.0)	(22.0, 910.0)	(23.0, 955.0)	(24.0, 1107.0)	(25.0, 1274.0)	(26.0, 1456.0)	(27.0, 1772.0)	(28.0, 2264.0)	(29.0, 2722.0)	(30.0, 3404.0)	(31.0, 4107.0)	(32.0, 4746.0)	(33.0, 5672.0)	(34.0, 6834.0)	(35.0, 8359.0)	(36.0, 11445.0)	(37.0, 17832.0)	(38.0, 57004.0)	(39.0, 478258.0)	(40.0, 6747.0)													
122023-BEL-CBC-T1-510-PSTR_S65_R2_16S	(14.0, 1.0)	(15.0, 13.0)	(16.0, 152.0)	(17.0, 348.0)	(18.0, 262.0)	(19.0, 295.0)	(20.0, 572.0)	(21.0, 643.0)	(22.0, 787.0)	(23.0, 1069.0)	(24.0, 905.0)	(25.0, 1425.0)	(26.0, 1747.0)	(27.0, 1532.0)	(28.0, 1748.0)	(29.0, 2044.0)	(30.0, 2274.0)	(31.0, 2505.0)	(32.0, 3098.0)	(33.0, 3742.0)	(34.0, 4679.0)	(35.0, 5975.0)	(36.0, 8373.0)	(37.0, 13775.0)	(38.0, 37870.0)	(39.0, 493374.0)	(40.0, 32754.0)												
122023-BEL-CBC-T2-512-OFAV_S45_R2_16S	(15.0, 13.0)	(16.0, 185.0)	(17.0, 350.0)	(18.0, 295.0)	(19.0, 312.0)	(20.0, 507.0)	(21.0, 644.0)	(22.0, 749.0)	(23.0, 988.0)	(24.0, 1055.0)	(25.0, 1794.0)	(26.0, 1957.0)	(27.0, 1672.0)	(28.0, 1983.0)	(29.0, 2239.0)	(30.0, 2520.0)	(31.0, 2892.0)	(32.0, 3304.0)	(33.0, 4117.0)	(34.0, 5052.0)	(35.0, 6362.0)	(36.0, 8919.0)	(37.0, 14879.0)	(38.0, 41067.0)	(39.0, 515698.0)	(40.0, 42695.0)													
122023-BEL-CBC-T3-523-MCAV_S49_R2_16S	(15.0, 15.0)	(16.0, 142.0)	(17.0, 274.0)	(18.0, 204.0)	(19.0, 243.0)	(20.0, 434.0)	(21.0, 511.0)	(22.0, 648.0)	(23.0, 895.0)	(24.0, 754.0)	(25.0, 1365.0)	(26.0, 1218.0)	(27.0, 996.0)	(28.0, 1163.0)	(29.0, 1312.0)	(30.0, 1365.0)	(31.0, 1647.0)	(32.0, 1999.0)	(33.0, 2625.0)	(34.0, 3235.0)	(35.0, 4275.0)	(36.0, 6395.0)	(37.0, 10826.0)	(38.0, 29194.0)	(39.0, 438417.0)	(40.0, 33025.0)													
122023-BEL-CBC-T3-528-PAST_S82_R2_16S	(11.0, 1.0)	(12.0, 1.0)	(13.0, 0.0)	(14.0, 6.0)	(15.0, 56.0)	(16.0, 452.0)	(17.0, 693.0)	(18.0, 627.0)	(19.0, 776.0)	(20.0, 1430.0)	(21.0, 1862.0)	(22.0, 1813.0)	(23.0, 1822.0)	(24.0, 2110.0)	(25.0, 2384.0)	(26.0, 2886.0)	(27.0, 3526.0)	(28.0, 4501.0)	(29.0, 5977.0)	(30.0, 7717.0)	(31.0, 10033.0)	(32.0, 13161.0)	(33.0, 16624.0)	(34.0, 19557.0)	(35.0, 23152.0)	(36.0, 29350.0)	(37.0, 38787.0)	(38.0, 81058.0)	(39.0, 790101.0)	(40.0, 14873.0)									
122023-BEL-CBC-T3-529-MCAV_S71_R2_16S	(14.0, 2.0)	(15.0, 28.0)	(16.0, 258.0)	(17.0, 535.0)	(18.0, 384.0)	(19.0, 506.0)	(20.0, 872.0)	(21.0, 972.0)	(22.0, 1148.0)	(23.0, 1548.0)	(24.0, 1427.0)	(25.0, 2616.0)	(26.0, 2059.0)	(27.0, 1861.0)	(28.0, 2095.0)	(29.0, 2266.0)	(30.0, 2500.0)	(31.0, 2914.0)	(32.0, 3384.0)	(33.0, 4306.0)	(34.0, 5394.0)	(35.0, 7189.0)	(36.0, 10651.0)	(37.0, 17701.0)	(38.0, 49581.0)	(39.0, 733932.0)	(40.0, 69851.0)												
122023-BEL-CBC-T3-533-OFAV_S61_R2_16S	(15.0, 22.0)	(16.0, 163.0)	(17.0, 312.0)	(18.0, 252.0)	(19.0, 289.0)	(20.0, 548.0)	(21.0, 673.0)	(22.0, 735.0)	(23.0, 906.0)	(24.0, 975.0)	(25.0, 1637.0)	(26.0, 1704.0)	(27.0, 1449.0)	(28.0, 1581.0)	(29.0, 1702.0)	(30.0, 1953.0)	(31.0, 2243.0)	(32.0, 2651.0)	(33.0, 3310.0)	(34.0, 4132.0)	(35.0, 5543.0)	(36.0, 8324.0)	(37.0, 14906.0)	(38.0, 48156.0)	(39.0, 484161.0)	(40.0, 32025.0)													
122023-BEL-CBC-T4-535-MCAV_S72_R2_16S	(15.0, 27.0)	(16.0, 278.0)	(17.0, 592.0)	(18.0, 430.0)	(19.0, 508.0)	(20.0, 892.0)	(21.0, 1014.0)	(22.0, 1347.0)	(23.0, 1691.0)	(24.0, 1543.0)	(25.0, 2963.0)	(26.0, 2431.0)	(27.0, 2148.0)	(28.0, 2410.0)	(29.0, 2669.0)	(30.0, 2937.0)	(31.0, 3286.0)	(32.0, 3950.0)	(33.0, 4915.0)	(34.0, 6429.0)	(35.0, 8690.0)	(36.0, 12791.0)	(37.0, 21837.0)	(38.0, 62446.0)	(39.0, 881748.0)	(40.0, 78519.0)													
122023-BEL-CBC-T4-537-PSTR_S46_R2_16S	(14.0, 2.0)	(15.0, 9.0)	(16.0, 183.0)	(17.0, 418.0)	(18.0, 324.0)	(19.0, 354.0)	(20.0, 581.0)	(21.0, 741.0)	(22.0, 879.0)	(23.0, 1247.0)	(24.0, 1070.0)	(25.0, 1750.0)	(26.0, 1960.0)	(27.0, 1712.0)	(28.0, 1905.0)	(29.0, 2065.0)	(30.0, 2377.0)	(31.0, 2625.0)	(32.0, 3270.0)	(33.0, 4210.0)	(34.0, 5315.0)	(35.0, 7135.0)	(36.0, 14440.0)	(37.0, 31740.0)	(38.0, 39068.0)	(39.0, 549150.0)	(40.0, 50240.0)												
122023-BEL-CBC-T4-540-MCAV_S8_R2_16S	(14.0, 1.0)	(15.0, 31.0)	(16.0, 247.0)	(17.0, 594.0)	(18.0, 612.0)	(19.0, 591.0)	(20.0, 791.0)	(21.0, 776.0)	(22.0, 1197.0)	(23.0, 1431.0)	(24.0, 1367.0)	(25.0, 2672.0)	(26.0, 1934.0)	(27.0, 1948.0)	(28.0, 2232.0)	(29.0, 2470.0)	(30.0, 2818.0)	(31.0, 3283.0)	(32.0, 4113.0)	(33.0, 5494.0)	(34.0, 6921.0)	(35.0, 9651.0)	(36.0, 14883.0)	(37.0, 26539.0)	(38.0, 83837.0)	(39.0, 861507.0)	(40.0, 30704.0)												
Negative_S96_R2_16S	(14.0, 1.0)	(15.0, 7.0)	(16.0, 32.0)	(17.0, 78.0)	(18.0, 50.0)	(19.0, 75.0)	(20.0, 65.0)	(21.0, 61.0)	(22.0, 72.0)	(23.0, 71.0)	(24.0, 89.0)	(25.0, 111.0)	(26.0, 108.0)	(27.0, 100.0)	(28.0, 97.0)	(29.0, 142.0)	(30.0, 149.0)	(31.0, 207.0)	(32.0, 207.0)	(33.0, 257.0)	(34.0, 340.0)	(35.0, 478.0)	(36.0, 677.0)	(37.0, 1450.0)	(38.0, 6355.0)	(39.0, 19905.0)	(40.0, 230.0)												
Undetermined_S0_R2_16S	(2.0, 36526.0)	(3.0, 3605.0)	(4.0, 2360.0)	(5.0, 1551.0)	(6.0, 1696.0)	(7.0, 1486.0)	(8.0, 1784.0)	(9.0, 2566.0)	(10.0, 3012.0)	(11.0, 2677.0)	(12.0, 2845.0)	(13.0, 2730.0)	(14.0, 3234.0)	(15.0, 8558.0)	(16.0, 26191.0)	(17.0, 34502.0)	(18.0, 41154.0)	(19.0, 80429.0)	(20.0, 104890.0)	(21.0, 48201.0)	(22.0, 30088.0)	(23.0, 28311.0)	(24.0, 47492.0)	(25.0, 54089.0)	(26.0, 34031.0)	(27.0, 29992.0)	(28.0, 29087.0)	(29.0, 28657.0)	(30.0, 28478.0)	(31.0, 29287.0)	(32.0, 32752.0)	(33.0, 39396.0)	(34.0, 56318.0)	(35.0, 86586.0)	(36.0, 115655.0)	(37.0, 191816.0)	(38.0, 635459.0)	(39.0, 2329763.0)	(40.0, 70074.0)
