Sample	0	1	2	3	4	5	6	7	8	9	10	11	12	13	14	15	16	17	18	19	20	21	22	23	24	25	26	27	28	29	30	31	32	33	34	35	36	37	38	39	40	41	42	43	44	45	46	47	48
012024_BEL_CBC_T1_565_PAST_S53_R2_16S	(200, 1.0)	(202, 0.0)	(204, 0.0)	(206, 1.0)	(208, 0.0)	(210, 0.0)	(212, 0.0)	(214, 1.0)	(216, 4.0)	(218, 5.0)	(220, 7.0)	(222, 6.0)	(224, 2.0)	(226, 9.0)	(228, 3326.0)	(230, 1165147.0)	(232, 5360.0)	(234, 32.0)	(236, 39.0)	(238, 10.0)	(240, 4.0)	(242, 0.0)	(244, 0.0)	(246, 3.0)	(248, 4215.0)	(250, 36728.0)																							
012024_BEL_CBC_T2_585_OFAV_S43_R2_16S	(210, 1.0)	(211, 1.0)	(212, 3.0)	(213, 0.0)	(214, 2.0)	(215, 1.0)	(216, 1.0)	(217, 0.0)	(218, 0.0)	(219, 1.0)	(220, 1.0)	(221, 3.0)	(222, 2.0)	(223, 2.0)	(224, 3.0)	(225, 1.0)	(226, 0.0)	(227, 11.0)	(228, 738.0)	(229, 957.0)	(230, 1534.0)	(231, 608713.0)	(232, 2864.0)	(233, 40.0)	(234, 19.0)	(235, 4.0)	(236, 8.0)	(237, 14.0)	(238, 9.0)	(239, 0.0)	(240, 3.0)	(241, 0.0)	(242, 1.0)	(243, 0.0)	(244, 0.0)	(245, 0.0)	(246, 0.0)	(247, 0.0)	(248, 4626.0)	(249, 0.0)	(250, 0.0)	(251, 7438.0)							
012024_BEL_CBC_T2_593_MCAV_S6_R2_16S	(200, 1.0)	(202, 1.0)	(204, 0.0)	(206, 0.0)	(208, 0.0)	(210, 0.0)	(212, 1.0)	(214, 2.0)	(216, 1.0)	(218, 1.0)	(220, 3.0)	(222, 1.0)	(224, 10.0)	(226, 1164.0)	(228, 412580.0)	(230, 1269.0)	(232, 46.0)	(234, 23.0)	(236, 30.0)	(238, 7.0)	(240, 2.0)	(242, 0.0)	(244, 0.0)	(246, 0.0)	(248, 58.0)	(250, 3341.0)																							
012024_BEL_CBC_T3_625_SSID_S54_R2_16S	(196, 1.0)	(198, 0.0)	(200, 0.0)	(202, 1.0)	(204, 0.0)	(206, 5.0)	(208, 2.0)	(210, 4.0)	(212, 9.0)	(214, 16.0)	(216, 6.0)	(218, 5.0)	(220, 6.0)	(222, 18.0)	(224, 14.0)	(226, 19.0)	(228, 3622.0)	(230, 2295985.0)	(232, 10476.0)	(234, 54.0)	(236, 48.0)	(238, 26.0)	(240, 18.0)	(242, 5.0)	(244, 0.0)	(246, 4.0)	(248, 3506.0)	(250, 237165.0)																					
012024_BEL_CBC_T3_642_PSTR_S40_R2_16S	(200, 1.0)	(202, 0.0)	(204, 2.0)	(206, 1.0)	(208, 2.0)	(210, 0.0)	(212, 1.0)	(214, 2.0)	(216, 1.0)	(218, 1.0)	(220, 5.0)	(222, 6.0)	(224, 3.0)	(226, 40.0)	(228, 10067.0)	(230, 747979.0)	(232, 3435.0)	(234, 25.0)	(236, 16.0)	(238, 7.0)	(240, 5.0)	(242, 0.0)	(244, 0.0)	(246, 1.0)	(248, 3467.0)	(250, 84275.0)																							
012024_BEL_CBC_T3_644_PSTR_S16_R2_16S	(192, 1.0)	(194, 0.0)	(196, 0.0)	(198, 0.0)	(200, 1.0)	(202, 6.0)	(204, 5.0)	(206, 0.0)	(208, 4.0)	(210, 3.0)	(212, 6.0)	(214, 5.0)	(216, 7.0)	(218, 5.0)	(220, 0.0)	(222, 14.0)	(224, 14.0)	(226, 2681.0)	(228, 1007283.0)	(230, 4758.0)	(232, 114.0)	(234, 45.0)	(236, 39.0)	(238, 24.0)	(240, 11.0)	(242, 2.0)	(244, 0.0)	(246, 0.0)	(248, 505.0)	(250, 12209.0)																			
022024_BEL_CBC_T1_771_PAST_S10_R2_16S	(198, 1.0)	(200, 0.0)	(202, 2.0)	(204, 1.0)	(206, 3.0)	(208, 3.0)	(210, 3.0)	(212, 6.0)	(214, 5.0)	(216, 12.0)	(218, 12.0)	(220, 13.0)	(222, 13.0)	(224, 12.0)	(226, 7269.0)	(228, 1417376.0)	(230, 3797.0)	(232, 178.0)	(234, 74.0)	(236, 53.0)	(238, 24.0)	(240, 13.0)	(242, 0.0)	(244, 0.0)	(246, 3.0)	(248, 774.0)	(250, 18926.0)																						
022024_BEL_CBC_T2_808_PAST_S15_R2_16S	(200, 1.0)	(202, 0.0)	(204, 3.0)	(206, 0.0)	(208, 1.0)	(210, 3.0)	(212, 2.0)	(214, 2.0)	(216, 1.0)	(218, 1.0)	(220, 6.0)	(222, 1.0)	(224, 2.0)	(226, 1372.0)	(228, 440565.0)	(230, 1112.0)	(232, 50.0)	(234, 24.0)	(236, 21.0)	(238, 10.0)	(240, 1.0)	(242, 1.0)	(244, 0.0)	(246, 0.0)	(248, 273.0)	(250, 6244.0)																							
022024_BEL_CBC_T4_872_PSTR_S89_R2_16S	(211, 1.0)	(212, 2.0)	(213, 0.0)	(214, 0.0)	(215, 1.0)	(216, 1.0)	(217, 0.0)	(218, 1.0)	(219, 0.0)	(220, 0.0)	(221, 2.0)	(222, 3.0)	(223, 0.0)	(224, 4.0)	(225, 3.0)	(226, 1.0)	(227, 7.0)	(228, 1587.0)	(229, 395621.0)	(230, 2922.0)	(231, 1189.0)	(232, 24.0)	(233, 20.0)	(234, 10.0)	(235, 5.0)	(236, 7.0)	(237, 4.0)	(238, 7.0)	(239, 4.0)	(240, 3.0)	(241, 3.0)	(242, 0.0)	(243, 0.0)	(244, 0.0)	(245, 0.0)	(246, 1.0)	(247, 0.0)	(248, 26.0)	(249, 0.0)	(250, 0.0)	(251, 11375.0)								
042024_BEL_CBC_T1_1146_OANN_S52_R2_16S	(209, 1.0)	(210, 0.0)	(211, 4.0)	(212, 0.0)	(213, 0.0)	(214, 1.0)	(215, 0.0)	(216, 1.0)	(217, 2.0)	(218, 0.0)	(219, 0.0)	(220, 1.0)	(221, 0.0)	(222, 1.0)	(223, 0.0)	(224, 3.0)	(225, 1.0)	(226, 1.0)	(227, 4.0)	(228, 1386.0)	(229, 1473.0)	(230, 1466.0)	(231, 597938.0)	(232, 2535.0)	(233, 23.0)	(234, 11.0)	(235, 6.0)	(236, 3.0)	(237, 5.0)	(238, 2.0)	(239, 2.0)	(240, 3.0)	(241, 0.0)	(242, 1.0)	(243, 1.0)	(244, 0.0)	(245, 0.0)	(246, 1.0)	(247, 5.0)	(248, 8640.0)	(249, 0.0)	(250, 0.0)	(251, 43731.0)						
042024_BEL_CBC_T1_929_PAST_S8_R2_16S	(202, 3.0)	(204, 1.0)	(206, 0.0)	(208, 2.0)	(210, 3.0)	(212, 1.0)	(214, 6.0)	(216, 8.0)	(218, 5.0)	(220, 9.0)	(222, 11.0)	(224, 16.0)	(226, 7482.0)	(228, 1003618.0)	(230, 2138.0)	(232, 128.0)	(234, 46.0)	(236, 50.0)	(238, 20.0)	(240, 14.0)	(242, 1.0)	(244, 0.0)	(246, 1.0)	(248, 274.0)	(250, 10412.0)																								
042024_BEL_CBC_T1_933_SSID_S82_R2_16S	(206, 1.0)	(207, 0.0)	(208, 2.0)	(209, 1.0)	(210, 0.0)	(211, 3.0)	(212, 0.0)	(213, 0.0)	(214, 0.0)	(215, 1.0)	(216, 0.0)	(217, 1.0)	(218, 0.0)	(219, 1.0)	(220, 1.0)	(221, 1.0)	(222, 4.0)	(223, 3.0)	(224, 4.0)	(225, 3.0)	(226, 3.0)	(227, 10.0)	(228, 3311.0)	(229, 681533.0)	(230, 4747.0)	(231, 3511.0)	(232, 58.0)	(233, 29.0)	(234, 12.0)	(235, 12.0)	(236, 12.0)	(237, 13.0)	(238, 13.0)	(239, 6.0)	(240, 7.0)	(241, 1.0)	(242, 1.0)	(243, 0.0)	(244, 0.0)	(245, 0.0)	(246, 0.0)	(247, 0.0)	(248, 25.0)	(249, 0.0)	(250, 0.0)	(251, 14245.0)			
042024_BEL_CBC_T2_1017_MCAV_S94_R2_16S	(207, 1.0)	(208, 1.0)	(209, 0.0)	(210, 0.0)	(211, 1.0)	(212, 0.0)	(213, 0.0)	(214, 0.0)	(215, 1.0)	(216, 0.0)	(217, 0.0)	(218, 1.0)	(219, 1.0)	(220, 6.0)	(221, 2.0)	(222, 1.0)	(223, 5.0)	(224, 0.0)	(225, 1.0)	(226, 4.0)	(227, 10.0)	(228, 1883.0)	(229, 479043.0)	(230, 3123.0)	(231, 1180.0)	(232, 45.0)	(233, 13.0)	(234, 8.0)	(235, 16.0)	(236, 6.0)	(237, 7.0)	(238, 3.0)	(239, 8.0)	(240, 6.0)	(241, 0.0)	(242, 0.0)	(243, 0.0)	(244, 0.0)	(245, 0.0)	(246, 0.0)	(247, 0.0)	(248, 24.0)	(249, 0.0)	(250, 0.0)	(251, 9866.0)				
042024_BEL_CBC_T2_1028_PAST_S61_R2_16S	(205, 1.0)	(206, 0.0)	(207, 0.0)	(208, 1.0)	(209, 0.0)	(210, 0.0)	(211, 0.0)	(212, 0.0)	(213, 1.0)	(214, 1.0)	(215, 0.0)	(216, 0.0)	(217, 2.0)	(218, 0.0)	(219, 2.0)	(220, 0.0)	(221, 0.0)	(222, 0.0)	(223, 1.0)	(224, 4.0)	(225, 2.0)	(226, 2.0)	(227, 10.0)	(228, 4497.0)	(229, 2125.0)	(230, 1439.0)	(231, 571833.0)	(232, 2579.0)	(233, 21.0)	(234, 13.0)	(235, 8.0)	(236, 4.0)	(237, 6.0)	(238, 5.0)	(239, 1.0)	(240, 4.0)	(241, 2.0)	(242, 1.0)	(243, 0.0)	(244, 0.0)	(245, 0.0)	(246, 0.0)	(247, 2.0)	(248, 5046.0)	(249, 0.0)	(250, 0.0)	(251, 13559.0)		
042024_BEL_CBC_T2_1040_SSID_S34_R2_16S	(204, 1.0)	(205, 0.0)	(206, 0.0)	(207, 0.0)	(208, 0.0)	(209, 0.0)	(210, 1.0)	(211, 2.0)	(212, 1.0)	(213, 3.0)	(214, 2.0)	(215, 1.0)	(216, 0.0)	(217, 0.0)	(218, 2.0)	(219, 1.0)	(220, 1.0)	(221, 2.0)	(222, 3.0)	(223, 2.0)	(224, 1.0)	(225, 4.0)	(226, 2.0)	(227, 20.0)	(228, 2604.0)	(229, 2472.0)	(230, 1997.0)	(231, 748418.0)	(232, 3894.0)	(233, 33.0)	(234, 10.0)	(235, 6.0)	(236, 5.0)	(237, 6.0)	(238, 2.0)	(239, 4.0)	(240, 0.0)	(241, 4.0)	(242, 1.0)	(243, 0.0)	(244, 0.0)	(245, 0.0)	(246, 0.0)	(247, 0.0)	(248, 2920.0)	(249, 0.0)	(250, 0.0)	(251, 49751.0)	
042024_BEL_CBC_T3_947_MCAV_S70_R2_16S	(203, 3.0)	(204, 0.0)	(205, 0.0)	(206, 0.0)	(207, 2.0)	(208, 3.0)	(209, 2.0)	(210, 0.0)	(211, 0.0)	(212, 0.0)	(213, 0.0)	(214, 0.0)	(215, 1.0)	(216, 3.0)	(217, 2.0)	(218, 3.0)	(219, 2.0)	(220, 4.0)	(221, 1.0)	(222, 3.0)	(223, 1.0)	(224, 3.0)	(225, 6.0)	(226, 3.0)	(227, 16.0)	(228, 3959.0)	(229, 701638.0)	(230, 5005.0)	(231, 3990.0)	(232, 75.0)	(233, 20.0)	(234, 21.0)	(235, 12.0)	(236, 8.0)	(237, 15.0)	(238, 13.0)	(239, 3.0)	(240, 2.0)	(241, 5.0)	(242, 1.0)	(243, 1.0)	(244, 0.0)	(245, 0.0)	(246, 0.0)	(247, 0.0)	(248, 63.0)	(249, 0.0)	(250, 0.0)	(251, 5798.0)
042024_BEL_CBC_T3_949_PSTR_S26_R2_16S	(184, 1.0)	(186, 0.0)	(188, 0.0)	(190, 0.0)	(192, 1.0)	(194, 0.0)	(196, 0.0)	(198, 0.0)	(200, 0.0)	(202, 1.0)	(204, 1.0)	(206, 3.0)	(208, 2.0)	(210, 3.0)	(212, 2.0)	(214, 4.0)	(216, 4.0)	(218, 7.0)	(220, 4.0)	(222, 6.0)	(224, 3.0)	(226, 2525.0)	(228, 958685.0)	(230, 8441.0)	(232, 149.0)	(234, 36.0)	(236, 25.0)	(238, 12.0)	(240, 10.0)	(242, 1.0)	(244, 0.0)	(246, 1.0)	(248, 1100.0)	(250, 21281.0)															
042024_BEL_CBC_T3_962_SSID_S51_R2_16S	(212, 2.0)	(213, 0.0)	(214, 0.0)	(215, 0.0)	(216, 0.0)	(217, 0.0)	(218, 0.0)	(219, 0.0)	(220, 1.0)	(221, 0.0)	(222, 0.0)	(223, 0.0)	(224, 0.0)	(225, 0.0)	(226, 0.0)	(227, 6.0)	(228, 1725.0)	(229, 1930.0)	(230, 459.0)	(231, 176543.0)	(232, 868.0)	(233, 11.0)	(234, 7.0)	(235, 1.0)	(236, 3.0)	(237, 1.0)	(238, 2.0)	(239, 1.0)	(240, 0.0)	(241, 1.0)	(242, 0.0)	(243, 0.0)	(244, 0.0)	(245, 0.0)	(246, 0.0)	(247, 0.0)	(248, 3987.0)	(249, 0.0)	(250, 0.0)	(251, 98335.0)									
052022_BEL_CBC_T1_11_PSTR_S85_R2_16S	(205, 2.0)	(206, 0.0)	(207, 0.0)	(208, 0.0)	(209, 1.0)	(210, 0.0)	(211, 0.0)	(212, 1.0)	(213, 1.0)	(214, 0.0)	(215, 0.0)	(216, 0.0)	(217, 0.0)	(218, 2.0)	(219, 1.0)	(220, 8.0)	(221, 2.0)	(222, 2.0)	(223, 0.0)	(224, 1.0)	(225, 4.0)	(226, 4.0)	(227, 10.0)	(228, 2784.0)	(229, 749407.0)	(230, 5382.0)	(231, 2460.0)	(232, 49.0)	(233, 44.0)	(234, 19.0)	(235, 12.0)	(236, 15.0)	(237, 10.0)	(238, 6.0)	(239, 3.0)	(240, 9.0)	(241, 5.0)	(242, 0.0)	(243, 0.0)	(244, 0.0)	(245, 0.0)	(246, 0.0)	(247, 2.0)	(248, 21.0)	(249, 0.0)	(250, 0.0)	(251, 28615.0)		
052022_BEL_CBC_T1_12_MCAV_S24_R2_16S	(194, 1.0)	(196, 0.0)	(198, 0.0)	(200, 0.0)	(202, 1.0)	(204, 1.0)	(206, 1.0)	(208, 0.0)	(210, 0.0)	(212, 1.0)	(214, 3.0)	(216, 0.0)	(218, 2.0)	(220, 5.0)	(222, 3.0)	(224, 5.0)	(226, 878.0)	(228, 322936.0)	(230, 4091.0)	(232, 49.0)	(234, 13.0)	(236, 17.0)	(238, 5.0)	(240, 4.0)	(242, 0.0)	(244, 0.0)	(246, 0.0)	(248, 1318.0)	(250, 20988.0)																				
052022_BEL_CBC_T1_13_MCAV_S75_R2_16S	(192, 1.0)	(194, 0.0)	(196, 0.0)	(198, 0.0)	(200, 0.0)	(202, 0.0)	(204, 0.0)	(206, 0.0)	(208, 1.0)	(210, 2.0)	(212, 1.0)	(214, 1.0)	(216, 3.0)	(218, 0.0)	(220, 0.0)	(222, 2.0)	(224, 5.0)	(226, 9.0)	(228, 467712.0)	(230, 5097.0)	(232, 53.0)	(234, 26.0)	(236, 18.0)	(238, 13.0)	(240, 7.0)	(242, 0.0)	(244, 0.0)	(246, 0.0)	(248, 19.0)	(250, 21453.0)																			
052022_BEL_CBC_T1_39_MCAV_S77_R2_16S	(194, 1.0)	(196, 0.0)	(198, 0.0)	(200, 1.0)	(202, 0.0)	(204, 0.0)	(206, 1.0)	(208, 1.0)	(210, 1.0)	(212, 5.0)	(214, 1.0)	(216, 3.0)	(218, 4.0)	(220, 11.0)	(222, 8.0)	(224, 13.0)	(226, 7.0)	(228, 1095941.0)	(230, 8315.0)	(232, 151.0)	(234, 59.0)	(236, 46.0)	(238, 15.0)	(240, 12.0)	(242, 0.0)	(244, 0.0)	(246, 0.0)	(248, 16.0)	(250, 11948.0)																				
052022_BEL_CBC_T1_40_MCAV_S46_R2_16S	(213, 2.0)	(214, 0.0)	(215, 0.0)	(216, 2.0)	(217, 0.0)	(218, 0.0)	(219, 3.0)	(220, 0.0)	(221, 0.0)	(222, 0.0)	(223, 0.0)	(224, 1.0)	(225, 1.0)	(226, 2.0)	(227, 5.0)	(228, 816.0)	(229, 798.0)	(230, 941.0)	(231, 392934.0)	(232, 1680.0)	(233, 25.0)	(234, 11.0)	(235, 3.0)	(236, 6.0)	(237, 2.0)	(238, 4.0)	(239, 0.0)	(240, 2.0)	(241, 1.0)	(242, 1.0)	(243, 1.0)	(244, 0.0)	(245, 0.0)	(246, 0.0)	(247, 1.0)	(248, 6212.0)	(249, 0.0)	(250, 0.0)	(251, 18411.0)										
052022_BEL_CBC_T1_41_OANN_S4_R2_16S	(196, 1.0)	(198, 0.0)	(200, 0.0)	(202, 1.0)	(204, 0.0)	(206, 0.0)	(208, 4.0)	(210, 2.0)	(212, 2.0)	(214, 2.0)	(216, 3.0)	(218, 5.0)	(220, 1.0)	(222, 4.0)	(224, 2.0)	(226, 1346.0)	(228, 516448.0)	(230, 817.0)	(232, 54.0)	(234, 18.0)	(236, 23.0)	(238, 10.0)	(240, 1.0)	(242, 0.0)	(244, 0.0)	(246, 2.0)	(248, 1083.0)	(250, 18676.0)																					
052022_BEL_CBC_T1_52_PAST_S30_R2_16S	(194, 1.0)	(196, 0.0)	(198, 0.0)	(200, 0.0)	(202, 3.0)	(204, 2.0)	(206, 1.0)	(208, 2.0)	(210, 0.0)	(212, 5.0)	(214, 2.0)	(216, 9.0)	(218, 5.0)	(220, 7.0)	(222, 11.0)	(224, 10.0)	(226, 2481.0)	(228, 920895.0)	(230, 6845.0)	(232, 109.0)	(234, 37.0)	(236, 27.0)	(238, 15.0)	(240, 9.0)	(242, 3.0)	(244, 0.0)	(246, 2.0)	(248, 2554.0)	(250, 52754.0)																				
052022_BEL_CBC_T1_60_MCAV_S92_R2_16S	(204, 2.0)	(205, 0.0)	(206, 1.0)	(207, 0.0)	(208, 0.0)	(209, 0.0)	(210, 1.0)	(211, 0.0)	(212, 0.0)	(213, 0.0)	(214, 2.0)	(215, 0.0)	(216, 0.0)	(217, 1.0)	(218, 4.0)	(219, 0.0)	(220, 0.0)	(221, 0.0)	(222, 1.0)	(223, 1.0)	(224, 4.0)	(225, 1.0)	(226, 5.0)	(227, 2.0)	(228, 1603.0)	(229, 461736.0)	(230, 2986.0)	(231, 792.0)	(232, 41.0)	(233, 22.0)	(234, 14.0)	(235, 6.0)	(236, 8.0)	(237, 5.0)	(238, 2.0)	(239, 7.0)	(240, 4.0)	(241, 2.0)	(242, 0.0)	(243, 1.0)	(244, 0.0)	(245, 0.0)	(246, 0.0)	(247, 0.0)	(248, 16.0)	(249, 0.0)	(250, 0.0)	(251, 5818.0)	
052022_BEL_CBC_T1_70_MCAV_S36_R2_16S	(207, 1.0)	(208, 1.0)	(209, 0.0)	(210, 1.0)	(211, 2.0)	(212, 3.0)	(213, 0.0)	(214, 1.0)	(215, 0.0)	(216, 1.0)	(217, 0.0)	(218, 1.0)	(219, 0.0)	(220, 2.0)	(221, 1.0)	(222, 1.0)	(223, 1.0)	(224, 2.0)	(225, 1.0)	(226, 1.0)	(227, 3.0)	(228, 1594.0)	(229, 1653.0)	(230, 1030.0)	(231, 429645.0)	(232, 1827.0)	(233, 16.0)	(234, 6.0)	(235, 2.0)	(236, 5.0)	(237, 3.0)	(238, 2.0)	(239, 2.0)	(240, 3.0)	(241, 2.0)	(242, 0.0)	(243, 0.0)	(244, 0.0)	(245, 0.0)	(246, 0.0)	(247, 0.0)	(248, 4046.0)	(249, 0.0)	(250, 0.0)	(251, 17199.0)				
052022_BEL_CBC_T2_45_PSTR_S31_R2_16S	(194, 2.0)	(196, 3.0)	(198, 3.0)	(200, 3.0)	(202, 1.0)	(204, 3.0)	(206, 4.0)	(208, 9.0)	(210, 17.0)	(212, 11.0)	(214, 12.0)	(216, 16.0)	(218, 17.0)	(220, 15.0)	(222, 19.0)	(224, 30.0)	(226, 7205.0)	(228, 2741396.0)	(230, 5460.0)	(232, 303.0)	(234, 115.0)	(236, 85.0)	(238, 36.0)	(240, 24.0)	(242, 7.0)	(244, 0.0)	(246, 2.0)	(248, 5204.0)	(250, 104800.0)																				
052022_BEL_CBC_T2_46_PSTR_S68_R2_16S	(202, 1.0)	(204, 4.0)	(206, 2.0)	(208, 1.0)	(210, 2.0)	(212, 2.0)	(214, 2.0)	(216, 0.0)	(218, 0.0)	(220, 2.0)	(222, 3.0)	(224, 6.0)	(226, 17.0)	(228, 630361.0)	(230, 6646.0)	(232, 100.0)	(234, 28.0)	(236, 19.0)	(238, 24.0)	(240, 6.0)	(242, 2.0)	(244, 0.0)	(246, 0.0)	(248, 55.0)	(250, 6932.0)																								
052022_BEL_CBC_T3_50_MCAV_S47_R2_16S	(208, 1.0)	(209, 0.0)	(210, 0.0)	(211, 0.0)	(212, 0.0)	(213, 0.0)	(214, 0.0)	(215, 1.0)	(216, 1.0)	(217, 0.0)	(218, 1.0)	(219, 0.0)	(220, 0.0)	(221, 3.0)	(222, 1.0)	(223, 1.0)	(224, 0.0)	(225, 0.0)	(226, 2.0)	(227, 6.0)	(228, 1640.0)	(229, 709.0)	(230, 617.0)	(231, 244856.0)	(232, 1011.0)	(233, 13.0)	(234, 8.0)	(235, 4.0)	(236, 3.0)	(237, 6.0)	(238, 6.0)	(239, 1.0)	(240, 0.0)	(241, 0.0)	(242, 1.0)	(243, 1.0)	(244, 0.0)	(245, 0.0)	(246, 0.0)	(247, 2.0)	(248, 6577.0)	(249, 0.0)	(250, 0.0)	(251, 33454.0)					
052022_BEL_CBC_T3_54_PAST_S93_R2_16S	(200, 3.0)	(202, 1.0)	(204, 0.0)	(206, 1.0)	(208, 0.0)	(210, 0.0)	(212, 0.0)	(214, 3.0)	(216, 4.0)	(218, 6.0)	(220, 2.0)	(222, 2.0)	(224, 4.0)	(226, 5.0)	(228, 566001.0)	(230, 4851.0)	(232, 72.0)	(234, 12.0)	(236, 28.0)	(238, 16.0)	(240, 10.0)	(242, 0.0)	(244, 0.0)	(246, 1.0)	(248, 9.0)	(250, 13895.0)																							
052022_BEL_CBC_T3_60_MCAV_S80_R2_16S	(198, 1.0)	(200, 0.0)	(202, 0.0)	(204, 0.0)	(206, 0.0)	(208, 2.0)	(210, 0.0)	(212, 2.0)	(214, 5.0)	(216, 3.0)	(218, 9.0)	(220, 3.0)	(222, 6.0)	(224, 5.0)	(226, 23.0)	(228, 904950.0)	(230, 9363.0)	(232, 105.0)	(234, 33.0)	(236, 24.0)	(238, 16.0)	(240, 10.0)	(242, 1.0)	(244, 0.0)	(246, 1.0)	(248, 43.0)	(250, 36864.0)																						
062019_BEL_CBC_T1_18_PAST_S42_R2_16S	(209, 1.0)	(210, 0.0)	(211, 0.0)	(212, 0.0)	(213, 0.0)	(214, 0.0)	(215, 0.0)	(216, 0.0)	(217, 0.0)	(218, 0.0)	(219, 0.0)	(220, 0.0)	(221, 4.0)	(222, 1.0)	(223, 0.0)	(224, 0.0)	(225, 0.0)	(226, 0.0)	(227, 15.0)	(228, 959.0)	(229, 811.0)	(230, 1347.0)	(231, 283291.0)	(232, 1207.0)	(233, 7.0)	(234, 5.0)	(235, 6.0)	(236, 3.0)	(237, 2.0)	(238, 2.0)	(239, 2.0)	(240, 2.0)	(241, 1.0)	(242, 0.0)	(243, 0.0)	(244, 0.0)	(245, 0.0)	(246, 0.0)	(247, 0.0)	(248, 7237.0)	(249, 0.0)	(250, 0.0)	(251, 39268.0)						
062019_BEL_CBC_T1_1_PAST_S7_R2_16S	(192, 3.0)	(194, 0.0)	(196, 0.0)	(198, 0.0)	(200, 0.0)	(202, 1.0)	(204, 0.0)	(206, 2.0)	(208, 1.0)	(210, 0.0)	(212, 0.0)	(214, 1.0)	(216, 0.0)	(218, 2.0)	(220, 1.0)	(222, 2.0)	(224, 4.0)	(226, 1440.0)	(228, 449598.0)	(230, 568.0)	(232, 47.0)	(234, 31.0)	(236, 13.0)	(238, 11.0)	(240, 5.0)	(242, 1.0)	(244, 0.0)	(246, 0.0)	(248, 1223.0)	(250, 21964.0)																			
062019_BEL_CBC_T1_24_MCAV_S69_R2_16S	(198, 1.0)	(200, 0.0)	(202, 0.0)	(204, 0.0)	(206, 3.0)	(208, 0.0)	(210, 1.0)	(212, 4.0)	(214, 1.0)	(216, 1.0)	(218, 6.0)	(220, 5.0)	(222, 5.0)	(224, 4.0)	(226, 14.0)	(228, 580794.0)	(230, 7497.0)	(232, 84.0)	(234, 29.0)	(236, 19.0)	(238, 12.0)	(240, 5.0)	(242, 2.0)	(244, 0.0)	(246, 0.0)	(248, 37.0)	(250, 11088.0)																						
062019_BEL_CBC_T1_3_MCAV_S23_R2_16S	(184, 1.0)	(186, 0.0)	(188, 0.0)	(190, 0.0)	(192, 0.0)	(194, 0.0)	(196, 0.0)	(198, 1.0)	(200, 0.0)	(202, 1.0)	(204, 0.0)	(206, 1.0)	(208, 3.0)	(210, 3.0)	(212, 2.0)	(214, 1.0)	(216, 1.0)	(218, 4.0)	(220, 1.0)	(222, 6.0)	(224, 10.0)	(226, 1188.0)	(228, 451372.0)	(230, 1084.0)	(232, 50.0)	(234, 16.0)	(236, 21.0)	(238, 3.0)	(240, 2.0)	(242, 0.0)	(244, 0.0)	(246, 1.0)	(248, 910.0)	(250, 15575.0)															
062019_BEL_CBC_T1_6_MCAV_S9_R2_16S	(194, 1.0)	(196, 0.0)	(198, 0.0)	(200, 7.0)	(202, 0.0)	(204, 10.0)	(206, 0.0)	(208, 4.0)	(210, 6.0)	(212, 7.0)	(214, 6.0)	(216, 6.0)	(218, 6.0)	(220, 13.0)	(222, 12.0)	(224, 25.0)	(226, 4332.0)	(228, 1667667.0)	(230, 3288.0)	(232, 132.0)	(234, 49.0)	(236, 54.0)	(238, 30.0)	(240, 14.0)	(242, 1.0)	(244, 0.0)	(246, 4.0)	(248, 676.0)	(250, 18779.0)																				
062019_BEL_CBC_T1_8_PAST_S29_R2_16S	(200, 1.0)	(202, 0.0)	(204, 1.0)	(206, 1.0)	(208, 0.0)	(210, 2.0)	(212, 2.0)	(214, 0.0)	(216, 3.0)	(218, 2.0)	(220, 3.0)	(222, 2.0)	(224, 3.0)	(226, 1024.0)	(228, 283590.0)	(230, 5262.0)	(232, 52.0)	(234, 11.0)	(236, 15.0)	(238, 1.0)	(240, 5.0)	(242, 0.0)	(244, 0.0)	(246, 1.0)	(248, 1693.0)	(250, 29239.0)																							
062019_BEL_CBC_T1_9_MCAV_S76_R2_16S	(196, 1.0)	(198, 0.0)	(200, 0.0)	(202, 3.0)	(204, 0.0)	(206, 0.0)	(208, 3.0)	(210, 4.0)	(212, 3.0)	(214, 0.0)	(216, 6.0)	(218, 0.0)	(220, 1.0)	(222, 5.0)	(224, 6.0)	(226, 14.0)	(228, 683319.0)	(230, 5703.0)	(232, 95.0)	(234, 31.0)	(236, 16.0)	(238, 17.0)	(240, 11.0)	(242, 1.0)	(244, 0.0)	(246, 0.0)	(248, 32.0)	(250, 14899.0)																					
062019_BEL_CBC_T2_22_PAST_S60_R2_16S	(204, 1.0)	(205, 0.0)	(206, 0.0)	(207, 0.0)	(208, 2.0)	(209, 1.0)	(210, 0.0)	(211, 0.0)	(212, 1.0)	(213, 2.0)	(214, 0.0)	(215, 2.0)	(216, 3.0)	(217, 0.0)	(218, 2.0)	(219, 1.0)	(220, 1.0)	(221, 3.0)	(222, 2.0)	(223, 1.0)	(224, 5.0)	(225, 3.0)	(226, 4.0)	(227, 20.0)	(228, 4240.0)	(229, 1435.0)	(230, 3077.0)	(231, 1030643.0)	(232, 4518.0)	(233, 54.0)	(234, 20.0)	(235, 7.0)	(236, 7.0)	(237, 19.0)	(238, 3.0)	(239, 2.0)	(240, 2.0)	(241, 2.0)	(242, 0.0)	(243, 0.0)	(244, 0.0)	(245, 0.0)	(246, 0.0)	(247, 2.0)	(248, 5095.0)	(249, 0.0)	(250, 0.0)	(251, 129406.0)	
062019_BEL_CBC_T2_5_MCAV_S20_R2_16S	(205, 1.0)	(206, 1.0)	(207, 0.0)	(208, 0.0)	(209, 2.0)	(210, 0.0)	(211, 1.0)	(212, 1.0)	(213, 0.0)	(214, 1.0)	(215, 0.0)	(216, 1.0)	(217, 0.0)	(218, 1.0)	(219, 1.0)	(220, 1.0)	(221, 0.0)	(222, 1.0)	(223, 0.0)	(224, 0.0)	(225, 3.0)	(226, 1.0)	(227, 634.0)	(228, 244693.0)	(229, 2796.0)	(230, 55.0)	(231, 1584.0)	(232, 20.0)	(233, 8.0)	(234, 7.0)	(235, 6.0)	(236, 6.0)	(237, 5.0)	(238, 1.0)	(239, 4.0)	(240, 0.0)	(241, 0.0)	(242, 0.0)	(243, 0.0)	(244, 0.0)	(245, 0.0)	(246, 0.0)	(247, 1.0)	(248, 729.0)	(249, 0.0)	(250, 0.0)	(251, 12970.0)		
062019_BEL_CBC_T3_11_MCAV_S13_R2_16S	(205, 1.0)	(206, 0.0)	(207, 0.0)	(208, 0.0)	(209, 2.0)	(210, 1.0)	(211, 0.0)	(212, 0.0)	(213, 0.0)	(214, 0.0)	(215, 2.0)	(216, 0.0)	(217, 3.0)	(218, 0.0)	(219, 1.0)	(220, 1.0)	(221, 2.0)	(222, 2.0)	(223, 1.0)	(224, 0.0)	(225, 5.0)	(226, 4.0)	(227, 866.0)	(228, 341929.0)	(229, 4237.0)	(230, 64.0)	(231, 2806.0)	(232, 37.0)	(233, 11.0)	(234, 6.0)	(235, 11.0)	(236, 6.0)	(237, 7.0)	(238, 2.0)	(239, 1.0)	(240, 4.0)	(241, 0.0)	(242, 2.0)	(243, 0.0)	(244, 0.0)	(245, 0.0)	(246, 0.0)	(247, 0.0)	(248, 927.0)	(249, 0.0)	(250, 0.0)	(251, 16201.0)		
062019_BEL_CBC_T3_14_MCAV_S33_R2_16S	(202, 1.0)	(204, 1.0)	(206, 0.0)	(208, 0.0)	(210, 0.0)	(212, 2.0)	(214, 1.0)	(216, 1.0)	(218, 0.0)	(220, 5.0)	(222, 5.0)	(224, 2.0)	(226, 9.0)	(228, 4287.0)	(230, 664839.0)	(232, 2866.0)	(234, 16.0)	(236, 16.0)	(238, 5.0)	(240, 2.0)	(242, 1.0)	(244, 0.0)	(246, 0.0)	(248, 4185.0)	(250, 73311.0)																								
062024_BEL_CBC_T1_1356_PAST_S37_R2_16S	(198, 1.0)	(200, 0.0)	(202, 0.0)	(204, 0.0)	(206, 1.0)	(208, 0.0)	(210, 0.0)	(212, 0.0)	(214, 5.0)	(216, 1.0)	(218, 4.0)	(220, 7.0)	(222, 14.0)	(224, 10.0)	(226, 20.0)	(228, 4231.0)	(230, 1467112.0)	(232, 6775.0)	(234, 40.0)	(236, 34.0)	(238, 19.0)	(240, 10.0)	(242, 0.0)	(244, 0.0)	(246, 0.0)	(248, 2120.0)	(250, 34771.0)																						
062024_BEL_CBC_T2_1372_OFAV_S67_R2_16S	(194, 2.0)	(196, 0.0)	(198, 0.0)	(200, 0.0)	(202, 1.0)	(204, 2.0)	(206, 0.0)	(208, 2.0)	(210, 3.0)	(212, 0.0)	(214, 0.0)	(216, 10.0)	(218, 6.0)	(220, 4.0)	(222, 2.0)	(224, 11.0)	(226, 22.0)	(228, 742380.0)	(230, 9209.0)	(232, 104.0)	(234, 37.0)	(236, 27.0)	(238, 15.0)	(240, 10.0)	(242, 0.0)	(244, 0.0)	(246, 1.0)	(248, 47.0)	(250, 6849.0)																				
062024_BEL_CBC_T2_1384_MCAV_S91_R2_16S	(214, 1.0)	(215, 0.0)	(216, 0.0)	(217, 2.0)	(218, 0.0)	(219, 0.0)	(220, 0.0)	(221, 0.0)	(222, 0.0)	(223, 0.0)	(224, 3.0)	(225, 2.0)	(226, 2.0)	(227, 2.0)	(228, 1121.0)	(229, 212220.0)	(230, 1332.0)	(231, 1026.0)	(232, 13.0)	(233, 15.0)	(234, 6.0)	(235, 9.0)	(236, 3.0)	(237, 4.0)	(238, 3.0)	(239, 1.0)	(240, 1.0)	(241, 1.0)	(242, 0.0)	(243, 0.0)	(244, 0.0)	(245, 0.0)	(246, 0.0)	(247, 0.0)	(248, 16.0)	(249, 0.0)	(250, 0.0)	(251, 2141.0)											
062024_BEL_CBC_T2_1393_PAST_S55_R2_16S	(204, 1.0)	(205, 0.0)	(206, 0.0)	(207, 0.0)	(208, 4.0)	(209, 0.0)	(210, 1.0)	(211, 1.0)	(212, 0.0)	(213, 4.0)	(214, 1.0)	(215, 0.0)	(216, 2.0)	(217, 1.0)	(218, 1.0)	(219, 0.0)	(220, 3.0)	(221, 2.0)	(222, 2.0)	(223, 3.0)	(224, 3.0)	(225, 6.0)	(226, 6.0)	(227, 19.0)	(228, 3747.0)	(229, 1606.0)	(230, 5001.0)	(231, 933941.0)	(232, 4341.0)	(233, 67.0)	(234, 25.0)	(235, 8.0)	(236, 10.0)	(237, 16.0)	(238, 12.0)	(239, 3.0)	(240, 10.0)	(241, 2.0)	(242, 1.0)	(243, 2.0)	(244, 1.0)	(245, 0.0)	(246, 0.0)	(247, 0.0)	(248, 4791.0)	(249, 0.0)	(250, 0.0)	(251, 13053.0)	
062024_BEL_CBC_T2_1399_PAST_S44_R2_16S	(206, 2.0)	(207, 2.0)	(208, 0.0)	(209, 0.0)	(210, 0.0)	(211, 0.0)	(212, 2.0)	(213, 0.0)	(214, 1.0)	(215, 1.0)	(216, 0.0)	(217, 0.0)	(218, 1.0)	(219, 1.0)	(220, 1.0)	(221, 0.0)	(222, 0.0)	(223, 1.0)	(224, 2.0)	(225, 0.0)	(226, 0.0)	(227, 2.0)	(228, 635.0)	(229, 719.0)	(230, 1298.0)	(231, 529212.0)	(232, 2334.0)	(233, 31.0)	(234, 10.0)	(235, 7.0)	(236, 7.0)	(237, 7.0)	(238, 4.0)	(239, 1.0)	(240, 2.0)	(241, 1.0)	(242, 0.0)	(243, 0.0)	(244, 0.0)	(245, 0.0)	(246, 0.0)	(247, 2.0)	(248, 3857.0)	(249, 0.0)	(250, 0.0)	(251, 11345.0)			
062024_BEL_CBC_T2_1402_MCAV_S95_R2_16S	(200, 1.0)	(202, 0.0)	(204, 0.0)	(206, 0.0)	(208, 0.0)	(210, 0.0)	(212, 2.0)	(214, 0.0)	(216, 0.0)	(218, 2.0)	(220, 1.0)	(222, 1.0)	(224, 3.0)	(226, 6.0)	(228, 218160.0)	(230, 1768.0)	(232, 19.0)	(234, 16.0)	(236, 6.0)	(238, 4.0)	(240, 6.0)	(242, 1.0)	(244, 0.0)	(246, 0.0)	(248, 28.0)	(250, 2233.0)																							
062024_BEL_CBC_T3_1418_SSID_S21_R2_16S	(207, 1.0)	(208, 0.0)	(209, 1.0)	(210, 0.0)	(211, 1.0)	(212, 1.0)	(213, 0.0)	(214, 0.0)	(215, 0.0)	(216, 0.0)	(217, 1.0)	(218, 0.0)	(219, 1.0)	(220, 1.0)	(221, 0.0)	(222, 2.0)	(223, 1.0)	(224, 3.0)	(225, 1.0)	(226, 4.0)	(227, 896.0)	(228, 303882.0)	(229, 4337.0)	(230, 68.0)	(231, 2287.0)	(232, 29.0)	(233, 12.0)	(234, 9.0)	(235, 10.0)	(236, 8.0)	(237, 4.0)	(238, 0.0)	(239, 1.0)	(240, 1.0)	(241, 0.0)	(242, 0.0)	(243, 0.0)	(244, 0.0)	(245, 0.0)	(246, 0.0)	(247, 0.0)	(248, 711.0)	(249, 0.0)	(250, 0.0)	(251, 12589.0)				
062024_BEL_CBC_T4_1458_MCAV_S58_R2_16S	(190, 1.0)	(192, 0.0)	(194, 0.0)	(196, 0.0)	(198, 0.0)	(200, 0.0)	(202, 1.0)	(204, 0.0)	(206, 2.0)	(208, 4.0)	(210, 5.0)	(212, 3.0)	(214, 11.0)	(216, 6.0)	(218, 4.0)	(220, 8.0)	(222, 10.0)	(224, 13.0)	(226, 48.0)	(228, 9511.0)	(230, 2873357.0)	(232, 12871.0)	(234, 78.0)	(236, 53.0)	(238, 26.0)	(240, 18.0)	(242, 2.0)	(244, 0.0)	(246, 0.0)	(248, 4979.0)	(250, 22552.0)																		
082024_BEL_CBC_T2_1517_MCAV_S28_R2_16S	(200, 1.0)	(202, 1.0)	(204, 0.0)	(206, 1.0)	(208, 0.0)	(210, 3.0)	(212, 2.0)	(214, 4.0)	(216, 1.0)	(218, 4.0)	(220, 9.0)	(222, 7.0)	(224, 7.0)	(226, 2041.0)	(228, 793121.0)	(230, 4095.0)	(232, 106.0)	(234, 45.0)	(236, 33.0)	(238, 11.0)	(240, 5.0)	(242, 0.0)	(244, 0.0)	(246, 1.0)	(248, 149.0)	(250, 6037.0)																							
082024_BEL_CBC_T3_1559_PSTR_S74_R2_16S	(196, 1.0)	(198, 3.0)	(200, 0.0)	(202, 0.0)	(204, 1.0)	(206, 0.0)	(208, 0.0)	(210, 3.0)	(212, 1.0)	(214, 1.0)	(216, 0.0)	(218, 4.0)	(220, 5.0)	(222, 4.0)	(224, 2.0)	(226, 24.0)	(228, 632126.0)	(230, 6281.0)	(232, 66.0)	(234, 31.0)	(236, 27.0)	(238, 14.0)	(240, 3.0)	(242, 3.0)	(244, 1.0)	(246, 0.0)	(248, 28.0)	(250, 8487.0)																					
082024_BEL_CBC_T3_1564_PAST_S48_R2_16S	(206, 1.0)	(207, 0.0)	(208, 1.0)	(209, 1.0)	(210, 2.0)	(211, 0.0)	(212, 0.0)	(213, 0.0)	(214, 0.0)	(215, 1.0)	(216, 0.0)	(217, 0.0)	(218, 1.0)	(219, 0.0)	(220, 0.0)	(221, 2.0)	(222, 0.0)	(223, 0.0)	(224, 1.0)	(225, 2.0)	(226, 2.0)	(227, 12.0)	(228, 1952.0)	(229, 1649.0)	(230, 1553.0)	(231, 612459.0)	(232, 2769.0)	(233, 35.0)	(234, 12.0)	(235, 10.0)	(236, 1.0)	(237, 6.0)	(238, 5.0)	(239, 0.0)	(240, 1.0)	(241, 0.0)	(242, 0.0)	(243, 0.0)	(244, 0.0)	(245, 0.0)	(246, 0.0)	(247, 1.0)	(248, 5066.0)	(249, 0.0)	(250, 0.0)	(251, 21236.0)			
082024_BEL_CBC_T4_1608_MCAV_S11_R2_16S	(202, 3.0)	(204, 1.0)	(206, 2.0)	(208, 3.0)	(210, 1.0)	(212, 3.0)	(214, 2.0)	(216, 3.0)	(218, 8.0)	(220, 4.0)	(222, 7.0)	(224, 4.0)	(226, 1946.0)	(228, 756604.0)	(230, 2637.0)	(232, 94.0)	(234, 31.0)	(236, 29.0)	(238, 13.0)	(240, 12.0)	(242, 2.0)	(244, 0.0)	(246, 1.0)	(248, 109.0)	(250, 5650.0)																								
092023_BEL_CBC_T1_188_SSID_S3_R2_16S	(207, 1.0)	(208, 0.0)	(209, 0.0)	(210, 0.0)	(211, 0.0)	(212, 0.0)	(213, 0.0)	(214, 2.0)	(215, 0.0)	(216, 1.0)	(217, 4.0)	(218, 1.0)	(219, 1.0)	(220, 1.0)	(221, 0.0)	(222, 7.0)	(223, 2.0)	(224, 2.0)	(225, 2.0)	(226, 4.0)	(227, 1010.0)	(228, 348545.0)	(229, 3682.0)	(230, 33.0)	(231, 856.0)	(232, 26.0)	(233, 18.0)	(234, 8.0)	(235, 10.0)	(236, 5.0)	(237, 6.0)	(238, 2.0)	(239, 2.0)	(240, 1.0)	(241, 1.0)	(242, 2.0)	(243, 0.0)	(244, 0.0)	(245, 0.0)	(246, 0.0)	(247, 0.0)	(248, 2191.0)	(249, 0.0)	(250, 0.0)	(251, 35505.0)				
092023_BEL_CBC_T1_194_SSID_S39_R2_16S	(207, 1.0)	(208, 0.0)	(209, 0.0)	(210, 1.0)	(211, 1.0)	(212, 0.0)	(213, 0.0)	(214, 0.0)	(215, 0.0)	(216, 0.0)	(217, 1.0)	(218, 1.0)	(219, 0.0)	(220, 0.0)	(221, 0.0)	(222, 0.0)	(223, 1.0)	(224, 0.0)	(225, 1.0)	(226, 0.0)	(227, 16.0)	(228, 4601.0)	(229, 2193.0)	(230, 1072.0)	(231, 389871.0)	(232, 1969.0)	(233, 17.0)	(234, 7.0)	(235, 2.0)	(236, 3.0)	(237, 6.0)	(238, 2.0)	(239, 0.0)	(240, 1.0)	(241, 1.0)	(242, 0.0)	(243, 0.0)	(244, 0.0)	(245, 0.0)	(246, 0.0)	(247, 0.0)	(248, 3066.0)	(249, 0.0)	(250, 0.0)	(251, 75449.0)				
092023_BEL_CBC_T2_173_SSID_S14_R2_16S	(206, 2.0)	(207, 1.0)	(208, 1.0)	(209, 1.0)	(210, 2.0)	(211, 2.0)	(212, 4.0)	(213, 1.0)	(214, 5.0)	(215, 0.0)	(216, 4.0)	(217, 7.0)	(218, 9.0)	(219, 2.0)	(220, 3.0)	(221, 4.0)	(222, 9.0)	(223, 4.0)	(224, 11.0)	(225, 7.0)	(226, 5.0)	(227, 3074.0)	(228, 1093820.0)	(229, 16935.0)	(230, 151.0)	(231, 2873.0)	(232, 76.0)	(233, 36.0)	(234, 24.0)	(235, 18.0)	(236, 17.0)	(237, 19.0)	(238, 11.0)	(239, 6.0)	(240, 6.0)	(241, 8.0)	(242, 1.0)	(243, 2.0)	(244, 0.0)	(245, 0.0)	(246, 2.0)	(247, 0.0)	(248, 2072.0)	(249, 0.0)	(250, 0.0)	(251, 53658.0)			
092023_BEL_CBC_T2_192_OFAV_S64_R2_16S	(192, 2.0)	(194, 0.0)	(196, 0.0)	(198, 1.0)	(200, 1.0)	(202, 1.0)	(204, 4.0)	(206, 4.0)	(208, 1.0)	(210, 2.0)	(212, 5.0)	(214, 6.0)	(216, 3.0)	(218, 8.0)	(220, 10.0)	(222, 12.0)	(224, 16.0)	(226, 2165.0)	(228, 784201.0)	(230, 29941.0)	(232, 226.0)	(234, 53.0)	(236, 27.0)	(238, 10.0)	(240, 8.0)	(242, 1.0)	(244, 0.0)	(246, 3.0)	(248, 752.0)	(250, 14902.0)																			
092023_BEL_CBC_T2_196_SSID_S63_R2_16S	(198, 2.0)	(200, 0.0)	(202, 1.0)	(204, 3.0)	(206, 3.0)	(208, 6.0)	(210, 5.0)	(212, 3.0)	(214, 8.0)	(216, 5.0)	(218, 14.0)	(220, 10.0)	(222, 12.0)	(224, 13.0)	(226, 3325.0)	(228, 1165406.0)	(230, 24059.0)	(232, 217.0)	(234, 53.0)	(236, 36.0)	(238, 11.0)	(240, 11.0)	(242, 0.0)	(244, 0.0)	(246, 3.0)	(248, 5802.0)	(250, 106276.0)																						
092023_BEL_CBC_T3_172_PSTR_S57_R2_16S	(202, 1.0)	(204, 1.0)	(206, 0.0)	(208, 0.0)	(210, 1.0)	(212, 2.0)	(214, 2.0)	(216, 2.0)	(218, 5.0)	(220, 9.0)	(222, 0.0)	(224, 2.0)	(226, 23.0)	(228, 7854.0)	(230, 694764.0)	(232, 3422.0)	(234, 20.0)	(236, 15.0)	(238, 10.0)	(240, 7.0)	(242, 2.0)	(244, 0.0)	(246, 2.0)	(248, 2800.0)	(250, 8884.0)																								
092023_BEL_CBC_T3_183_SSID_S79_R2_16S	(203, 1.0)	(204, 0.0)	(205, 0.0)	(206, 0.0)	(207, 0.0)	(208, 0.0)	(209, 0.0)	(210, 0.0)	(211, 1.0)	(212, 2.0)	(213, 0.0)	(214, 1.0)	(215, 1.0)	(216, 0.0)	(217, 0.0)	(218, 1.0)	(219, 1.0)	(220, 4.0)	(221, 4.0)	(222, 3.0)	(223, 5.0)	(224, 2.0)	(225, 8.0)	(226, 3.0)	(227, 12.0)	(228, 3278.0)	(229, 582595.0)	(230, 4097.0)	(231, 637.0)	(232, 41.0)	(233, 35.0)	(234, 11.0)	(235, 9.0)	(236, 11.0)	(237, 12.0)	(238, 9.0)	(239, 4.0)	(240, 2.0)	(241, 4.0)	(242, 1.0)	(243, 0.0)	(244, 0.0)	(245, 0.0)	(246, 0.0)	(247, 0.0)	(248, 43.0)	(249, 0.0)	(250, 0.0)	(251, 12001.0)
092023_BEL_CBC_T3_196_SSID_S25_R2_16S	(200, 2.0)	(202, 0.0)	(204, 0.0)	(206, 0.0)	(208, 1.0)	(210, 3.0)	(212, 0.0)	(214, 3.0)	(216, 1.0)	(218, 0.0)	(220, 3.0)	(222, 2.0)	(224, 2.0)	(226, 1458.0)	(228, 472001.0)	(230, 6699.0)	(232, 62.0)	(234, 25.0)	(236, 15.0)	(238, 6.0)	(240, 3.0)	(242, 0.0)	(244, 0.0)	(246, 1.0)	(248, 2978.0)	(250, 51466.0)																							
092023_BEL_CBC_T4_84_OANN_S12_R2_16S	(212, 1.0)	(213, 0.0)	(214, 0.0)	(215, 0.0)	(216, 4.0)	(217, 1.0)	(218, 0.0)	(219, 0.0)	(220, 1.0)	(221, 0.0)	(222, 0.0)	(223, 0.0)	(224, 4.0)	(225, 1.0)	(226, 1.0)	(227, 476.0)	(228, 174881.0)	(229, 2516.0)	(230, 38.0)	(231, 1903.0)	(232, 26.0)	(233, 9.0)	(234, 2.0)	(235, 3.0)	(236, 3.0)	(237, 4.0)	(238, 0.0)	(239, 1.0)	(240, 0.0)	(241, 1.0)	(242, 0.0)	(243, 0.0)	(244, 0.0)	(245, 0.0)	(246, 0.0)	(247, 0.0)	(248, 185.0)	(249, 0.0)	(250, 0.0)	(251, 3471.0)									
092023_BEL_CBC_T4_88_OFAV_S71_R2_16S	(196, 1.0)	(198, 0.0)	(200, 1.0)	(202, 0.0)	(204, 0.0)	(206, 0.0)	(208, 2.0)	(210, 0.0)	(212, 2.0)	(214, 0.0)	(216, 3.0)	(218, 2.0)	(220, 1.0)	(222, 3.0)	(224, 4.0)	(226, 20.0)	(228, 698711.0)	(230, 6074.0)	(232, 89.0)	(234, 18.0)	(236, 27.0)	(238, 12.0)	(240, 5.0)	(242, 1.0)	(244, 0.0)	(246, 1.0)	(248, 78.0)	(250, 10585.0)																					
092023_BEL_CBC_T4_91_MCAV_S78_R2_16S	(198, 1.0)	(200, 0.0)	(202, 0.0)	(204, 2.0)	(206, 1.0)	(208, 0.0)	(210, 1.0)	(212, 9.0)	(214, 6.0)	(216, 3.0)	(218, 6.0)	(220, 3.0)	(222, 3.0)	(224, 8.0)	(226, 18.0)	(228, 1073361.0)	(230, 8482.0)	(232, 150.0)	(234, 58.0)	(236, 50.0)	(238, 40.0)	(240, 13.0)	(242, 1.0)	(244, 0.0)	(246, 1.0)	(248, 47.0)	(250, 9897.0)																						
102019_BEL_CBC_T1_25_PSTR_S65_R2_16S	(196, 2.0)	(198, 0.0)	(200, 1.0)	(202, 1.0)	(204, 0.0)	(206, 2.0)	(208, 1.0)	(210, 0.0)	(212, 2.0)	(214, 5.0)	(216, 7.0)	(218, 2.0)	(220, 4.0)	(222, 2.0)	(224, 10.0)	(226, 21.0)	(228, 924750.0)	(230, 10746.0)	(232, 143.0)	(234, 37.0)	(236, 32.0)	(238, 20.0)	(240, 13.0)	(242, 1.0)	(244, 0.0)	(246, 0.0)	(248, 59.0)	(250, 13152.0)																					
102019_BEL_CBC_T1_27_PSTR_S88_R2_16S	(196, 1.0)	(198, 0.0)	(200, 0.0)	(202, 1.0)	(204, 1.0)	(206, 0.0)	(208, 1.0)	(210, 4.0)	(212, 3.0)	(214, 3.0)	(216, 1.0)	(218, 2.0)	(220, 5.0)	(222, 2.0)	(224, 5.0)	(226, 23.0)	(228, 585401.0)	(230, 8227.0)	(232, 104.0)	(234, 35.0)	(236, 23.0)	(238, 16.0)	(240, 4.0)	(242, 1.0)	(244, 0.0)	(246, 0.0)	(248, 47.0)	(250, 6614.0)																					
102019_BEL_CBC_T1_28_PSTR_S19_R2_16S	(194, 1.0)	(196, 0.0)	(198, 1.0)	(200, 1.0)	(202, 0.0)	(204, 0.0)	(206, 0.0)	(208, 5.0)	(210, 2.0)	(212, 2.0)	(214, 1.0)	(216, 5.0)	(218, 4.0)	(220, 0.0)	(222, 9.0)	(224, 2.0)	(226, 1307.0)	(228, 489184.0)	(230, 2190.0)	(232, 60.0)	(234, 19.0)	(236, 19.0)	(238, 10.0)	(240, 1.0)	(242, 0.0)	(244, 0.0)	(246, 0.0)	(248, 1593.0)	(250, 26430.0)																				
102019_BEL_CBC_T1_31_PSTR_S22_R2_16S	(198, 2.0)	(200, 0.0)	(202, 1.0)	(204, 2.0)	(206, 2.0)	(208, 0.0)	(210, 3.0)	(212, 1.0)	(214, 1.0)	(216, 2.0)	(218, 7.0)	(220, 4.0)	(222, 5.0)	(224, 5.0)	(226, 1506.0)	(228, 570275.0)	(230, 2610.0)	(232, 76.0)	(234, 19.0)	(236, 20.0)	(238, 13.0)	(240, 4.0)	(242, 1.0)	(244, 0.0)	(246, 1.0)	(248, 1150.0)	(250, 21603.0)																						
102019_BEL_CBC_T2_33_PSTR_S72_R2_16S	(196, 1.0)	(198, 1.0)	(200, 4.0)	(202, 3.0)	(204, 5.0)	(206, 4.0)	(208, 4.0)	(210, 4.0)	(212, 10.0)	(214, 5.0)	(216, 9.0)	(218, 21.0)	(220, 30.0)	(222, 19.0)	(224, 42.0)	(226, 71.0)	(228, 2704494.0)	(230, 24738.0)	(232, 395.0)	(234, 119.0)	(236, 107.0)	(238, 62.0)	(240, 33.0)	(242, 5.0)	(244, 0.0)	(246, 1.0)	(248, 124.0)	(250, 36414.0)																					
102019_BEL_CBC_T3_36_PSTR_S83_R2_16S	(198, 1.0)	(200, 1.0)	(202, 0.0)	(204, 3.0)	(206, 1.0)	(208, 5.0)	(210, 8.0)	(212, 6.0)	(214, 5.0)	(216, 6.0)	(218, 4.0)	(220, 8.0)	(222, 6.0)	(224, 15.0)	(226, 30.0)	(228, 1709015.0)	(230, 13513.0)	(232, 204.0)	(234, 62.0)	(236, 86.0)	(238, 44.0)	(240, 20.0)	(242, 5.0)	(244, 0.0)	(246, 1.0)	(248, 41.0)	(250, 17977.0)																						
112023_BEL_CBC_T2_308_PAST_S62_R2_16S	(207, 2.0)	(208, 1.0)	(209, 0.0)	(210, 0.0)	(211, 0.0)	(212, 0.0)	(213, 0.0)	(214, 0.0)	(215, 0.0)	(216, 0.0)	(217, 0.0)	(218, 0.0)	(219, 0.0)	(220, 2.0)	(221, 1.0)	(222, 1.0)	(223, 1.0)	(224, 0.0)	(225, 2.0)	(226, 0.0)	(227, 14.0)	(228, 7006.0)	(229, 1867.0)	(230, 1359.0)	(231, 568313.0)	(232, 2350.0)	(233, 19.0)	(234, 17.0)	(235, 10.0)	(236, 5.0)	(237, 3.0)	(238, 3.0)	(239, 3.0)	(240, 1.0)	(241, 2.0)	(242, 0.0)	(243, 0.0)	(244, 0.0)	(245, 0.0)	(246, 0.0)	(247, 0.0)	(248, 5971.0)	(249, 0.0)	(250, 0.0)	(251, 30510.0)				
112023_BEL_CBC_T3_347_MCAV_S81_R2_16S	(202, 1.0)	(204, 1.0)	(206, 0.0)	(208, 2.0)	(210, 2.0)	(212, 0.0)	(214, 1.0)	(216, 2.0)	(218, 2.0)	(220, 2.0)	(222, 5.0)	(224, 2.0)	(226, 11.0)	(228, 514585.0)	(230, 6368.0)	(232, 77.0)	(234, 15.0)	(236, 19.0)	(238, 12.0)	(240, 10.0)	(242, 1.0)	(244, 0.0)	(246, 0.0)	(248, 46.0)	(250, 4022.0)																								
112023_BEL_CBC_T4_396_MCAV_S1_R2_16S	(202, 1.0)	(204, 0.0)	(206, 1.0)	(208, 0.0)	(210, 1.0)	(212, 0.0)	(214, 0.0)	(216, 0.0)	(218, 0.0)	(220, 0.0)	(222, 0.0)	(224, 0.0)	(226, 285.0)	(228, 114649.0)	(230, 1273.0)	(232, 19.0)	(234, 4.0)	(236, 3.0)	(238, 2.0)	(240, 3.0)	(242, 0.0)	(244, 0.0)	(246, 0.0)	(248, 47.0)	(250, 1238.0)																								
122022_BEL_CBC_T1_120_OANN_S35_R2_16S	(196, 1.0)	(198, 0.0)	(200, 0.0)	(202, 2.0)	(204, 1.0)	(206, 0.0)	(208, 3.0)	(210, 1.0)	(212, 3.0)	(214, 0.0)	(216, 2.0)	(218, 2.0)	(220, 4.0)	(222, 5.0)	(224, 5.0)	(226, 7.0)	(228, 4981.0)	(230, 958936.0)	(232, 4143.0)	(234, 27.0)	(236, 20.0)	(238, 16.0)	(240, 5.0)	(242, 1.0)	(244, 0.0)	(246, 2.0)	(248, 5201.0)	(250, 47034.0)																					
122022_BEL_CBC_T1_136_OANN_S66_R2_16S	(194, 1.0)	(196, 0.0)	(198, 0.0)	(200, 0.0)	(202, 0.0)	(204, 1.0)	(206, 2.0)	(208, 0.0)	(210, 2.0)	(212, 6.0)	(214, 2.0)	(216, 0.0)	(218, 3.0)	(220, 4.0)	(222, 7.0)	(224, 6.0)	(226, 18.0)	(228, 647420.0)	(230, 10448.0)	(232, 105.0)	(234, 42.0)	(236, 22.0)	(238, 21.0)	(240, 2.0)	(242, 1.0)	(244, 0.0)	(246, 0.0)	(248, 61.0)	(250, 10644.0)																				
122022_BEL_CBC_T1_139_PAST_S18_R2_16S	(186, 1.0)	(188, 0.0)	(190, 0.0)	(192, 0.0)	(194, 0.0)	(196, 0.0)	(198, 0.0)	(200, 1.0)	(202, 0.0)	(204, 0.0)	(206, 0.0)	(208, 0.0)	(210, 2.0)	(212, 0.0)	(214, 1.0)	(216, 0.0)	(218, 6.0)	(220, 3.0)	(222, 3.0)	(224, 4.0)	(226, 1142.0)	(228, 345342.0)	(230, 3065.0)	(232, 55.0)	(234, 16.0)	(236, 17.0)	(238, 7.0)	(240, 2.0)	(242, 0.0)	(244, 0.0)	(246, 0.0)	(248, 1254.0)	(250, 22728.0)																
122022_BEL_CBC_T2_101_OFAV_S50_R2_16S	(200, 1.0)	(202, 0.0)	(204, 1.0)	(206, 3.0)	(208, 1.0)	(210, 3.0)	(212, 4.0)	(214, 12.0)	(216, 6.0)	(218, 7.0)	(220, 9.0)	(222, 8.0)	(224, 14.0)	(226, 23.0)	(228, 3976.0)	(230, 2105574.0)	(232, 9443.0)	(234, 68.0)	(236, 53.0)	(238, 29.0)	(240, 16.0)	(242, 2.0)	(244, 0.0)	(246, 1.0)	(248, 3837.0)	(250, 44480.0)																							
122022_BEL_CBC_T2_102_OFAV_S27_R2_16S	(194, 2.0)	(196, 0.0)	(198, 1.0)	(200, 4.0)	(202, 0.0)	(204, 1.0)	(206, 2.0)	(208, 2.0)	(210, 4.0)	(212, 1.0)	(214, 1.0)	(216, 8.0)	(218, 8.0)	(220, 11.0)	(222, 5.0)	(224, 10.0)	(226, 2034.0)	(228, 796388.0)	(230, 6223.0)	(232, 122.0)	(234, 38.0)	(236, 35.0)	(238, 15.0)	(240, 4.0)	(242, 2.0)	(244, 0.0)	(246, 1.0)	(248, 856.0)	(250, 16397.0)																				
122022_BEL_CBC_T2_116_PSTR_S32_R2_16S	(190, 1.0)	(192, 0.0)	(194, 0.0)	(196, 0.0)	(198, 0.0)	(200, 1.0)	(202, 1.0)	(204, 1.0)	(206, 0.0)	(208, 2.0)	(210, 1.0)	(212, 1.0)	(214, 2.0)	(216, 2.0)	(218, 3.0)	(220, 9.0)	(222, 14.0)	(224, 7.0)	(226, 82.0)	(228, 27030.0)	(230, 1173749.0)	(232, 5207.0)	(234, 28.0)	(236, 23.0)	(238, 16.0)	(240, 3.0)	(242, 1.0)	(244, 0.0)	(246, 2.0)	(248, 6873.0)	(250, 60879.0)																		
122022_BEL_CBC_T2_117_PSTR_S56_R2_16S	(198, 1.0)	(200, 0.0)	(202, 0.0)	(204, 1.0)	(206, 3.0)	(208, 1.0)	(210, 2.0)	(212, 6.0)	(214, 4.0)	(216, 3.0)	(218, 6.0)	(220, 1.0)	(222, 4.0)	(224, 8.0)	(226, 31.0)	(228, 7870.0)	(230, 1085897.0)	(232, 4860.0)	(234, 33.0)	(236, 19.0)	(238, 11.0)	(240, 4.0)	(242, 1.0)	(244, 0.0)	(246, 0.0)	(248, 6624.0)	(250, 36627.0)																						
122022_BEL_CBC_T2_119_OANN_S5_R2_16S	(196, 2.0)	(198, 0.0)	(200, 0.0)	(202, 0.0)	(204, 2.0)	(206, 0.0)	(208, 1.0)	(210, 1.0)	(212, 1.0)	(214, 4.0)	(216, 2.0)	(218, 6.0)	(220, 0.0)	(222, 5.0)	(224, 5.0)	(226, 1513.0)	(228, 550994.0)	(230, 1178.0)	(232, 75.0)	(234, 29.0)	(236, 10.0)	(238, 16.0)	(240, 9.0)	(242, 0.0)	(244, 0.0)	(246, 1.0)	(248, 1291.0)	(250, 20912.0)																					
122022_BEL_CBC_T2_89_PAST_S17_R2_16S	(200, 2.0)	(202, 0.0)	(204, 3.0)	(206, 2.0)	(208, 0.0)	(210, 1.0)	(212, 1.0)	(214, 3.0)	(216, 4.0)	(218, 1.0)	(220, 5.0)	(222, 6.0)	(224, 5.0)	(226, 2631.0)	(228, 637887.0)	(230, 2756.0)	(232, 72.0)	(234, 30.0)	(236, 22.0)	(238, 10.0)	(240, 3.0)	(242, 2.0)	(244, 0.0)	(246, 0.0)	(248, 689.0)	(250, 13660.0)																							
122022_BEL_CBC_T3_121_OFAV_S73_R2_16S	(207, 1.0)	(208, 0.0)	(209, 1.0)	(210, 0.0)	(211, 2.0)	(212, 0.0)	(213, 1.0)	(214, 1.0)	(215, 1.0)	(216, 1.0)	(217, 0.0)	(218, 0.0)	(219, 1.0)	(220, 1.0)	(221, 2.0)	(222, 2.0)	(223, 5.0)	(224, 1.0)	(225, 3.0)	(226, 2.0)	(227, 4.0)	(228, 2307.0)	(229, 661265.0)	(230, 4296.0)	(231, 1618.0)	(232, 48.0)	(233, 34.0)	(234, 19.0)	(235, 12.0)	(236, 11.0)	(237, 23.0)	(238, 9.0)	(239, 6.0)	(240, 6.0)	(241, 3.0)	(242, 1.0)	(243, 1.0)	(244, 0.0)	(245, 0.0)	(246, 0.0)	(247, 2.0)	(248, 25.0)	(249, 0.0)	(250, 0.0)	(251, 5704.0)				
122022_BEL_CBC_T4_12_PSTR_S86_R2_16S	(192, 1.0)	(194, 0.0)	(196, 0.0)	(198, 0.0)	(200, 0.0)	(202, 1.0)	(204, 0.0)	(206, 0.0)	(208, 2.0)	(210, 5.0)	(212, 4.0)	(214, 0.0)	(216, 1.0)	(218, 5.0)	(220, 3.0)	(222, 2.0)	(224, 6.0)	(226, 20.0)	(228, 591487.0)	(230, 6400.0)	(232, 86.0)	(234, 28.0)	(236, 19.0)	(238, 20.0)	(240, 2.0)	(242, 0.0)	(244, 1.0)	(246, 0.0)	(248, 51.0)	(250, 9312.0)																			
122022_BEL_CBC_T4_13_PSTR_S49_R2_16S	(200, 2.0)	(202, 0.0)	(204, 1.0)	(206, 0.0)	(208, 3.0)	(210, 4.0)	(212, 7.0)	(214, 6.0)	(216, 11.0)	(218, 4.0)	(220, 16.0)	(222, 12.0)	(224, 10.0)	(226, 16.0)	(228, 3378.0)	(230, 2464778.0)	(232, 11137.0)	(234, 65.0)	(236, 57.0)	(238, 31.0)	(240, 18.0)	(242, 1.0)	(244, 0.0)	(246, 1.0)	(248, 6351.0)	(250, 114388.0)																							
122022_BEL_CBC_T4_14_MCAV_S38_R2_16S	(205, 1.0)	(206, 1.0)	(207, 1.0)	(208, 0.0)	(209, 0.0)	(210, 0.0)	(211, 1.0)	(212, 1.0)	(213, 4.0)	(214, 2.0)	(215, 1.0)	(216, 2.0)	(217, 0.0)	(218, 4.0)	(219, 2.0)	(220, 0.0)	(221, 3.0)	(222, 1.0)	(223, 5.0)	(224, 0.0)	(225, 3.0)	(226, 1.0)	(227, 15.0)	(228, 2293.0)	(229, 2463.0)	(230, 2074.0)	(231, 846241.0)	(232, 3658.0)	(233, 41.0)	(234, 16.0)	(235, 5.0)	(236, 4.0)	(237, 14.0)	(238, 9.0)	(239, 6.0)	(240, 0.0)	(241, 2.0)	(242, 0.0)	(243, 0.0)	(244, 0.0)	(245, 0.0)	(246, 0.0)	(247, 0.0)	(248, 4993.0)	(249, 0.0)	(250, 0.0)	(251, 50810.0)		
122022_BEL_CBC_T4_15_MCAV_S2_R2_16S	(194, 1.0)	(196, 0.0)	(198, 0.0)	(200, 0.0)	(202, 0.0)	(204, 0.0)	(206, 2.0)	(208, 1.0)	(210, 0.0)	(212, 2.0)	(214, 1.0)	(216, 0.0)	(218, 1.0)	(220, 1.0)	(222, 4.0)	(224, 6.0)	(226, 820.0)	(228, 308198.0)	(230, 1596.0)	(232, 33.0)	(234, 15.0)	(236, 11.0)	(238, 2.0)	(240, 3.0)	(242, 1.0)	(244, 0.0)	(246, 0.0)	(248, 2395.0)	(250, 42410.0)																				
122022_BEL_CBC_T4_35_PSTR_S87_R2_16S	(202, 1.0)	(204, 1.0)	(206, 1.0)	(208, 2.0)	(210, 3.0)	(212, 4.0)	(214, 4.0)	(216, 4.0)	(218, 6.0)	(220, 4.0)	(222, 4.0)	(224, 7.0)	(226, 13.0)	(228, 776156.0)	(230, 5989.0)	(232, 97.0)	(234, 42.0)	(236, 24.0)	(238, 21.0)	(240, 12.0)	(242, 1.0)	(244, 0.0)	(246, 1.0)	(248, 36.0)	(250, 9207.0)																								
122022_BEL_CBC_T4_3_MCAV_S84_R2_16S	(205, 1.0)	(206, 0.0)	(207, 0.0)	(208, 0.0)	(209, 0.0)	(210, 0.0)	(211, 0.0)	(212, 0.0)	(213, 0.0)	(214, 3.0)	(215, 0.0)	(216, 0.0)	(217, 0.0)	(218, 1.0)	(219, 1.0)	(220, 2.0)	(221, 2.0)	(222, 2.0)	(223, 1.0)	(224, 1.0)	(225, 0.0)	(226, 1.0)	(227, 5.0)	(228, 2258.0)	(229, 395742.0)	(230, 3149.0)	(231, 1723.0)	(232, 21.0)	(233, 28.0)	(234, 14.0)	(235, 1.0)	(236, 7.0)	(237, 12.0)	(238, 8.0)	(239, 3.0)	(240, 3.0)	(241, 2.0)	(242, 0.0)	(243, 0.0)	(244, 0.0)	(245, 0.0)	(246, 0.0)	(247, 0.0)	(248, 35.0)	(249, 0.0)	(250, 0.0)	(251, 25318.0)		
122022_BEL_CBC_T4_4_PSTR_S41_R2_16S	(190, 2.0)	(192, 0.0)	(194, 0.0)	(196, 0.0)	(198, 0.0)	(200, 0.0)	(202, 0.0)	(204, 0.0)	(206, 1.0)	(208, 0.0)	(210, 0.0)	(212, 1.0)	(214, 4.0)	(216, 2.0)	(218, 1.0)	(220, 2.0)	(222, 2.0)	(224, 4.0)	(226, 2.0)	(228, 1484.0)	(230, 591385.0)	(232, 2673.0)	(234, 22.0)	(236, 8.0)	(238, 5.0)	(240, 0.0)	(242, 1.0)	(244, 0.0)	(246, 2.0)	(248, 4236.0)	(250, 16571.0)																		
122023_BEL_CBC_T2_517_SSID_S59_R2_16S	(192, 1.0)	(194, 0.0)	(196, 0.0)	(198, 0.0)	(200, 0.0)	(202, 0.0)	(204, 1.0)	(206, 1.0)	(208, 2.0)	(210, 2.0)	(212, 8.0)	(214, 6.0)	(216, 3.0)	(218, 5.0)	(220, 5.0)	(222, 8.0)	(224, 14.0)	(226, 24.0)	(228, 8200.0)	(230, 2261837.0)	(232, 10837.0)	(234, 67.0)	(236, 46.0)	(238, 23.0)	(240, 18.0)	(242, 2.0)	(244, 0.0)	(246, 0.0)	(248, 3886.0)	(250, 212074.0)																			
122023_BEL_CBC_T2_519_PAST_S90_R2_16S	(205, 1.0)	(206, 1.0)	(207, 1.0)	(208, 0.0)	(209, 1.0)	(210, 1.0)	(211, 1.0)	(212, 2.0)	(213, 1.0)	(214, 0.0)	(215, 1.0)	(216, 1.0)	(217, 2.0)	(218, 9.0)	(219, 2.0)	(220, 1.0)	(221, 6.0)	(222, 3.0)	(223, 1.0)	(224, 6.0)	(225, 4.0)	(226, 3.0)	(227, 14.0)	(228, 2517.0)	(229, 686681.0)	(230, 4435.0)	(231, 1558.0)	(232, 56.0)	(233, 30.0)	(234, 12.0)	(235, 8.0)	(236, 9.0)	(237, 17.0)	(238, 13.0)	(239, 4.0)	(240, 5.0)	(241, 4.0)	(242, 1.0)	(243, 0.0)	(244, 0.0)	(245, 0.0)	(246, 0.0)	(247, 0.0)	(248, 26.0)	(249, 0.0)	(250, 0.0)	(251, 7406.0)		
122023_BEL_CBC_T4_538_OFAV_S45_R2_16S	(204, 1.0)	(205, 0.0)	(206, 1.0)	(207, 0.0)	(208, 1.0)	(209, 0.0)	(210, 1.0)	(211, 0.0)	(212, 0.0)	(213, 0.0)	(214, 0.0)	(215, 0.0)	(216, 1.0)	(217, 0.0)	(218, 0.0)	(219, 1.0)	(220, 0.0)	(221, 0.0)	(222, 4.0)	(223, 0.0)	(224, 0.0)	(225, 1.0)	(226, 2.0)	(227, 3.0)	(228, 461.0)	(229, 1014.0)	(230, 952.0)	(231, 376629.0)	(232, 1733.0)	(233, 21.0)	(234, 3.0)	(235, 2.0)	(236, 3.0)	(237, 2.0)	(238, 4.0)	(239, 4.0)	(240, 0.0)	(241, 0.0)	(242, 0.0)	(243, 0.0)	(244, 0.0)	(245, 0.0)	(246, 0.0)	(247, 3.0)	(248, 3433.0)	(249, 0.0)	(250, 0.0)	(251, 5743.0)	
Negative_S96_R2_16S	(215, 1.0)	(216, 0.0)	(217, 0.0)	(218, 1.0)	(219, 0.0)	(220, 0.0)	(221, 0.0)	(222, 1.0)	(223, 0.0)	(224, 0.0)	(225, 0.0)	(226, 0.0)	(227, 9.0)	(228, 1709.0)	(229, 20532.0)	(230, 207.0)	(231, 1935.0)	(232, 9.0)	(233, 1.0)	(234, 2.0)	(235, 0.0)	(236, 1.0)	(237, 0.0)	(238, 0.0)	(239, 0.0)	(240, 0.0)	(241, 0.0)	(242, 0.0)	(243, 0.0)	(244, 0.0)	(245, 0.0)	(246, 0.0)	(247, 0.0)	(248, 32.0)	(249, 0.0)	(250, 0.0)	(251, 1313.0)												
Undetermined_S0_R2_16S	(196, 2.0)	(198, 0.0)	(200, 0.0)	(202, 6.0)	(204, 5.0)	(206, 9.0)	(208, 7.0)	(210, 16.0)	(212, 11.0)	(214, 11.0)	(216, 15.0)	(218, 17.0)	(220, 24.0)	(222, 24.0)	(224, 31.0)	(226, 3566.0)	(228, 2348120.0)	(230, 1736862.0)	(232, 6686.0)	(234, 156.0)	(236, 106.0)	(238, 75.0)	(240, 106.0)	(242, 3425.0)	(244, 18814.0)	(246, 177914.0)	(248, 577331.0)	(250, 1423675.0)																					
