Sample	0	1	2	3	4	5	6	7	8	9	10	11	12	13	14	15
012024_BEL_CBC_T1_565_PAST_S53_R2_16S	(1.0, 1.910774549345625)	(2.0, 0.4536998929953083)	(3.0, 0.3007654951024776)	(4.0, 0.24594616840892253)	(5.0, 0.2288254177298543)	(6.0, 0.2049551403407688)	(7.0, 0.174582270145691)	(8.0, 0.17186599720141577)	(9.0, 0.1385299201580377)	('>10', 2.7149559634537823)	('>50', 1.7761132603506462)	('>100', 4.917524076055643)	('>500', 2.817351222322825)	('>1k', 8.91307926578319)	('>5k', 6.114495020166269)	('>10k+', 68.91653634043954)
012024_BEL_CBC_T2_585_OFAV_S43_R2_16S	(1.0, 1.0899504147521297)	(2.0, 0.2704939864529722)	(3.0, 0.15980835756242812)	(4.0, 0.10781482007205731)	(5.0, 0.09250383970679472)	(6.0, 0.07464102928065505)	(7.0, 0.09043047778233208)	(8.0, 0.06634758158280449)	(9.0, 0.06602860282519486)	('>10', 1.0079728740464529)	('>50', 0.4872400522487205)	('>100', 1.3692163170393667)	('>500', 1.5031873952354142)	('>1k', 3.667777244374411)	('>5k', 1.0033476820611131)	('>10k+', 88.94323932497716)
012024_BEL_CBC_T2_593_MCAV_S6_R2_16S	(1.0, 1.3802709889831581)	(2.0, 0.2728525998647683)	(3.0, 0.13905447733913762)	(4.0, 0.10130429276940611)	(5.0, 0.08601307876647687)	(6.0, 0.06450980907485766)	(7.0, 0.053519249010252276)	(8.0, 0.059253454261350744)	(9.0, 0.036555558475752675)	('>10', 1.0264227399466241)	('>50', 0.45778071921269364)	('>100', 1.129877359685192)	('>500', 1.5766675188332806)	('>1k', 2.073870899147276)	('>5k', 2.702961000236536)	('>10k+', 88.83908625439324)
012024_BEL_CBC_T3_625_SSID_S54_R2_16S	(1.0, 1.7439724972216943)	(2.0, 0.3488023394609597)	(3.0, 0.20779964053523792)	(4.0, 0.1425315021667846)	(5.0, 0.10858423019856803)	(6.0, 0.09760820692939869)	(7.0, 0.0883569873168131)	(8.0, 0.07840016620835236)	(9.0, 0.06491533762051575)	('>10', 1.5004615809785518)	('>50', 1.8563199353982631)	('>100', 6.608193209369603)	('>500', 2.8171923724478294)	('>1k', 7.597720907168323)	('>5k', 2.3004176768854747)	('>10k+', 74.43872341009363)
012024_BEL_CBC_T3_642_PSTR_S40_R2_16S	(1.0, 1.3618777830367508)	(2.0, 0.32048338596230963)	(3.0, 0.18119909294489145)	(4.0, 0.12433154135789823)	(5.0, 0.09124710658368478)	(6.0, 0.06993649201381776)	(7.0, 0.04532920778673373)	(8.0, 0.037676224653908554)	(9.0, 0.03496824600690888)	('>10', 0.6349621236204026)	('>50', 0.5961085169460595)	('>100', 1.0033649578144022)	('>500', 0.617301393313883)	('>1k', 2.5751699550946494)	('>5k', 1.068238707140351)	('>10k+', 91.23780526572335)
012024_BEL_CBC_T3_644_PSTR_S16_R2_16S	(1.0, 1.60760190787182)	(2.0, 0.3545636940010236)	(3.0, 0.15791901080232199)	(4.0, 0.09535467072475387)	(5.0, 0.06519145855671948)	(6.0, 0.060715627073720836)	(7.0, 0.04427181140792144)	(8.0, 0.04748273399355091)	(9.0, 0.03765536486783648)	('>10', 0.5608411449566136)	('>50', 0.4234525785654376)	('>100', 1.1316069597233547)	('>500', 0.6722504286095148)	('>1k', 2.9232044618201845)	('>5k', 3.3199966528564566)	('>10k+', 88.49789149416877)
022024_BEL_CBC_T1_771_PAST_S10_R2_16S	(1.0, 1.6236668776789296)	(2.0, 0.42496995318841374)	(3.0, 0.22283999494675105)	(4.0, 0.13696237607631787)	(5.0, 0.09146932878080705)	(6.0, 0.08573955195906592)	(7.0, 0.0913312618694398)	(8.0, 0.06571984981081382)	(9.0, 0.0577810024071966)	('>10', 0.9637070413434463)	('>50', 0.44643935790602196)	('>100', 1.3206100072278026)	('>500', 0.5487469392291586)	('>1k', 1.5119707463828194)	('>5k', 1.9321083576733793)	('>10k+', 90.47593735351963)
022024_BEL_CBC_T2_808_PAST_S15_R2_16S	(1.0, 1.8828275101401837)	(2.0, 0.5697182096349533)	(3.0, 0.25884152849925285)	(4.0, 0.1627766313242724)	(5.0, 0.1089624991105102)	(6.0, 0.12274959083469722)	(7.0, 0.09962285632960934)	(8.0, 0.08716999928840817)	(9.0, 0.08405678502810789)	('>10', 1.2023678218174054)	('>50', 0.4841048174766954)	('>100', 1.3646997082473493)	('>500', 1.1156425674233261)	('>1k', 3.14412403045613)	('>5k', 3.6026560165089303)	('>10k+', 85.70967942788018)
022024_BEL_CBC_T4_872_PSTR_S89_R2_16S	(1.0, 1.5890164085322431)	(2.0, 0.5091634894412767)	(3.0, 0.2812268369368802)	(4.0, 0.2180052999510699)	(5.0, 0.1719819588502885)	(6.0, 0.1366166546360038)	(7.0, 0.13395214541437964)	(8.0, 0.15308816618786245)	(9.0, 0.12208296797259915)	('>10', 2.919333194455883)	('>50', 1.0088800825513402)	('>100', 1.8058105679280294)	('>500', 1.0217181724373476)	('>1k', 4.478555545328146)	('>5k', 0.0)	('>10k+', 85.45056850937665)
042024_BEL_CBC_T1_1146_OANN_S52_R2_16S	(1.0, 1.3786188554770469)	(2.0, 0.3630266625282236)	(3.0, 0.19992331708385824)	(4.0, 0.13206502224413164)	(5.0, 0.08672472658888827)	(6.0, 0.06755399755344982)	(7.0, 0.048991863090564955)	(8.0, 0.06572821383578901)	(9.0, 0.057512187106315386)	('>10', 1.054998691521669)	('>50', 0.3056666240650466)	('>100', 0.8412298479122162)	('>500', 0.7246839872682016)	('>1k', 3.3093851369033493)	('>5k', 1.3617303560886844)	('>10k+', 90.00216051073257)
042024_BEL_CBC_T1_929_PAST_S8_R2_16S	(1.0, 1.76812474310446)	(2.0, 0.40693229868908826)	(3.0, 0.22260212116389666)	(4.0, 0.12809385217852298)	(5.0, 0.11227738567477245)	(6.0, 0.08962664352125313)	(7.0, 0.08132788023224821)	(8.0, 0.07263858690611365)	(9.0, 0.07556756218458598)	('>10', 1.6561402549575346)	('>50', 0.7598738197450035)	('>100', 1.9807683483215508)	('>500', 1.167099015961939)	('>1k', 4.700517159401669)	('>5k', 2.7906300128191486)	('>10k+', 83.98778031513821)
042024_BEL_CBC_T1_933_SSID_S82_R2_16S	(1.0, 3.039395117125393)	(2.0, 0.8064162809596156)	(3.0, 0.48503692188107267)	(4.0, 0.38893403526127973)	(5.0, 0.29608168745362684)	(6.0, 0.27219729357311945)	(7.0, 0.28293820443062573)	(8.0, 0.24534501642935377)	(9.0, 0.28110094336289443)	('>10', 7.3862134756032924)	('>50', 4.917075928346818)	('>100', 14.066353390099989)	('>500', 9.431650355086035)	('>1k', 16.61760237430661)	('>5k', 6.603398932975304)	('>10k+', 34.88026004310497)
042024_BEL_CBC_T2_1017_MCAV_S94_R2_16S	(1.0, 1.3021285531411404)	(2.0, 0.4147266317494034)	(3.0, 0.23744815917103135)	(4.0, 0.19787346597585942)	(5.0, 0.1524433334814019)	(6.0, 0.14053054318285527)	(7.0, 0.1257909890846535)	(8.0, 0.09853290958797899)	(9.0, 0.08904305968913676)	('>10', 1.1553387472590486)	('>50', 0.37656532045405905)	('>100', 0.36202767805583264)	('>500', 0.5001352808389835)	('>1k', 2.1172460859416957)	('>5k', 1.189058001154935)	('>10k+', 91.54111124123199)
042024_BEL_CBC_T2_1028_PAST_S61_R2_16S	(1.0, 1.606362239092972)	(2.0, 0.42783097017159816)	(3.0, 0.2395321139374422)	(4.0, 0.17432614958780515)	(5.0, 0.15053927993985083)	(6.0, 0.12575435981715716)	(7.0, 0.0884938087602217)	(8.0, 0.09581284557497688)	(9.0, 0.08982454272654082)	('>10', 1.2848236444811134)	('>50', 0.5713838967882735)	('>100', 1.3422115467786258)	('>500', 0.9398308637128809)	('>1k', 3.1275575043415196)	('>5k', 2.4144504401402593)	('>10k+', 87.32126579414876)
042024_BEL_CBC_T2_1040_SSID_S34_R2_16S	(1.0, 1.6431167628691319)	(2.0, 0.3646992770039991)	(3.0, 0.2123923878568192)	(4.0, 0.17336143889994288)	(5.0, 0.1305135832627411)	(6.0, 0.12706605464825357)	(7.0, 0.10773526920273438)	(8.0, 0.09259076850337858)	(9.0, 0.08089379641851027)	('>10', 1.9212584464451055)	('>50', 3.1799757687988808)	('>100', 6.417697641890428)	('>500', 3.029885148046729)	('>1k', 7.697469513996966)	('>5k', 7.931285829672387)	('>10k+', 66.89005831248399)
042024_BEL_CBC_T3_947_MCAV_S70_R2_16S	(1.0, 1.176516296256211)	(2.0, 0.27140769848769297)	(3.0, 0.14611058614904945)	(4.0, 0.09990467428994834)	(5.0, 0.0950481970675203)	(6.0, 0.08242135628920738)	(7.0, 0.05147865855773726)	(8.0, 0.057722700700859046)	(9.0, 0.057445187716720296)	('>10', 1.0810518297124827)	('>50', 0.7641320018260355)	('>100', 1.7838534620438555)	('>500', 0.6639498145519483)	('>1k', 1.492187315714034)	('>5k', 1.7709491082814037)	('>10k+', 90.40582111235528)
042024_BEL_CBC_T3_949_PSTR_S26_R2_16S	(1.0, 2.390084530206347)	(2.0, 0.810232306904711)	(3.0, 0.4670928784208129)	(4.0, 0.2769301466883266)	(5.0, 0.16930227308456647)	(6.0, 0.1463255360230896)	(7.0, 0.13614724460550556)	(8.0, 0.138666623669264)	(9.0, 0.12153484603570665)	('>10', 3.394510575345558)	('>50', 1.6798211845515707)	('>100', 4.483486981864502)	('>500', 1.0211547221225667)	('>1k', 4.657424912426384)	('>5k', 5.163920879404379)	('>10k+', 74.94336435864672)
042024_BEL_CBC_T3_962_SSID_S51_R2_16S	(1.0, 3.049848000760877)	(2.0, 0.9299605823525889)	(3.0, 0.4544125572859241)	(4.0, 0.30716879841343087)	(5.0, 0.28885139300345564)	(6.0, 0.21346822458548062)	(7.0, 0.14055086074192538)	(8.0, 0.11272249483061685)	(9.0, 0.12047216635022176)	('>10', 1.8606256802978691)	('>50', 1.087419817319107)	('>100', 3.9304924916250714)	('>500', 1.1370881666038475)	('>1k', 6.884878629576269)	('>5k', 5.143668342239584)	('>10k+', 74.33837179401374)
052022_BEL_CBC_T1_11_PSTR_S85_R2_16S	(1.0, 1.4526887417890126)	(2.0, 0.47713092705879967)	(3.0, 0.312974564003235)	(4.0, 0.22563577315745575)	(5.0, 0.17683253008688246)	(6.0, 0.13690260393823156)	(7.0, 0.11890244675376038)	(8.0, 0.12371939022566111)	(9.0, 0.09811353282239929)	('>10', 2.454866507284993)	('>50', 1.514928721912783)	('>100', 1.8413400229692147)	('>500', 0.671076282637961)	('>1k', 3.69269421789317)	('>5k', 4.7593936735785585)	('>10k+', 81.94280006388787)
052022_BEL_CBC_T1_12_MCAV_S24_R2_16S	(1.0, 3.4585324358732823)	(2.0, 1.9439258739102885)	(3.0, 1.2048914998201654)	(4.0, 0.7444579558234995)	(5.0, 0.45672267228435554)	(6.0, 0.2945861236234093)	(7.0, 0.15385845022579228)	(8.0, 0.10504621462540176)	(9.0, 0.1156079264219775)	('>10', 1.7957764570880503)	('>50', 0.862064043936721)	('>100', 1.508612076889262)	('>500', 1.4318255776114546)	('>1k', 2.5036965991288014)	('>5k', 0.0)	('>10k+', 83.42039609273753)
052022_BEL_CBC_T1_13_MCAV_S75_R2_16S	(1.0, 1.6182499600544475)	(2.0, 0.6002956982179227)	(3.0, 0.387117913203876)	(4.0, 0.27345006199145266)	(5.0, 0.21236876116200093)	(6.0, 0.16504086581732644)	(7.0, 0.12600546495612056)	(8.0, 0.15047843648050355)	(9.0, 0.11467913102748054)	('>10', 3.506916142655176)	('>50', 1.417005276858075)	('>100', 1.2992923063854231)	('>500', 1.3607781191408976)	('>1k', 1.765087789200745)	('>5k', 5.183820331982938)	('>10k+', 81.81941374086561)
052022_BEL_CBC_T1_39_MCAV_S77_R2_16S	(1.0, 0.9437020849752812)	(2.0, 0.2473669126603138)	(3.0, 0.15288027513075877)	(4.0, 0.10281579135917461)	(5.0, 0.07209643906283585)	(6.0, 0.07899262019058537)	(7.0, 0.06394640682095006)	(8.0, 0.04513864010890592)	(9.0, 0.04513864010890592)	('>10', 0.8347961596331589)	('>50', 0.36594540374005874)	('>100', 0.8731281794081823)	('>500', 0.616626065773447)	('>1k', 3.0798165794941608)	('>5k', 2.0909758544099732)	('>10k+', 90.3866339471233)
052022_BEL_CBC_T1_40_MCAV_S46_R2_16S	(1.0, 2.192407523733896)	(2.0, 0.743839853981724)	(3.0, 0.40392068552736066)	(4.0, 0.2522133857987745)	(5.0, 0.17067071219465943)	(6.0, 0.09955791544688466)	(7.0, 0.0879428253114148)	(8.0, 0.0701646261244711)	(9.0, 0.04906782975596459)	('>10', 0.9398741303497564)	('>50', 0.642148554632406)	('>100', 1.1814205966363647)	('>500', 1.2947269861211526)	('>1k', 5.654889597383049)	('>5k', 2.7058419162528295)	('>10k+', 83.51131286074929)
052022_BEL_CBC_T1_41_OANN_S4_R2_16S	(1.0, 2.16321111224594)	(2.0, 1.1127101883919368)	(3.0, 0.6518045329198429)	(4.0, 0.3959109014772379)	(5.0, 0.21541118466866602)	(6.0, 0.12256153610458584)	(7.0, 0.08189339003351873)	(8.0, 0.062394963835061885)	(9.0, 0.03342587348306887)	('>10', 0.5983231353469327)	('>50', 0.4137380340015413)	('>100', 0.9244111011039823)	('>500', 0.7175420841032116)	('>1k', 2.2295057613206932)	('>5k', 3.294676929647821)	('>10k+', 86.98247927131597)
052022_BEL_CBC_T1_52_PAST_S30_R2_16S	(1.0, 2.835190897849337)	(2.0, 1.1225525949265005)	(3.0, 0.9160175250484638)	(4.0, 0.7453927767503999)	(5.0, 0.6324882911048917)	(6.0, 0.5307423799616349)	(7.0, 0.4374161204882586)	(8.0, 0.3392206648684455)	(9.0, 0.28302202601165155)	('>10', 3.300604896179608)	('>50', 1.3925900978809866)	('>100', 3.9794519922620357)	('>500', 2.0248755058131103)	('>1k', 5.896596533335227)	('>5k', 3.3676577847795013)	('>10k+', 72.19617991273995)
052022_BEL_CBC_T1_60_MCAV_S92_R2_16S	(1.0, 1.0475852272727273)	(2.0, 0.25703463203463206)	(3.0, 0.16360592532467533)	(4.0, 0.11921672077922077)	(5.0, 0.09723349567099568)	(6.0, 0.07229099025974026)	(7.0, 0.09321732954545454)	(8.0, 0.06764069264069264)	(9.0, 0.026633522727272724)	('>10', 0.791607481060606)	('>50', 0.32848011363636365)	('>100', 0.5831895968614719)	('>500', 0.9437990395021646)	('>1k', 1.5485491071428572)	('>5k', 1.1824438582251082)	('>10k+', 92.67747226731602)
052022_BEL_CBC_T1_70_MCAV_S36_R2_16S	(1.0, 1.8301834778080683)	(2.0, 0.5115324532116274)	(3.0, 0.25467227354077604)	(4.0, 0.1479024543930967)	(5.0, 0.094079963593242)	(6.0, 0.09057931378512137)	(7.0, 0.0658559745152694)	(8.0, 0.04200779769744759)	(9.0, 0.04332054137549283)	('>10', 0.7878649974401498)	('>50', 0.47258772409628536)	('>100', 1.0084059353517496)	('>500', 1.4243268906790822)	('>1k', 3.862529482035103)	('>5k', 4.474268036004183)	('>10k+', 84.8898826844733)
052022_BEL_CBC_T2_45_PSTR_S31_R2_16S	(1.0, 1.455074382103894)	(2.0, 0.4443588073451498)	(3.0, 0.3659938802053336)	(4.0, 0.3550681687600051)	(5.0, 0.34714440998016616)	(6.0, 0.3166710997828122)	(7.0, 0.2858836317483721)	(8.0, 0.2611000690449113)	(9.0, 0.20985743517353028)	('>10', 1.8356940549469039)	('>50', 0.44795416925846887)	('>100', 1.8197767245345404)	('>500', 0.8889270532483571)	('>1k', 3.929032442730772)	('>5k', 3.2606790975432163)	('>10k+', 83.77678457359356)
052022_BEL_CBC_T2_46_PSTR_S68_R2_16S	(1.0, 1.307172294963638)	(2.0, 0.32380494089706074)	(3.0, 0.1867388992805197)	(4.0, 0.17199226966152606)	(5.0, 0.11874917535294893)	(6.0, 0.13597944785514152)	(7.0, 0.09344706348035982)	(8.0, 0.08692750091196262)	(9.0, 0.07823475082076636)	('>10', 1.693378763301072)	('>50', 0.9555815993107891)	('>100', 1.3764038403328083)	('>500', 0.9456470277779935)	('>1k', 2.416739753032761)	('>5k', 3.0497582328880886)	('>10k+', 87.05944444013257)
052022_BEL_CBC_T3_50_MCAV_S47_R2_16S	(1.0, 3.598499269709199)	(2.0, 1.2736825346282439)	(3.0, 0.7091781286557803)	(4.0, 0.46655545018447636)	(5.0, 0.4032174328374739)	(6.0, 0.3177284148882413)	(7.0, 0.20835784941472904)	(8.0, 0.19659013034479417)	(9.0, 0.2024739898797616)	('>10', 3.0260343478953087)	('>50', 1.3494804898140007)	('>100', 4.6399424073984346)	('>500', 4.766964551476849)	('>1k', 18.211929698261837)	('>5k', 6.334147844084645)	('>10k+', 54.295217460526224)
052022_BEL_CBC_T3_54_PAST_S93_R2_16S	(1.0, 1.7321849259564457)	(2.0, 0.5057049951617811)	(3.0, 0.31696317140971675)	(4.0, 0.22772111343999069)	(5.0, 0.17438103281440728)	(6.0, 0.17643257437692975)	(7.0, 0.14241117679843263)	(8.0, 0.11762171625128649)	(9.0, 0.11847652523567084)	('>10', 3.6679853519932437)	('>50', 1.4512946936877487)	('>100', 2.1830111843207516)	('>500', 1.9221234822866484)	('>1k', 6.290197392490674)	('>5k', 0.9681566557137142)	('>10k+', 80.00533400806256)
052022_BEL_CBC_T3_60_MCAV_S80_R2_16S	(1.0, 1.1849046054049055)	(2.0, 0.4143067193991607)	(3.0, 0.2821952160291087)	(4.0, 0.2118828884598447)	(5.0, 0.17499256412978248)	(6.0, 0.13305740912210487)	(7.0, 0.1272768739706706)	(8.0, 0.1025782237781788)	(9.0, 0.10215782122171084)	('>10', 2.0850915794418947)	('>50', 1.5917491794267602)	('>100', 1.8835085536155145)	('>500', 0.6253488027460695)	('>1k', 2.2424272362000233)	('>5k', 0.9239397184774281)	('>10k+', 87.91458260857684)
062019_BEL_CBC_T1_18_PAST_S42_R2_16S	(1.0, 2.9583656271788996)	(2.0, 1.0772927632858627)	(3.0, 0.5790448602661512)	(4.0, 0.34712766816988905)	(5.0, 0.19750367326907484)	(6.0, 0.1867307456362162)	(7.0, 0.13825257128835236)	(8.0, 0.09815334065493414)	(9.0, 0.09156988487929832)	('>10', 1.8565345287293034)	('>50', 0.7538056863103022)	('>100', 2.0815690170601275)	('>500', 0.5458283333981704)	('>1k', 3.205245218765243)	('>5k', 8.390015890068259)	('>10k+', 77.49296019103991)
062019_BEL_CBC_T1_1_PAST_S7_R2_16S	(1.0, 2.709309817694844)	(2.0, 1.438985256402158)	(3.0, 0.9146842191704674)	(4.0, 0.6451640072602006)	(5.0, 0.38111842465436135)	(6.0, 0.24130481472591056)	(7.0, 0.17539870040722821)	(8.0, 0.09770107681747164)	(9.0, 0.08906800752972092)	('>10', 1.0300725598945504)	('>50', 0.5577805010549189)	('>100', 1.5649017304039856)	('>500', 1.0372316905234167)	('>1k', 2.8849190807676273)	('>5k', 2.400624949991367)	('>10k+', 83.83173516270178)
062019_BEL_CBC_T1_24_MCAV_S69_R2_16S	(1.0, 1.2284610714928987)	(2.0, 0.4112659519822819)	(3.0, 0.255665330246893)	(4.0, 0.1767809850369906)	(5.0, 0.15176480790911456)	(6.0, 0.11107182644776956)	(7.0, 0.08522177674896433)	(8.0, 0.09205953183058378)	(9.0, 0.09906406142638907)	('>10', 1.1207247353288459)	('>50', 0.4881490030219542)	('>100', 0.4901502971921843)	('>500', 0.5713694856006885)	('>1k', 1.8830510396723215)	('>5k', 2.090518535319507)	('>10k+', 90.7446815607426)
062019_BEL_CBC_T1_3_MCAV_S23_R2_16S	(1.0, 2.3952859819205243)	(2.0, 1.0351786363626698)	(3.0, 0.6456044248145163)	(4.0, 0.3317334989165499)	(5.0, 0.19032146251943088)	(6.0, 0.1250380111300842)	(7.0, 0.0774044830805283)	(8.0, 0.04933472547989716)	(9.0, 0.028707706637009122)	('>10', 0.8384776834794592)	('>50', 0.4801629747138267)	('>100', 1.2074248761847246)	('>500', 1.1729756282203134)	('>1k', 2.4914036367348067)	('>5k', 4.9592031591236285)	('>10k+', 83.97174311068203)
062019_BEL_CBC_T1_6_MCAV_S9_R2_16S	(1.0, 1.3864431556536405)	(2.0, 0.42085292623747217)	(3.0, 0.1980380254246137)	(4.0, 0.10075929324552879)	(5.0, 0.060467374459406927)	(6.0, 0.04176673279732693)	(7.0, 0.028080458773344093)	(8.0, 0.026428667080794443)	(9.0, 0.02389198698152176)	('>10', 0.35944167081089407)	('>50', 0.2326666584077082)	('>100', 1.1211536113180767)	('>500', 0.20204951953509145)	('>1k', 2.209212396224712)	('>5k', 0.8873660942618526)	('>10k+', 92.70138142878801)
062019_BEL_CBC_T1_8_PAST_S29_R2_16S	(1.0, 4.169665921916533)	(2.0, 2.366373440776784)	(3.0, 1.7481373456357332)	(4.0, 1.2813441649294357)	(5.0, 0.9363908598280531)	(6.0, 0.6057716577390133)	(7.0, 0.41226126707238414)	(8.0, 0.38141178450234176)	(9.0, 0.20753288274392126)	('>10', 1.4218806966374065)	('>50', 0.9395069691785625)	('>100', 1.8282213559438227)	('>500', 0.7833898907180451)	('>1k', 4.695665180282506)	('>5k', 2.8359711198985393)	('>10k+', 75.38647546219693)
062019_BEL_CBC_T1_9_MCAV_S76_R2_16S	(1.0, 1.1358052742945597)	(2.0, 0.4067199681894997)	(3.0, 0.28075606742689974)	(4.0, 0.18120624281068493)	(5.0, 0.13278043654231222)	(6.0, 0.11417697431018078)	(7.0, 0.11233082920317537)	(8.0, 0.08861496513625972)	(9.0, 0.0907451325674198)	('>10', 1.4385730718434468)	('>50', 0.5281395117656248)	('>100', 0.9369896473862845)	('>500', 0.5605180567192581)	('>1k', 2.2892199326867093)	('>5k', 1.9131743755059147)	('>10k+', 89.79024951361177)
062019_BEL_CBC_T2_22_PAST_S60_R2_16S	(1.0, 1.552962617916724)	(2.0, 0.38537705352006557)	(3.0, 0.19676120367966363)	(4.0, 0.14424064090359126)	(5.0, 0.10775624349856523)	(6.0, 0.07330818455335462)	(7.0, 0.060581069179508326)	(8.0, 0.05430235892841083)	(9.0, 0.045053988423415854)	('>10', 0.8426198851844499)	('>50', 1.0575384401308008)	('>100', 2.4850117004614005)	('>500', 1.3461894168096347)	('>1k', 4.72337190497766)	('>5k', 3.262129365188455)	('>10k+', 83.66279592664429)
062019_BEL_CBC_T2_5_MCAV_S20_R2_16S	(1.0, 3.425351471341567)	(2.0, 1.621795966380177)	(3.0, 0.8492230633502191)	(4.0, 0.4826683362741192)	(5.0, 0.24664655548598857)	(6.0, 0.11839034663327452)	(7.0, 0.11156013432750869)	(8.0, 0.06981994801449523)	(9.0, 0.09562297228072172)	('>10', 1.0336387956058968)	('>50', 0.6997173051017891)	('>100', 1.6540497467129605)	('>500', 0.7019940425370444)	('>1k', 7.054470943138483)	('>5k', 3.4966892443128996)	('>10k+', 78.33836112850285)
062019_BEL_CBC_T3_11_MCAV_S13_R2_16S	(1.0, 3.096349641283209)	(2.0, 1.3874740563596646)	(3.0, 0.7999629571119622)	(4.0, 0.4357986827984812)	(5.0, 0.26965043498156027)	(6.0, 0.1732299764123963)	(7.0, 0.10295743881114118)	(8.0, 0.06319080900577978)	(9.0, 0.06373555735927788)	('>10', 1.0584460508468114)	('>50', 0.5300401479536528)	('>100', 0.7174335815569998)	('>500', 0.794243099400232)	('>1k', 2.2658807763753535)	('>5k', 3.433276497921785)	('>10k+', 84.80833029182169)
062019_BEL_CBC_T3_14_MCAV_S33_R2_16S	(1.0, 1.4565975812315308)	(2.0, 0.4058407988739986)	(3.0, 0.2029203994369993)	(4.0, 0.13501344130850973)	(5.0, 0.09805818118750459)	(6.0, 0.08004749484694251)	(7.0, 0.06443823335178872)	(8.0, 0.043759297182995247)	(9.0, 0.039623509949236545)	('>10', 0.696680030151223)	('>50', 0.49749518047374774)	('>100', 1.010999859916884)	('>500', 0.6263716471773252)	('>1k', 3.6112093175284)	('>5k', 1.2686193808326274)	('>10k+', 89.7623256465503)
062024_BEL_CBC_T1_1356_PAST_S37_R2_16S	(1.0, 1.8856567723200288)	(2.0, 0.49248436649231936)	(3.0, 0.3120431633309684)	(4.0, 0.2684838385005032)	(5.0, 0.21944659857772203)	(6.0, 0.2082927714620423)	(7.0, 0.1958849637830614)	(8.0, 0.15892553665418185)	(9.0, 0.14018182718167868)	('>10', 3.128879502367713)	('>50', 1.9266421370468758)	('>100', 6.205223819030805)	('>500', 3.5960202616859442)	('>1k', 6.27313676638012)	('>5k', 3.3756496774299998)	('>10k+', 71.61304799775603)
062024_BEL_CBC_T2_1372_OFAV_S67_R2_16S	(1.0, 1.3376053056103243)	(2.0, 0.36692217664983184)	(3.0, 0.28784412133736803)	(4.0, 0.2193098067332328)	(5.0, 0.17858460824731398)	(6.0, 0.16369157449679997)	(7.0, 0.13746401948483283)	(8.0, 0.10649178115411785)	(9.0, 0.10319686218276519)	('>10', 1.501824067142541)	('>50', 0.9074206847105215)	('>100', 1.8858798224434064)	('>500', 1.2753972354311864)	('>1k', 4.089785224001771)	('>5k', 4.527086869879696)	('>10k+', 82.91149584049428)
062024_BEL_CBC_T2_1384_MCAV_S91_R2_16S	(1.0, 2.2673041977937265)	(2.0, 0.734200914080138)	(3.0, 0.5121051375708963)	(4.0, 0.39279748903287387)	(5.0, 0.2776197206365522)	(6.0, 0.24228630164644555)	(7.0, 0.21200051394063987)	(8.0, 0.16519520566803106)	(9.0, 0.13215616453442486)	('>10', 2.823461390209431)	('>50', 0.9590499440171802)	('>100', 3.4865365907380554)	('>500', 1.8919439804702558)	('>1k', 12.966905893797836)	('>5k', 7.588425322589526)	('>10k+', 65.34801123327398)
062024_BEL_CBC_T2_1393_PAST_S55_R2_16S	(1.0, 2.0276260296659654)	(2.0, 0.4876398706109567)	(3.0, 0.28923230340013467)	(4.0, 0.21599322228164566)	(5.0, 0.16240869683054773)	(6.0, 0.1415128008052161)	(7.0, 0.1404783505069324)	(8.0, 0.10013478887386637)	(9.0, 0.12009967963074263)	('>10', 1.7056016518102364)	('>50', 0.9283156976798315)	('>100', 4.354208195535933)	('>500', 2.6705368900493123)	('>1k', 11.412366025755743)	('>5k', 2.497783690235927)	('>10k+', 72.746062106327)
062024_BEL_CBC_T2_1399_PAST_S44_R2_16S	(1.0, 1.6735579302914714)	(2.0, 0.5059255161168215)	(3.0, 0.335767114113502)	(4.0, 0.2569664851643712)	(5.0, 0.24477331625076432)	(6.0, 0.20309815682963048)	(7.0, 0.1758000174708092)	(8.0, 0.1528695804093993)	(9.0, 0.1277552921992837)	('>10', 2.040990886061206)	('>50', 0.9860087936406254)	('>100', 2.054821943336342)	('>500', 2.104140581777946)	('>1k', 5.342791835308505)	('>5k', 3.417181084937251)	('>10k+', 80.37755146609207)
062024_BEL_CBC_T2_1402_MCAV_S95_R2_16S	(1.0, 1.6399933410421268)	(2.0, 0.35184493626747415)	(3.0, 0.21326662377337946)	(4.0, 0.15837521427896534)	(5.0, 0.10573345271465016)	(6.0, 0.089086058031918)	(7.0, 0.06928915624704733)	(8.0, 0.05759098701053285)	(9.0, 0.06478986038684946)	('>10', 1.1927633325384577)	('>50', 0.5358661369495674)	('>100', 2.806660757591437)	('>500', 2.1992558164647233)	('>1k', 5.743351165542593)	('>5k', 3.615634153255016)	('>10k+', 81.15649900790525)
062024_BEL_CBC_T3_1418_SSID_S21_R2_16S	(1.0, 4.522843545874864)	(2.0, 1.7810639594658655)	(3.0, 1.060142460490916)	(4.0, 0.7313874814536634)	(5.0, 0.5309946992876975)	(6.0, 0.45988758303525806)	(7.0, 0.3770831922477852)	(8.0, 0.3718502010084282)	(9.0, 0.3656937407268317)	('>10', 5.673485972505248)	('>50', 2.672211585226958)	('>100', 8.863148044400392)	('>500', 6.484599614605586)	('>1k', 11.280789996983334)	('>5k', 6.248807185820441)	('>10k+', 48.576010736866735)
062024_BEL_CBC_T4_1458_MCAV_S58_R2_16S	(1.0, 0.7930049737255535)	(2.0, 0.1282681440420473)	(3.0, 0.07172754614831287)	(4.0, 0.04911814795850132)	(5.0, 0.04224297543784759)	(6.0, 0.040019660941118765)	(7.0, 0.041182625447099996)	(8.0, 0.036393948069530224)	(9.0, 0.030476511024390442)	('>10', 0.6148319704415468)	('>50', 0.2618038331994214)	('>100', 0.8736257778607814)	('>500', 0.5305512485963189)	('>1k', 1.6425847501832525)	('>5k', 1.0925367436925424)	('>10k+', 93.75163114323173)
082024_BEL_CBC_T2_1517_MCAV_S28_R2_16S	(1.0, 1.0851649033616155)	(2.0, 0.2196891088813977)	(3.0, 0.12324931362668243)	(4.0, 0.11617457961185776)	(5.0, 0.09432978686432894)	(6.0, 0.07149204899191247)	(7.0, 0.050391965088049405)	(8.0, 0.06652732336747409)	(9.0, 0.059204353071427504)	('>10', 0.6699897230179575)	('>50', 0.4881566470229023)	('>100', 1.1686964119927912)	('>500', 0.27814875310915943)	('>1k', 2.2428148008400317)	('>5k', 2.3804618187775852)	('>10k+', 90.88550846237483)
082024_BEL_CBC_T3_1559_PSTR_S74_R2_16S	(1.0, 1.3699244030436584)	(2.0, 0.3718035097262315)	(3.0, 0.21928062356671757)	(4.0, 0.1650399619233646)	(5.0, 0.13521532460949814)	(6.0, 0.10940851408402823)	(7.0, 0.10709053709072253)	(8.0, 0.08653780775007881)	(9.0, 0.10013660611080549)	('>10', 2.9535662848701008)	('>50', 1.1864951569734021)	('>100', 2.7024521105953183)	('>500', 1.3830596060057239)	('>1k', 3.120151564789002)	('>5k', 1.0965576496331415)	('>10k+', 84.8932803392282)
082024_BEL_CBC_T3_1564_PAST_S48_R2_16S	(1.0, 2.780384705178414)	(2.0, 0.9378754168721715)	(3.0, 0.5695900157858689)	(4.0, 0.4570325968140684)	(5.0, 0.40430995963084876)	(6.0, 0.345093625199256)	(7.0, 0.29005181042733164)	(8.0, 0.25480031107902057)	(9.0, 0.2504711795801052)	('>10', 4.7102496826591995)	('>50', 2.8079056125643764)	('>100', 9.229244520169889)	('>500', 3.4108917856275927)	('>1k', 14.284587828028345)	('>5k', 6.438191598083431)	('>10k+', 52.82931935230009)
082024_BEL_CBC_T4_1608_MCAV_S11_R2_16S	(1.0, 1.1150085574364972)	(2.0, 0.2580917633533159)	(3.0, 0.12826378542407216)	(4.0, 0.10167251283615475)	(5.0, 0.0990655253275354)	(6.0, 0.07273495149047993)	(7.0, 0.0757329871253922)	(8.0, 0.04796857015859608)	(9.0, 0.05631093018617801)	('>10', 0.70049754356602)	('>50', 0.4162055557510796)	('>100', 0.9351264193417617)	('>500', 0.1948723162692966)	('>1k', 1.4112926877910865)	('>5k', 3.3889534118297275)	('>10k+', 90.99820248211282)
092023_BEL_CBC_T1_188_SSID_S3_R2_16S	(1.0, 3.8879292528531804)	(2.0, 2.4203239855995062)	(3.0, 1.8424161395755885)	(4.0, 1.3379906156951096)	(5.0, 1.0690657284062755)	(6.0, 0.8037128984438587)	(7.0, 0.6001056308380812)	(8.0, 0.4470174597059176)	(9.0, 0.3605226430162452)	('>10', 2.7629863419836656)	('>50', 1.1139715919383768)	('>100', 3.467191929191618)	('>500', 3.431216208975559)	('>1k', 5.889046796502446)	('>5k', 13.733539832266395)	('>10k+', 56.832962945008184)
092023_BEL_CBC_T1_194_SSID_S39_R2_16S	(1.0, 2.201834478750029)	(2.0, 0.5323208226092083)	(3.0, 0.3155035826069503)	(4.0, 0.2651150051329443)	(5.0, 0.217444483705254)	(6.0, 0.1781372116508427)	(7.0, 0.16538325635659223)	(8.0, 0.1555564383429894)	(9.0, 0.12231252208420537)	('>10', 2.508347568280704)	('>50', 1.8484871927289912)	('>100', 5.291636959707955)	('>500', 2.148518763995375)	('>1k', 12.920174875544395)	('>5k', 6.326589069651231)	('>10k+', 64.80263776885234)
092023_BEL_CBC_T2_173_SSID_S14_R2_16S	(1.0, 3.4778108489009654)	(2.0, 1.3931364583129067)	(3.0, 0.8266738739168876)	(4.0, 0.538156507030053)	(5.0, 0.3832404149398112)	(6.0, 0.2941444786523579)	(7.0, 0.24887180672064718)	(8.0, 0.23258728630829922)	(9.0, 0.21715535858769724)	('>10', 3.8937908232038216)	('>50', 1.738777535546721)	('>100', 4.844687452308096)	('>500', 1.408483126764334)	('>1k', 7.533167987190648)	('>5k', 4.874187159442506)	('>10k+', 68.09512888217425)
092023_BEL_CBC_T2_192_OFAV_S64_R2_16S	(1.0, 1.89484180617878)	(2.0, 0.5324587170291879)	(3.0, 0.2959038402623849)	(4.0, 0.1859761042331189)	(5.0, 0.1273479783508437)	(6.0, 0.10019642824962607)	(7.0, 0.08662065319901727)	(8.0, 0.06343370997098628)	(9.0, 0.05514407741795967)	('>10', 1.0494194253722826)	('>50', 0.7643281493094977)	('>100', 2.0971568963135163)	('>500', 0.8944393385113502)	('>1k', 5.863052867431956)	('>5k', 1.7789070900386248)	('>10k+', 84.21077291813087)
092023_BEL_CBC_T2_196_SSID_S63_R2_16S	(1.0, 2.7130494206624762)	(2.0, 0.9699038676640485)	(3.0, 0.8087895048127458)	(4.0, 0.7967614710668329)	(5.0, 0.7442824703282964)	(6.0, 0.6798520475237573)	(7.0, 0.6065346698496266)	(8.0, 0.5773456198038128)	(9.0, 0.5040282421296821)	('>10', 4.549584611471526)	('>50', 1.1844931830927214)	('>100', 2.521673444246616)	('>500', 1.6574936948587433)	('>1k', 4.229347789446588)	('>5k', 5.628200452928252)	('>10k+', 71.82865951011428)
092023_BEL_CBC_T3_172_PSTR_S57_R2_16S	(1.0, 3.5459748017630965)	(2.0, 1.0161208534635038)	(3.0, 0.6774603386883766)	(4.0, 0.49984118758254065)	(5.0, 0.40887232038872817)	(6.0, 0.34520804426687174)	(7.0, 0.3266799288966159)	(8.0, 0.2841906417693375)	(9.0, 0.24950266637690366)	('>10', 4.954947424731273)	('>50', 2.113458934452264)	('>100', 4.591211265094145)	('>500', 3.799796051421789)	('>1k', 25.02688666365759)	('>5k', 16.39320282853274)	('>10k+', 35.766646048914225)
092023_BEL_CBC_T3_183_SSID_S79_R2_16S	(1.0, 3.0800926947327563)	(2.0, 1.0231587538297953)	(3.0, 0.7205904063937469)	(4.0, 0.6051366948720969)	(5.0, 0.5167217117671551)	(6.0, 0.4369325806724515)	(7.0, 0.40757150748375603)	(8.0, 0.32114710561194615)	(9.0, 0.31799535199282064)	('>10', 4.8750993217094445)	('>50', 2.4650030936949996)	('>100', 6.34879296130476)	('>500', 4.159817131937383)	('>1k', 15.437952753554432)	('>5k', 8.545067588526953)	('>10k+', 50.7389203419155)
092023_BEL_CBC_T3_196_SSID_S25_R2_16S	(1.0, 4.393610993190969)	(2.0, 2.141637571040392)	(3.0, 1.6376458443591264)	(4.0, 1.3285184513334742)	(5.0, 1.1613315854139745)	(6.0, 0.870718174184777)	(7.0, 0.6859523760545022)	(8.0, 0.5146512919580125)	(9.0, 0.4729480804367056)	('>10', 6.23341455797401)	('>50', 3.457626357925761)	('>100', 6.52758115762879)	('>500', 3.3293375547705297)	('>1k', 9.359846352652081)	('>5k', 1.453815095814531)	('>10k+', 56.43136455526236)
092023_BEL_CBC_T4_84_OANN_S12_R2_16S	(1.0, 2.9722337249090076)	(2.0, 0.6592855741778001)	(3.0, 0.17817056426127323)	(4.0, 0.12422901728308959)	(5.0, 0.06538369330688926)	(6.0, 0.10134472462567837)	(7.0, 0.061024780419763315)	(8.0, 0.061024780419763315)	(9.0, 0.05884532397620034)	('>10', 1.5283438310485364)	('>50', 0.5159863130135344)	('>100', 2.315127607174771)	('>500', 0.6162413094174313)	('>1k', 5.099383213826472)	('>5k', 4.8912451234662075)	('>10k+', 80.75213041867359)
092023_BEL_CBC_T4_88_OFAV_S71_R2_16S	(1.0, 1.3979095634676653)	(2.0, 0.3607959309149852)	(3.0, 0.21714828684813595)	(4.0, 0.16321055279190655)	(5.0, 0.11667877703873455)	(6.0, 0.11570063160248169)	(7.0, 0.08118607120898776)	(8.0, 0.07825163490022916)	(9.0, 0.07545693365379241)	('>10', 1.5271644961153652)	('>50', 0.8508467944776703)	('>100', 1.5284221116762617)	('>500', 1.2187692135710693)	('>1k', 3.1756190263260855)	('>5k', 3.627242747750266)	('>10k+', 85.46559722765636)
092023_BEL_CBC_T4_91_MCAV_S78_R2_16S	(1.0, 1.499870440347165)	(2.0, 0.3440884631478326)	(3.0, 0.21535286464175155)	(4.0, 0.1563871993231767)	(5.0, 0.12955965283506735)	(6.0, 0.10602832366290318)	(7.0, 0.09549874057030053)	(8.0, 0.09156159210958824)	(9.0, 0.07663705259572536)	('>10', 1.5947282497726984)	('>50', 1.0189889585876075)	('>100', 3.177828177347479)	('>500', 2.417592278061568)	('>1k', 6.460311254476217)	('>5k', 4.243788232687305)	('>10k+', 78.37177851983361)
102019_BEL_CBC_T1_25_PSTR_S65_R2_16S	(1.0, 1.101144030692941)	(2.0, 0.2769192835082343)	(3.0, 0.1833483840579634)	(4.0, 0.1285546141096065)	(5.0, 0.10642636086123161)	(6.0, 0.08851301299349956)	(7.0, 0.0826121454605996)	(8.0, 0.06828146716641395)	(9.0, 0.07302323571963713)	('>10', 1.1084147424745499)	('>50', 0.6144278318632094)	('>100', 1.6399143109736114)	('>500', 0.346254477019809)	('>1k', 2.245490841537471)	('>5k', 2.7064961175452815)	('>10k+', 89.23017914401595)
102019_BEL_CBC_T1_27_PSTR_S88_R2_16S	(1.0, 1.1698116977839355)	(2.0, 0.2810878499443819)	(3.0, 0.15736257002218063)	(4.0, 0.11656486668309676)	(5.0, 0.09075407477469676)	(6.0, 0.06794066515243354)	(7.0, 0.06877327134302709)	(8.0, 0.05328679619798709)	(9.0, 0.04795811657818838)	('>10', 0.8297753295455302)	('>50', 0.5163823594061187)	('>100', 0.667583643617907)	('>500', 0.7217030460064877)	('>1k', 2.7147957450493236)	('>5k', 2.0553716420992334)	('>10k+', 90.44084832579547)
102019_BEL_CBC_T1_28_PSTR_S19_R2_16S	(1.0, 2.563521655153347)	(2.0, 1.4023338952396678)	(3.0, 0.9999116821478902)	(4.0, 0.6466402737085434)	(5.0, 0.47230851345695274)	(6.0, 0.2972087718826678)	(7.0, 0.1814355874865123)	(8.0, 0.14284452602112716)	(9.0, 0.09503768868341121)	('>10', 1.230690069617507)	('>50', 0.507827649631561)	('>100', 1.7682769955034694)	('>500', 1.2101465692354363)	('>1k', 5.662710282885921)	('>5k', 0.9937678315663364)	('>10k+', 81.82533800777965)
102019_BEL_CBC_T1_31_PSTR_S22_R2_16S	(1.0, 2.400081699209627)	(2.0, 1.1444586004322692)	(3.0, 0.6830589657348827)	(4.0, 0.45068498425448633)	(5.0, 0.2335458963725886)	(6.0, 0.176791732307852)	(7.0, 0.09258127648318386)	(8.0, 0.06562723396276324)	(9.0, 0.048215926993050544)	('>10', 0.6060474156765381)	('>50', 0.6351778715681728)	('>100', 1.3468650439551793)	('>500', 0.5601753184678719)	('>1k', 2.8003743430998487)	('>5k', 4.26560279116644)	('>10k+', 84.49071090031525)
102019_BEL_CBC_T2_33_PSTR_S72_R2_16S	(1.0, 0.7676946570403637)	(2.0, 0.19365856743984314)	(3.0, 0.12133479113392187)	(4.0, 0.09440764803151741)	(5.0, 0.06776965545907164)	(6.0, 0.05096278090522188)	(7.0, 0.04048107419421879)	(8.0, 0.0303608056456641)	(9.0, 0.036107672428593376)	('>10', 0.702129774372227)	('>50', 0.24277801371657826)	('>100', 0.8729093061290877)	('>500', 0.47821883273545435)	('>1k', 1.4204519784221417)	('>5k', 0.44677371260244514)	('>10k+', 94.43396072974365)
102019_BEL_CBC_T3_36_PSTR_S83_R2_16S	(1.0, 0.8458031770173118)	(2.0, 0.18643739729717468)	(3.0, 0.12096030767339797)	(4.0, 0.08041046094148015)	(5.0, 0.07035915332379512)	(6.0, 0.05203705543784358)	(7.0, 0.05025653808842508)	(8.0, 0.03675906785896235)	(9.0, 0.04290472451663262)	('>10', 0.43668623895576675)	('>50', 0.2051615474878336)	('>100', 0.8687775944291632)	('>500', 0.3620193823672495)	('>1k', 1.2379190461940868)	('>5k', 0.0)	('>10k+', 95.40350830841088)
112023_BEL_CBC_T2_308_PAST_S62_R2_16S	(1.0, 2.0313767788515262)	(2.0, 0.5684551139096594)	(3.0, 0.3172659738316304)	(4.0, 0.1988783133564278)	(5.0, 0.1684311448621213)	(6.0, 0.13798397636781476)	(7.0, 0.10429774739539051)	(8.0, 0.06218996117986016)	(9.0, 0.06850612911218971)	('>10', 1.0650030852051053)	('>50', 0.568940972981377)	('>100', 1.769498739195709)	('>500', 0.9974686742363509)	('>1k', 5.051962627720203)	('>5k', 0.9824070430131036)	('>10k+', 85.90733371878153)
112023_BEL_CBC_T3_347_MCAV_S81_R2_16S	(1.0, 1.511845327179323)	(2.0, 0.377770923063448)	(3.0, 0.19764426317533218)	(4.0, 0.14928044540410446)	(5.0, 0.1151972824865857)	(6.0, 0.09253864345203414)	(7.0, 0.08130452830044974)	(8.0, 0.08073330210630139)	(9.0, 0.08911128628714399)	('>10', 3.376708442342332)	('>50', 1.7344331341658001)	('>100', 3.088239214297411)	('>500', 1.2466059643631018)	('>1k', 4.417482568080642)	('>5k', 0.959660006169243)	('>10k+', 82.48144466912674)
112023_BEL_CBC_T4_396_MCAV_S1_R2_16S	(1.0, 2.583258172659667)	(2.0, 0.5224375882783384)	(3.0, 0.34715722478430305)	(4.0, 0.20761363442982828)	(5.0, 0.16592073243367425)	(6.0, 0.17357861239215153)	(7.0, 0.19059612341098991)	(8.0, 0.14294709255824242)	(9.0, 0.1991048789204091)	('>10', 1.9476541361060533)	('>50', 1.5434882494086415)	('>100', 2.54922315062199)	('>500', 1.844698194442081)	('>1k', 10.013103483484507)	('>5k', 10.82654051018498)	('>10k+', 66.74267821588414)
122022_BEL_CBC_T1_120_OANN_S35_R2_16S	(1.0, 1.3610322206346126)	(2.0, 0.34398207765174904)	(3.0, 0.19345316845713748)	(4.0, 0.1430808642084198)	(5.0, 0.12348074582370477)	(6.0, 0.08996454338584205)	(7.0, 0.07546045578115292)	(8.0, 0.088592535098912)	(9.0, 0.07497045282153504)	('>10', 1.8142849582811478)	('>50', 0.9539377617840812)	('>100', 2.9081675653320946)	('>500', 1.8804353578295612)	('>1k', 3.299091926515236)	('>5k', 4.112790841256682)	('>10k+', 82.53727452513813)
122022_BEL_CBC_T1_136_OANN_S66_R2_16S	(1.0, 1.6291427563253382)	(2.0, 0.4482534860006758)	(3.0, 0.2955961113486778)	(4.0, 0.22906082073149947)	(5.0, 0.21081968487690222)	(6.0, 0.18031811344790363)	(7.0, 0.19153192647327075)	(8.0, 0.20334380952665748)	(9.0, 0.1870464012631239)	('>10', 3.8065662108376266)	('>50', 1.8191795077285597)	('>100', 2.885089815166458)	('>500', 0.8468671596757263)	('>1k', 2.461357200314585)	('>5k', 2.770708922307713)	('>10k+', 81.83511807397528)
122022_BEL_CBC_T1_139_PAST_S18_R2_16S	(1.0, 3.2249517595390325)	(2.0, 1.7519115533562248)	(3.0, 1.1939012281579773)	(4.0, 0.7911167967798656)	(5.0, 0.5245564687714941)	(6.0, 0.3693305749513581)	(7.0, 0.22668333114768138)	(8.0, 0.17770688533891432)	(9.0, 0.12525123846176492)	('>10', 1.6729604521890866)	('>50', 0.6546250625587116)	('>100', 1.075340760981563)	('>500', 1.0986246450545833)	('>1k', 4.364791555711376)	('>5k', 1.3785665156336562)	('>10k+', 81.36968117136672)
122022_BEL_CBC_T2_101_OFAV_S50_R2_16S	(1.0, 1.5130300230073201)	(2.0, 0.32377255462450827)	(3.0, 0.19155081886591027)	(4.0, 0.13342123510602422)	(5.0, 0.10264946338551309)	(6.0, 0.08857841334839782)	(7.0, 0.07912082233984492)	(8.0, 0.07676795823527811)	(9.0, 0.06934028919929267)	('>10', 1.886028185466589)	('>50', 1.1191328911486638)	('>100', 2.918151239336566)	('>500', 1.4286037227846284)	('>1k', 4.474593911802659)	('>5k', 5.413801900837389)	('>10k+', 80.18145657051141)
122022_BEL_CBC_T2_102_OFAV_S27_R2_16S	(1.0, 1.7546142852798978)	(2.0, 0.631982242223371)	(3.0, 0.34080335694955455)	(4.0, 0.1882810837108888)	(5.0, 0.10095174385015356)	(6.0, 0.06713899109070454)	(7.0, 0.0459756134642868)	(8.0, 0.04281326968102898)	(9.0, 0.0415969836105452)	('>10', 0.6224952108735975)	('>50', 0.4620670781767872)	('>100', 1.5140329005382065)	('>500', 0.818074011007389)	('>1k', 1.9638154894031077)	('>5k', 3.2333748897740744)	('>10k+', 88.1719828503664)
122022_BEL_CBC_T2_116_PSTR_S32_R2_16S	(1.0, 1.824343099899681)	(2.0, 0.46360183933598026)	(3.0, 0.2840012622278321)	(4.0, 0.19938175955187773)	(5.0, 0.1577784790154623)	(6.0, 0.12339690000612275)	(7.0, 0.0983564349285444)	(8.0, 0.09608002901240091)	(9.0, 0.09749297061552445)	('>10', 1.7402730745138304)	('>50', 0.8922726223725173)	('>100', 2.6845105491790022)	('>500', 1.2941760117054364)	('>1k', 8.06868152139272)	('>5k', 5.295469638239852)	('>10k+', 76.6801838080032)
122022_BEL_CBC_T2_117_PSTR_S56_R2_16S	(1.0, 1.5470873025532894)	(2.0, 0.39491531211882136)	(3.0, 0.22145029364711732)	(4.0, 0.1520117476359809)	(5.0, 0.10507724490966422)	(6.0, 0.07933331990679648)	(7.0, 0.05393965238696096)	(8.0, 0.06654892177612068)	(9.0, 0.05201323623028379)	('>10', 0.7071698582420403)	('>50', 0.43528248703828404)	('>100', 1.1425399096510822)	('>500', 0.386071310672258)	('>1k', 3.0267500396228777)	('>5k', 2.386304231898474)	('>10k+', 89.24350513170994)
122022_BEL_CBC_T2_119_OANN_S5_R2_16S	(1.0, 2.1154156619917823)	(2.0, 1.121763992104948)	(3.0, 0.7129502809617798)	(4.0, 0.4506498488864817)	(5.0, 0.24823932353916367)	(6.0, 0.19268926512480536)	(7.0, 0.1093641775032679)	(8.0, 0.06249381571615309)	(9.0, 0.0515573979658263)	('>10', 0.8799476440699444)	('>50', 0.4374567100130716)	('>100', 1.3923969329423997)	('>500', 0.8282166521715734)	('>1k', 2.7997229440836584)	('>5k', 1.2024851707383124)	('>10k+', 87.39465018218682)
122022_BEL_CBC_T2_89_PAST_S17_R2_16S	(1.0, 1.9908938195030368)	(2.0, 0.6886644015232709)	(3.0, 0.3721524183066153)	(4.0, 0.220737463799512)	(5.0, 0.14290166389224607)	(6.0, 0.0966866576973069)	(7.0, 0.07449129288000061)	(8.0, 0.06324158742465358)	(9.0, 0.08209244521469454)	('>10', 0.7835267826602513)	('>50', 0.4098541338866972)	('>100', 0.9069694965756809)	('>500', 1.0112573066076818)	('>1k', 2.889806094603942)	('>5k', 2.9829962222272894)	('>10k+', 87.28372821319712)
122022_BEL_CBC_T3_121_OFAV_S73_R2_16S	(1.0, 1.0784416784247999)	(2.0, 0.27123903828586404)	(3.0, 0.1776674923269852)	(4.0, 0.1539784933500538)	(5.0, 0.11548387001254036)	(6.0, 0.10482382047292124)	(7.0, 0.09120264606118572)	(8.0, 0.095940445856572)	(9.0, 0.10127047062638156)	('>10', 1.21909510985033)	('>50', 0.6247973480165645)	('>100', 1.4854482920972019)	('>500', 0.8101637650110525)	('>1k', 1.343018185748402)	('>5k', 4.6060297385770905)	('>10k+', 87.72139960528206)
122022_BEL_CBC_T4_12_PSTR_S86_R2_16S	(1.0, 2.074059684981299)	(2.0, 0.5043986724964442)	(3.0, 0.30965205710372434)	(4.0, 0.2554917557814887)	(5.0, 0.2494007796449455)	(6.0, 0.20347152715587632)	(7.0, 0.17285202549649686)	(8.0, 0.2001791076226097)	(9.0, 0.18371700995627666)	('>10', 2.9771703629563295)	('>50', 1.1243612706105461)	('>100', 4.887102934204289)	('>500', 3.3311054627824896)	('>1k', 12.795494653110678)	('>5k', 2.432768793130696)	('>10k+', 68.29877390296582)
122022_BEL_CBC_T4_13_PSTR_S49_R2_16S	(1.0, 1.3419620912534223)	(2.0, 0.29988882039243975)	(3.0, 0.18517115544878143)	(4.0, 0.12090926536468719)	(5.0, 0.09152800622390442)	(6.0, 0.07406846217951257)	(7.0, 0.07429920505234595)	(8.0, 0.06706926170356693)	(9.0, 0.05710886102625969)	('>10', 1.3087351175654165)	('>50', 0.7394924502854866)	('>100', 2.437067765720608)	('>500', 1.2225911117076242)	('>1k', 6.008082922835353)	('>5k', 4.353771896056489)	('>10k+', 81.6182536071841)
122022_BEL_CBC_T4_14_MCAV_S38_R2_16S	(1.0, 1.6964380607816347)	(2.0, 0.4220551191714046)	(3.0, 0.2560599204318724)	(4.0, 0.16259859731317872)	(5.0, 0.11942888886210565)	(6.0, 0.0926943486030655)	(7.0, 0.08590114575035857)	(8.0, 0.058728334339530855)	(9.0, 0.061138825674362345)	('>10', 1.058315263778971)	('>50', 0.5328281527857063)	('>100', 1.1791685338843862)	('>500', 0.9212459610574169)	('>1k', 5.297383411656041)	('>5k', 4.858345285352868)	('>10k+', 83.1976701505571)
122022_BEL_CBC_T4_15_MCAV_S2_R2_16S	(1.0, 3.787591103309958)	(2.0, 2.4247334059065606)	(3.0, 2.032894237179433)	(4.0, 1.749633617719119)	(5.0, 1.3459802026987113)	(6.0, 1.093661656863655)	(7.0, 0.8348734047251359)	(8.0, 0.6188414725051546)	(9.0, 0.4455658602037113)	('>10', 3.9046083999291143)	('>50', 1.1307921452139644)	('>100', 1.9215027721285052)	('>500', 2.2331738410083743)	('>1k', 3.200535579165295)	('>5k', 6.792910327057718)	('>10k+', 66.48270197438559)
122022_BEL_CBC_T4_35_PSTR_S87_R2_16S	(1.0, 1.9583396493355565)	(2.0, 0.481279369410338)	(3.0, 0.3338638775200849)	(4.0, 0.2804304987115355)	(5.0, 0.2355868829265828)	(6.0, 0.2122176747006215)	(7.0, 0.18569046536304382)	(8.0, 0.18291142438482139)	(9.0, 0.15575261482492042)	('>10', 2.253423273204992)	('>50', 1.1190692739123844)	('>100', 4.205446920317316)	('>500', 2.797483704714264)	('>1k', 8.784422212116619)	('>5k', 2.901445101308676)	('>10k+', 73.91263705724825)
122022_BEL_CBC_T4_3_MCAV_S84_R2_16S	(1.0, 2.296285228694694)	(2.0, 0.7974898679565957)	(3.0, 0.5322824645611939)	(4.0, 0.42489214276376)	(5.0, 0.33851297088321536)	(6.0, 0.2689427189361821)	(7.0, 0.23205647797097662)	(8.0, 0.20357469697252678)	(9.0, 0.18910034925200306)	('>10', 4.146900621930037)	('>50', 1.5802719309713689)	('>100', 2.010066675382403)	('>500', 5.15543581794072)	('>1k', 14.031946286162524)	('>5k', 7.039902508264386)	('>10k+', 60.75233924135741)
122022_BEL_CBC_T4_4_PSTR_S41_R2_16S	(1.0, 1.2879456463900534)	(2.0, 0.3312740911863571)	(3.0, 0.18056222501979208)	(4.0, 0.14211366497514633)	(5.0, 0.1200503562575437)	(6.0, 0.11193884569960157)	(7.0, 0.08857769529272819)	(8.0, 0.07787050135624457)	(9.0, 0.08030395452362721)	('>10', 1.0794798250509403)	('>50', 0.47046761236064427)	('>100', 1.20991291482265)	('>500', 0.7715668842714566)	('>1k', 4.335926853642393)	('>5k', 1.9808308782494712)	('>10k+', 87.73117805090135)
122023_BEL_CBC_T2_517_SSID_S59_R2_16S	(1.0, 1.4257910270837422)	(2.0, 0.28337211211539926)	(3.0, 0.17192149198861065)	(4.0, 0.1275094410649281)	(5.0, 0.09551193999367258)	(6.0, 0.08818335088723984)	(7.0, 0.07652969279996155)	(8.0, 0.06471584697265195)	(9.0, 0.06235307780719003)	('>10', 1.4200242684426148)	('>50', 2.1482377346249804)	('>100', 4.712603170916314)	('>500', 1.9318641447776796)	('>1k', 5.233333466823117)	('>5k', 2.730680357378848)	('>10k+', 79.42736887632304)
122023_BEL_CBC_T2_519_PAST_S90_R2_16S	(1.0, 1.4119776223457838)	(2.0, 0.36821826749605885)	(3.0, 0.23860202263944774)	(4.0, 0.16049080592563927)	(5.0, 0.14299047868374773)	(6.0, 0.12207545344343838)	(7.0, 0.10955489411590624)	(8.0, 0.08764391529272499)	(9.0, 0.08067224021262187)	('>10', 0.8424344520263386)	('>50', 0.5716773565684561)	('>100', 0.9676400453016601)	('>500', 0.6621668535265294)	('>1k', 2.5412467062392223)	('>5k', 3.9116788362709225)	('>10k+', 87.7809300499115)
122023_BEL_CBC_T4_538_OFAV_S45_R2_16S	(1.0, 1.509141768562367)	(2.0, 0.45997287339464593)	(3.0, 0.2784451173392338)	(4.0, 0.22460213884822178)	(5.0, 0.18075857064839765)	(6.0, 0.11999292349425547)	(7.0, 0.13101791432812937)	(8.0, 0.1394789538052884)	(9.0, 0.11999292349425547)	('>10', 1.3742779271991652)	('>50', 0.6756011824943657)	('>100', 1.8791199493363213)	('>500', 1.4342743889462928)	('>1k', 5.2966107127015585)	('>5k', 0.0)	('>10k+', 86.1767126554075)
Negative_S96_R2_16S	(1.0, 7.602997709004776)	(2.0, 2.151205684774589)	(3.0, 1.095018056148798)	(4.0, 0.5746903273405041)	(5.0, 0.2718129926610492)	(6.0, 0.3028773346794548)	(7.0, 0.16308779559662953)	(8.0, 0.1553217100920281)	(9.0, 0.17473692385353162)	('>10', 4.842154312118977)	('>50', 1.999767017434862)	('>100', 3.26175591193259)	('>500', 0.0)	('>1k', 33.23884595969402)	('>5k', 44.16572826466819)	('>10k+', 0.0)
Undetermined_S0_R2_16S	(1.0, 10.964739209991263)	(2.0, 1.2221528364802203)	(3.0, 0.6544064663978278)	(4.0, 0.4740910595601845)	(5.0, 0.35770360429168113)	(6.0, 0.2865061297812504)	(7.0, 0.23114259142637117)	(8.0, 0.21163454929179806)	(9.0, 0.19245511275241395)	('>10', 4.637649059461877)	('>50', 4.423883762640089)	('>100', 5.882591460627211)	('>500', 1.3562174728734868)	('>1k', 11.920762758828117)	('>5k', 3.9594946798402946)	('>10k+', 53.22456924575592)
