Sample	0	1	2	3	4	5	6	7	8	9	10	11	12	13	14	15	16	17	18	19	20	21	22	23	24	25	26	27	28	29	30	31	32	33	34	35	36	37	38
012024_BEL_CBC_T1_565_PAST_S53_R2_16S	(11.0, 1.0)	(12.0, 0.0)	(13.0, 0.0)	(14.0, 5.0)	(15.0, 52.0)	(16.0, 531.0)	(17.0, 1153.0)	(18.0, 1697.0)	(19.0, 2721.0)	(20.0, 2599.0)	(21.0, 2294.0)	(22.0, 2293.0)	(23.0, 2203.0)	(24.0, 2381.0)	(25.0, 2567.0)	(26.0, 2972.0)	(27.0, 3353.0)	(28.0, 4121.0)	(29.0, 5013.0)	(30.0, 6165.0)	(31.0, 7920.0)	(32.0, 11033.0)	(33.0, 14557.0)	(34.0, 18069.0)	(35.0, 21176.0)	(36.0, 25657.0)	(37.0, 34474.0)	(38.0, 75316.0)	(39.0, 910906.0)	(40.0, 53671.0)									
012024_BEL_CBC_T2_585_OFAV_S43_R2_16S	(8.0, 1.0)	(9.0, 1.0)	(10.0, 1.0)	(11.0, 0.0)	(12.0, 0.0)	(13.0, 0.0)	(14.0, 0.0)	(15.0, 11.0)	(16.0, 133.0)	(17.0, 447.0)	(18.0, 509.0)	(19.0, 771.0)	(20.0, 799.0)	(21.0, 869.0)	(22.0, 1087.0)	(23.0, 865.0)	(24.0, 1499.0)	(25.0, 1818.0)	(26.0, 1427.0)	(27.0, 1515.0)	(28.0, 1641.0)	(29.0, 1608.0)	(30.0, 1786.0)	(31.0, 2162.0)	(32.0, 2749.0)	(33.0, 3380.0)	(34.0, 4297.0)	(35.0, 5298.0)	(36.0, 7083.0)	(37.0, 10998.0)	(38.0, 26580.0)	(39.0, 461557.0)	(40.0, 86109.0)						
012024_BEL_CBC_T2_593_MCAV_S6_R2_16S	(10.0, 1.0)	(11.0, 0.0)	(12.0, 0.0)	(13.0, 0.0)	(14.0, 2.0)	(15.0, 12.0)	(16.0, 116.0)	(17.0, 346.0)	(18.0, 426.0)	(19.0, 538.0)	(20.0, 429.0)	(21.0, 568.0)	(22.0, 630.0)	(23.0, 590.0)	(24.0, 1088.0)	(25.0, 878.0)	(26.0, 770.0)	(27.0, 831.0)	(28.0, 964.0)	(29.0, 985.0)	(30.0, 1109.0)	(31.0, 1274.0)	(32.0, 1597.0)	(33.0, 1959.0)	(34.0, 2433.0)	(35.0, 3057.0)	(36.0, 4308.0)	(37.0, 6913.0)	(38.0, 16598.0)	(39.0, 275938.0)	(40.0, 94181.0)								
012024_BEL_CBC_T3_625_SSID_S54_R2_16S	(8.0, 1.0)	(9.0, 1.0)	(10.0, 8.0)	(11.0, 1.0)	(12.0, 1.0)	(13.0, 3.0)	(14.0, 17.0)	(15.0, 166.0)	(16.0, 1231.0)	(17.0, 2616.0)	(18.0, 4116.0)	(19.0, 6124.0)	(20.0, 6100.0)	(21.0, 5934.0)	(22.0, 5964.0)	(23.0, 6396.0)	(24.0, 7445.0)	(25.0, 8744.0)	(26.0, 10240.0)	(27.0, 12486.0)	(28.0, 15330.0)	(29.0, 19509.0)	(30.0, 26586.0)	(31.0, 37354.0)	(32.0, 57204.0)	(33.0, 78641.0)	(34.0, 94347.0)	(35.0, 93363.0)	(36.0, 91913.0)	(37.0, 127112.0)	(38.0, 286143.0)	(39.0, 1444197.0)	(40.0, 101722.0)						
012024_BEL_CBC_T3_642_PSTR_S40_R2_16S	(14.0, 5.0)	(15.0, 24.0)	(16.0, 231.0)	(17.0, 883.0)	(18.0, 1080.0)	(19.0, 1249.0)	(20.0, 1155.0)	(21.0, 1284.0)	(22.0, 1414.0)	(23.0, 1222.0)	(24.0, 1874.0)	(25.0, 2118.0)	(26.0, 1662.0)	(27.0, 1780.0)	(28.0, 1857.0)	(29.0, 1999.0)	(30.0, 2280.0)	(31.0, 2603.0)	(32.0, 3212.0)	(33.0, 3885.0)	(34.0, 4959.0)	(35.0, 6292.0)	(36.0, 9048.0)	(37.0, 14959.0)	(38.0, 36655.0)	(39.0, 588181.0)	(40.0, 157431.0)												
012024_BEL_CBC_T3_644_PSTR_S16_R2_16S	(13.0, 1.0)	(14.0, 2.0)	(15.0, 29.0)	(16.0, 312.0)	(17.0, 1252.0)	(18.0, 1391.0)	(19.0, 1483.0)	(20.0, 1243.0)	(21.0, 1450.0)	(22.0, 1737.0)	(23.0, 1540.0)	(24.0, 2277.0)	(25.0, 2608.0)	(26.0, 2194.0)	(27.0, 2288.0)	(28.0, 2443.0)	(29.0, 2749.0)	(30.0, 3294.0)	(31.0, 4036.0)	(32.0, 4886.0)	(33.0, 6002.0)	(34.0, 7448.0)	(35.0, 9252.0)	(36.0, 12157.0)	(37.0, 18942.0)	(38.0, 44637.0)	(39.0, 700342.0)	(40.0, 191747.0)											
022024_BEL_CBC_T1_771_PAST_S10_R2_16S	(9.0, 2.0)	(10.0, 2.0)	(11.0, 0.0)	(12.0, 6.0)	(13.0, 0.0)	(14.0, 4.0)	(15.0, 57.0)	(16.0, 584.0)	(17.0, 1577.0)	(18.0, 1919.0)	(19.0, 3029.0)	(20.0, 2757.0)	(21.0, 2349.0)	(22.0, 2233.0)	(23.0, 2223.0)	(24.0, 2406.0)	(25.0, 2466.0)	(26.0, 2823.0)	(27.0, 3084.0)	(28.0, 3629.0)	(29.0, 4147.0)	(30.0, 5025.0)	(31.0, 5927.0)	(32.0, 7272.0)	(33.0, 8876.0)	(34.0, 11632.0)	(35.0, 15018.0)	(36.0, 20103.0)	(37.0, 31233.0)	(38.0, 78683.0)	(39.0, 1195402.0)	(40.0, 34105.0)							
022024_BEL_CBC_T2_808_PAST_S15_R2_16S	(14.0, 1.0)	(15.0, 16.0)	(16.0, 125.0)	(17.0, 326.0)	(18.0, 424.0)	(19.0, 665.0)	(20.0, 558.0)	(21.0, 464.0)	(22.0, 531.0)	(23.0, 511.0)	(24.0, 525.0)	(25.0, 563.0)	(26.0, 584.0)	(27.0, 615.0)	(28.0, 744.0)	(29.0, 843.0)	(30.0, 1071.0)	(31.0, 1266.0)	(32.0, 1560.0)	(33.0, 2065.0)	(34.0, 2453.0)	(35.0, 3067.0)	(36.0, 4709.0)	(37.0, 7960.0)	(38.0, 22257.0)	(39.0, 377144.0)	(40.0, 18649.0)												
022024_BEL_CBC_T4_872_PSTR_S89_R2_16S	(15.0, 9.0)	(16.0, 111.0)	(17.0, 314.0)	(18.0, 356.0)	(19.0, 353.0)	(20.0, 323.0)	(21.0, 367.0)	(22.0, 527.0)	(23.0, 448.0)	(24.0, 728.0)	(25.0, 786.0)	(26.0, 635.0)	(27.0, 692.0)	(28.0, 842.0)	(29.0, 842.0)	(30.0, 985.0)	(31.0, 1087.0)	(32.0, 1387.0)	(33.0, 1738.0)	(34.0, 2095.0)	(35.0, 2878.0)	(36.0, 4086.0)	(37.0, 6303.0)	(38.0, 15165.0)	(39.0, 272140.0)	(40.0, 97637.0)													
042024_BEL_CBC_T1_1146_OANN_S52_R2_16S	(13.0, 1.0)	(14.0, 0.0)	(15.0, 17.0)	(16.0, 164.0)	(17.0, 578.0)	(18.0, 742.0)	(19.0, 1025.0)	(20.0, 858.0)	(21.0, 889.0)	(22.0, 1121.0)	(23.0, 960.0)	(24.0, 1850.0)	(25.0, 1970.0)	(26.0, 1622.0)	(27.0, 1542.0)	(28.0, 1656.0)	(29.0, 1781.0)	(30.0, 1987.0)	(31.0, 2188.0)	(32.0, 2532.0)	(33.0, 3173.0)	(34.0, 3870.0)	(35.0, 5043.0)	(36.0, 7312.0)	(37.0, 11587.0)	(38.0, 28352.0)	(39.0, 499890.0)	(40.0, 74542.0)											
042024_BEL_CBC_T1_929_PAST_S8_R2_16S	(14.0, 5.0)	(15.0, 52.0)	(16.0, 385.0)	(17.0, 1070.0)	(18.0, 1522.0)	(19.0, 1901.0)	(20.0, 1755.0)	(21.0, 1535.0)	(22.0, 1605.0)	(23.0, 1560.0)	(24.0, 1881.0)	(25.0, 2022.0)	(26.0, 2237.0)	(27.0, 2687.0)	(28.0, 2992.0)	(29.0, 3629.0)	(30.0, 4246.0)	(31.0, 5402.0)	(32.0, 7173.0)	(33.0, 9355.0)	(34.0, 11763.0)	(35.0, 14593.0)	(36.0, 17681.0)	(37.0, 25081.0)	(38.0, 57336.0)	(39.0, 815700.0)	(40.0, 29081.0)												
042024_BEL_CBC_T1_933_SSID_S82_R2_16S	(12.0, 1.0)	(13.0, 0.0)	(14.0, 5.0)	(15.0, 39.0)	(16.0, 314.0)	(17.0, 817.0)	(18.0, 1166.0)	(19.0, 1331.0)	(20.0, 1320.0)	(21.0, 1154.0)	(22.0, 1131.0)	(23.0, 1195.0)	(24.0, 1452.0)	(25.0, 1529.0)	(26.0, 1707.0)	(27.0, 2139.0)	(28.0, 2395.0)	(29.0, 2738.0)	(30.0, 3069.0)	(31.0, 3556.0)	(32.0, 4443.0)	(33.0, 5475.0)	(34.0, 6666.0)	(35.0, 8494.0)	(36.0, 11505.0)	(37.0, 17477.0)	(38.0, 44586.0)	(39.0, 559574.0)	(40.0, 22297.0)										
042024_BEL_CBC_T2_1017_MCAV_S94_R2_16S	(15.0, 10.0)	(16.0, 109.0)	(17.0, 367.0)	(18.0, 406.0)	(19.0, 411.0)	(20.0, 396.0)	(21.0, 547.0)	(22.0, 649.0)	(23.0, 560.0)	(24.0, 1134.0)	(25.0, 812.0)	(26.0, 789.0)	(27.0, 806.0)	(28.0, 991.0)	(29.0, 962.0)	(30.0, 1149.0)	(31.0, 1231.0)	(32.0, 1646.0)	(33.0, 2059.0)	(34.0, 2596.0)	(35.0, 3381.0)	(36.0, 4853.0)	(37.0, 7836.0)	(38.0, 22389.0)	(39.0, 324514.0)	(40.0, 114663.0)													
042024_BEL_CBC_T2_1028_PAST_S61_R2_16S	(14.0, 5.0)	(15.0, 44.0)	(16.0, 253.0)	(17.0, 582.0)	(18.0, 675.0)	(19.0, 1121.0)	(20.0, 1221.0)	(21.0, 1093.0)	(22.0, 958.0)	(23.0, 906.0)	(24.0, 1050.0)	(25.0, 974.0)	(26.0, 1129.0)	(27.0, 1167.0)	(28.0, 1459.0)	(29.0, 1694.0)	(30.0, 2000.0)	(31.0, 2329.0)	(32.0, 3011.0)	(33.0, 3781.0)	(34.0, 4689.0)	(35.0, 5757.0)	(36.0, 7702.0)	(37.0, 12239.0)	(38.0, 30017.0)	(39.0, 488205.0)	(40.0, 27111.0)												
042024_BEL_CBC_T2_1040_SSID_S34_R2_16S	(12.0, 1.0)	(13.0, 0.0)	(14.0, 1.0)	(15.0, 50.0)	(16.0, 314.0)	(17.0, 632.0)	(18.0, 870.0)	(19.0, 1438.0)	(20.0, 1463.0)	(21.0, 1317.0)	(22.0, 1227.0)	(23.0, 1176.0)	(24.0, 1423.0)	(25.0, 1419.0)	(26.0, 1584.0)	(27.0, 1724.0)	(28.0, 2124.0)	(29.0, 2324.0)	(30.0, 2800.0)	(31.0, 3470.0)	(32.0, 4477.0)	(33.0, 5804.0)	(34.0, 7116.0)	(35.0, 8660.0)	(36.0, 11124.0)	(37.0, 17296.0)	(38.0, 43435.0)	(39.0, 633066.0)	(40.0, 55841.0)										
042024_BEL_CBC_T3_947_MCAV_S70_R2_16S	(13.0, 2.0)	(14.0, 3.0)	(15.0, 16.0)	(16.0, 235.0)	(17.0, 650.0)	(18.0, 660.0)	(19.0, 591.0)	(20.0, 566.0)	(21.0, 829.0)	(22.0, 1038.0)	(23.0, 962.0)	(24.0, 1913.0)	(25.0, 1337.0)	(26.0, 1299.0)	(27.0, 1379.0)	(28.0, 1548.0)	(29.0, 1666.0)	(30.0, 1965.0)	(31.0, 2249.0)	(32.0, 2870.0)	(33.0, 3604.0)	(34.0, 4504.0)	(35.0, 5757.0)	(36.0, 8233.0)	(37.0, 13336.0)	(38.0, 36761.0)	(39.0, 479714.0)	(40.0, 147000.0)											
042024_BEL_CBC_T3_949_PSTR_S26_R2_16S	(14.0, 3.0)	(15.0, 61.0)	(16.0, 414.0)	(17.0, 1300.0)	(18.0, 1791.0)	(19.0, 1840.0)	(20.0, 1380.0)	(21.0, 1420.0)	(22.0, 1733.0)	(23.0, 1565.0)	(24.0, 2309.0)	(25.0, 2509.0)	(26.0, 2320.0)	(27.0, 2566.0)	(28.0, 2891.0)	(29.0, 3293.0)	(30.0, 3874.0)	(31.0, 4741.0)	(32.0, 6109.0)	(33.0, 7986.0)	(34.0, 10398.0)	(35.0, 12175.0)	(36.0, 15144.0)	(37.0, 21368.0)	(38.0, 51347.0)	(39.0, 666196.0)	(40.0, 165575.0)												
042024_BEL_CBC_T3_962_SSID_S51_R2_16S	(8.0, 1.0)	(9.0, 0.0)	(10.0, 0.0)	(11.0, 1.0)	(12.0, 0.0)	(13.0, 0.0)	(14.0, 3.0)	(15.0, 13.0)	(16.0, 161.0)	(17.0, 340.0)	(18.0, 358.0)	(19.0, 548.0)	(20.0, 517.0)	(21.0, 516.0)	(22.0, 515.0)	(23.0, 517.0)	(24.0, 666.0)	(25.0, 747.0)	(26.0, 785.0)	(27.0, 930.0)	(28.0, 1215.0)	(29.0, 1459.0)	(30.0, 1786.0)	(31.0, 2568.0)	(32.0, 3404.0)	(33.0, 4557.0)	(34.0, 5534.0)	(35.0, 5475.0)	(36.0, 6161.0)	(37.0, 9454.0)	(38.0, 21299.0)	(39.0, 205135.0)	(40.0, 9218.0)						
052022_BEL_CBC_T1_11_PSTR_S85_R2_16S	(12.0, 1.0)	(13.0, 1.0)	(14.0, 1.0)	(15.0, 21.0)	(16.0, 198.0)	(17.0, 581.0)	(18.0, 684.0)	(19.0, 706.0)	(20.0, 706.0)	(21.0, 910.0)	(22.0, 1215.0)	(23.0, 1077.0)	(24.0, 1675.0)	(25.0, 1824.0)	(26.0, 1598.0)	(27.0, 1717.0)	(28.0, 2006.0)	(29.0, 2060.0)	(30.0, 2466.0)	(31.0, 3057.0)	(32.0, 4123.0)	(33.0, 5288.0)	(34.0, 6741.0)	(35.0, 8612.0)	(36.0, 11151.0)	(37.0, 15016.0)	(38.0, 33264.0)	(39.0, 502336.0)	(40.0, 179847.0)										
052022_BEL_CBC_T1_12_MCAV_S24_R2_16S	(15.0, 13.0)	(16.0, 111.0)	(17.0, 385.0)	(18.0, 371.0)	(19.0, 352.0)	(20.0, 357.0)	(21.0, 414.0)	(22.0, 456.0)	(23.0, 421.0)	(24.0, 864.0)	(25.0, 646.0)	(26.0, 556.0)	(27.0, 663.0)	(28.0, 756.0)	(29.0, 765.0)	(30.0, 836.0)	(31.0, 1005.0)	(32.0, 1171.0)	(33.0, 1421.0)	(34.0, 1813.0)	(35.0, 2431.0)	(36.0, 3473.0)	(37.0, 5338.0)	(38.0, 12774.0)	(39.0, 237417.0)	(40.0, 75513.0)													
052022_BEL_CBC_T1_13_MCAV_S75_R2_16S	(14.0, 1.0)	(15.0, 18.0)	(16.0, 144.0)	(17.0, 433.0)	(18.0, 364.0)	(19.0, 344.0)	(20.0, 287.0)	(21.0, 490.0)	(22.0, 618.0)	(23.0, 526.0)	(24.0, 1152.0)	(25.0, 910.0)	(26.0, 792.0)	(27.0, 888.0)	(28.0, 1043.0)	(29.0, 1045.0)	(30.0, 1329.0)	(31.0, 1550.0)	(32.0, 2192.0)	(33.0, 2759.0)	(34.0, 3295.0)	(35.0, 4095.0)	(36.0, 5324.0)	(37.0, 8228.0)	(38.0, 20138.0)	(39.0, 321345.0)	(40.0, 115113.0)												
052022_BEL_CBC_T1_39_MCAV_S77_R2_16S	(14.0, 4.0)	(15.0, 29.0)	(16.0, 281.0)	(17.0, 760.0)	(18.0, 705.0)	(19.0, 751.0)	(20.0, 734.0)	(21.0, 1115.0)	(22.0, 1299.0)	(23.0, 1231.0)	(24.0, 2445.0)	(25.0, 1720.0)	(26.0, 1556.0)	(27.0, 1738.0)	(28.0, 1986.0)	(29.0, 2145.0)	(30.0, 2400.0)	(31.0, 2860.0)	(32.0, 3750.0)	(33.0, 4519.0)	(34.0, 5867.0)	(35.0, 7456.0)	(36.0, 10395.0)	(37.0, 16083.0)	(38.0, 37318.0)	(39.0, 709656.0)	(40.0, 297757.0)												
052022_BEL_CBC_T1_40_MCAV_S46_R2_16S	(11.0, 1.0)	(12.0, 0.0)	(13.0, 0.0)	(14.0, 1.0)	(15.0, 13.0)	(16.0, 98.0)	(17.0, 323.0)	(18.0, 383.0)	(19.0, 545.0)	(20.0, 580.0)	(21.0, 664.0)	(22.0, 687.0)	(23.0, 619.0)	(24.0, 1225.0)	(25.0, 973.0)	(26.0, 824.0)	(27.0, 830.0)	(28.0, 904.0)	(29.0, 1098.0)	(30.0, 1201.0)	(31.0, 1335.0)	(32.0, 1605.0)	(33.0, 2013.0)	(34.0, 2561.0)	(35.0, 3398.0)	(36.0, 4853.0)	(37.0, 8004.0)	(38.0, 25137.0)	(39.0, 285383.0)	(40.0, 76607.0)									
052022_BEL_CBC_T1_41_OANN_S4_R2_16S	(15.0, 13.0)	(16.0, 111.0)	(17.0, 359.0)	(18.0, 491.0)	(19.0, 552.0)	(20.0, 510.0)	(21.0, 578.0)	(22.0, 850.0)	(23.0, 704.0)	(24.0, 1414.0)	(25.0, 1349.0)	(26.0, 1076.0)	(27.0, 1085.0)	(28.0, 1275.0)	(29.0, 1337.0)	(30.0, 1566.0)	(31.0, 1770.0)	(32.0, 2069.0)	(33.0, 2592.0)	(34.0, 3110.0)	(35.0, 4137.0)	(36.0, 5813.0)	(37.0, 9097.0)	(38.0, 21364.0)	(39.0, 397683.0)	(40.0, 77600.0)													
052022_BEL_CBC_T1_52_PAST_S30_R2_16S	(12.0, 1.0)	(13.0, 0.0)	(14.0, 9.0)	(15.0, 55.0)	(16.0, 539.0)	(17.0, 1481.0)	(18.0, 2166.0)	(19.0, 2567.0)	(20.0, 2131.0)	(21.0, 1853.0)	(22.0, 1902.0)	(23.0, 2011.0)	(24.0, 2164.0)	(25.0, 2453.0)	(26.0, 2805.0)	(27.0, 3319.0)	(28.0, 3822.0)	(29.0, 4481.0)	(30.0, 5573.0)	(31.0, 7032.0)	(32.0, 9522.0)	(33.0, 12711.0)	(34.0, 16470.0)	(35.0, 20975.0)	(36.0, 24773.0)	(37.0, 32681.0)	(38.0, 85035.0)	(39.0, 708292.0)	(40.0, 28966.0)										
052022_BEL_CBC_T1_60_MCAV_S92_R2_16S	(15.0, 10.0)	(16.0, 111.0)	(17.0, 289.0)	(18.0, 365.0)	(19.0, 378.0)	(20.0, 318.0)	(21.0, 496.0)	(22.0, 589.0)	(23.0, 516.0)	(24.0, 1057.0)	(25.0, 753.0)	(26.0, 646.0)	(27.0, 697.0)	(28.0, 821.0)	(29.0, 826.0)	(30.0, 984.0)	(31.0, 1089.0)	(32.0, 1413.0)	(33.0, 1756.0)	(34.0, 2224.0)	(35.0, 2910.0)	(36.0, 4247.0)	(37.0, 6774.0)	(38.0, 16096.0)	(39.0, 319413.0)	(40.0, 108310.0)													
052022_BEL_CBC_T1_70_MCAV_S36_R2_16S	(15.0, 10.0)	(16.0, 109.0)	(17.0, 306.0)	(18.0, 345.0)	(19.0, 512.0)	(20.0, 518.0)	(21.0, 644.0)	(22.0, 762.0)	(23.0, 636.0)	(24.0, 1161.0)	(25.0, 1046.0)	(26.0, 878.0)	(27.0, 897.0)	(28.0, 963.0)	(29.0, 1135.0)	(30.0, 1227.0)	(31.0, 1430.0)	(32.0, 1739.0)	(33.0, 2077.0)	(34.0, 2739.0)	(35.0, 3611.0)	(36.0, 5603.0)	(37.0, 9797.0)	(38.0, 29013.0)	(39.0, 351015.0)	(40.0, 38885.0)													
052022_BEL_CBC_T2_45_PSTR_S31_R2_16S	(13.0, 1.0)	(14.0, 7.0)	(15.0, 125.0)	(16.0, 1051.0)	(17.0, 3176.0)	(18.0, 4861.0)	(19.0, 4800.0)	(20.0, 3629.0)	(21.0, 3719.0)	(22.0, 4797.0)	(23.0, 4154.0)	(24.0, 6300.0)	(25.0, 6882.0)	(26.0, 5977.0)	(27.0, 6679.0)	(28.0, 7638.0)	(29.0, 8691.0)	(30.0, 10249.0)	(31.0, 13029.0)	(32.0, 16647.0)	(33.0, 20289.0)	(34.0, 23678.0)	(35.0, 28098.0)	(36.0, 36289.0)	(37.0, 56085.0)	(38.0, 128960.0)	(39.0, 1948782.0)	(40.0, 510209.0)											
052022_BEL_CBC_T2_46_PSTR_S68_R2_16S	(14.0, 1.0)	(15.0, 26.0)	(16.0, 194.0)	(17.0, 629.0)	(18.0, 678.0)	(19.0, 606.0)	(20.0, 610.0)	(21.0, 733.0)	(22.0, 848.0)	(23.0, 810.0)	(24.0, 1351.0)	(25.0, 1369.0)	(26.0, 1262.0)	(27.0, 1314.0)	(28.0, 1495.0)	(29.0, 1716.0)	(30.0, 2082.0)	(31.0, 2509.0)	(32.0, 3169.0)	(33.0, 3857.0)	(34.0, 4621.0)	(35.0, 5474.0)	(36.0, 7539.0)	(37.0, 11572.0)	(38.0, 26045.0)	(39.0, 445874.0)	(40.0, 117831.0)												
052022_BEL_CBC_T3_50_MCAV_S47_R2_16S	(10.0, 1.0)	(11.0, 1.0)	(12.0, 0.0)	(13.0, 0.0)	(14.0, 1.0)	(15.0, 17.0)	(16.0, 125.0)	(17.0, 224.0)	(18.0, 323.0)	(19.0, 379.0)	(20.0, 405.0)	(21.0, 383.0)	(22.0, 403.0)	(23.0, 390.0)	(24.0, 527.0)	(25.0, 531.0)	(26.0, 470.0)	(27.0, 546.0)	(28.0, 634.0)	(29.0, 645.0)	(30.0, 830.0)	(31.0, 930.0)	(32.0, 1092.0)	(33.0, 1379.0)	(34.0, 1850.0)	(35.0, 2293.0)	(36.0, 3401.0)	(37.0, 5588.0)	(38.0, 15212.0)	(39.0, 225826.0)	(40.0, 24520.0)								
052022_BEL_CBC_T3_54_PAST_S93_R2_16S	(14.0, 2.0)	(15.0, 15.0)	(16.0, 209.0)	(17.0, 484.0)	(18.0, 777.0)	(19.0, 1435.0)	(20.0, 1047.0)	(21.0, 919.0)	(22.0, 924.0)	(23.0, 895.0)	(24.0, 987.0)	(25.0, 1077.0)	(26.0, 1040.0)	(27.0, 1302.0)	(28.0, 1551.0)	(29.0, 1743.0)	(30.0, 2098.0)	(31.0, 2560.0)	(32.0, 3220.0)	(33.0, 3999.0)	(34.0, 4841.0)	(35.0, 6104.0)	(36.0, 8571.0)	(37.0, 13201.0)	(38.0, 33953.0)	(39.0, 484361.0)	(40.0, 7611.0)												
052022_BEL_CBC_T3_60_MCAV_S80_R2_16S	(14.0, 1.0)	(15.0, 19.0)	(16.0, 227.0)	(17.0, 658.0)	(18.0, 547.0)	(19.0, 458.0)	(20.0, 537.0)	(21.0, 806.0)	(22.0, 1117.0)	(23.0, 889.0)	(24.0, 1984.0)	(25.0, 1316.0)	(26.0, 1199.0)	(27.0, 1317.0)	(28.0, 1508.0)	(29.0, 1544.0)	(30.0, 1944.0)	(31.0, 2236.0)	(32.0, 2820.0)	(33.0, 3548.0)	(34.0, 4185.0)	(35.0, 5518.0)	(36.0, 7915.0)	(37.0, 12399.0)	(38.0, 30990.0)	(39.0, 615382.0)	(40.0, 250405.0)												
062019_BEL_CBC_T1_18_PAST_S42_R2_16S	(12.0, 2.0)	(13.0, 0.0)	(14.0, 1.0)	(15.0, 23.0)	(16.0, 118.0)	(17.0, 282.0)	(18.0, 330.0)	(19.0, 598.0)	(20.0, 615.0)	(21.0, 534.0)	(22.0, 507.0)	(23.0, 527.0)	(24.0, 571.0)	(25.0, 617.0)	(26.0, 609.0)	(27.0, 672.0)	(28.0, 783.0)	(29.0, 1011.0)	(30.0, 1157.0)	(31.0, 1300.0)	(32.0, 1800.0)	(33.0, 2273.0)	(34.0, 2900.0)	(35.0, 3516.0)	(36.0, 4595.0)	(37.0, 7064.0)	(38.0, 16481.0)	(39.0, 261226.0)	(40.0, 24059.0)										
062019_BEL_CBC_T1_1_PAST_S7_R2_16S	(7.0, 1.0)	(8.0, 0.0)	(9.0, 0.0)	(10.0, 0.0)	(11.0, 0.0)	(12.0, 0.0)	(13.0, 1.0)	(14.0, 0.0)	(15.0, 17.0)	(16.0, 162.0)	(17.0, 401.0)	(18.0, 608.0)	(19.0, 850.0)	(20.0, 784.0)	(21.0, 676.0)	(22.0, 660.0)	(23.0, 739.0)	(24.0, 729.0)	(25.0, 858.0)	(26.0, 935.0)	(27.0, 1127.0)	(28.0, 1264.0)	(29.0, 1434.0)	(30.0, 1788.0)	(31.0, 2313.0)	(32.0, 2951.0)	(33.0, 3773.0)	(34.0, 4510.0)	(35.0, 5570.0)	(36.0, 7195.0)	(37.0, 10650.0)	(38.0, 24372.0)	(39.0, 377849.0)	(40.0, 22701.0)					
062019_BEL_CBC_T1_24_MCAV_S69_R2_16S	(14.0, 1.0)	(15.0, 17.0)	(16.0, 146.0)	(17.0, 458.0)	(18.0, 392.0)	(19.0, 355.0)	(20.0, 367.0)	(21.0, 574.0)	(22.0, 658.0)	(23.0, 645.0)	(24.0, 1453.0)	(25.0, 926.0)	(26.0, 794.0)	(27.0, 899.0)	(28.0, 988.0)	(29.0, 1048.0)	(30.0, 1111.0)	(31.0, 1336.0)	(32.0, 1674.0)	(33.0, 2139.0)	(34.0, 2654.0)	(35.0, 3442.0)	(36.0, 5058.0)	(37.0, 8245.0)	(38.0, 20544.0)	(39.0, 388312.0)	(40.0, 155376.0)												
062019_BEL_CBC_T1_3_MCAV_S23_R2_16S	(14.0, 2.0)	(15.0, 19.0)	(16.0, 139.0)	(17.0, 396.0)	(18.0, 568.0)	(19.0, 727.0)	(20.0, 556.0)	(21.0, 686.0)	(22.0, 722.0)	(23.0, 623.0)	(24.0, 1181.0)	(25.0, 944.0)	(26.0, 873.0)	(27.0, 929.0)	(28.0, 1175.0)	(29.0, 1233.0)	(30.0, 1449.0)	(31.0, 1836.0)	(32.0, 2269.0)	(33.0, 3073.0)	(34.0, 3819.0)	(35.0, 4708.0)	(36.0, 5900.0)	(37.0, 8793.0)	(38.0, 19640.0)	(39.0, 307075.0)	(40.0, 100922.0)												
062019_BEL_CBC_T1_6_MCAV_S9_R2_16S	(13.0, 4.0)	(14.0, 4.0)	(15.0, 45.0)	(16.0, 469.0)	(17.0, 1359.0)	(18.0, 1703.0)	(19.0, 2033.0)	(20.0, 1751.0)	(21.0, 2290.0)	(22.0, 2615.0)	(23.0, 2344.0)	(24.0, 4353.0)	(25.0, 3338.0)	(26.0, 3023.0)	(27.0, 3385.0)	(28.0, 3822.0)	(29.0, 4254.0)	(30.0, 4791.0)	(31.0, 5784.0)	(32.0, 7317.0)	(33.0, 8946.0)	(34.0, 11102.0)	(35.0, 13990.0)	(36.0, 18588.0)	(37.0, 29814.0)	(38.0, 70001.0)	(39.0, 1125265.0)	(40.0, 362739.0)											
062019_BEL_CBC_T1_8_PAST_S29_R2_16S	(14.0, 3.0)	(15.0, 26.0)	(16.0, 164.0)	(17.0, 429.0)	(18.0, 502.0)	(19.0, 744.0)	(20.0, 552.0)	(21.0, 491.0)	(22.0, 534.0)	(23.0, 573.0)	(24.0, 688.0)	(25.0, 733.0)	(26.0, 842.0)	(27.0, 886.0)	(28.0, 1145.0)	(29.0, 1360.0)	(30.0, 1761.0)	(31.0, 2369.0)	(32.0, 3045.0)	(33.0, 3837.0)	(34.0, 4224.0)	(35.0, 4515.0)	(36.0, 5937.0)	(37.0, 8861.0)	(38.0, 19379.0)	(39.0, 251291.0)	(40.0, 6022.0)												
062019_BEL_CBC_T1_9_MCAV_S76_R2_16S	(14.0, 2.0)	(15.0, 18.0)	(16.0, 152.0)	(17.0, 403.0)	(18.0, 449.0)	(19.0, 370.0)	(20.0, 413.0)	(21.0, 644.0)	(22.0, 834.0)	(23.0, 671.0)	(24.0, 1490.0)	(25.0, 1027.0)	(26.0, 916.0)	(27.0, 1071.0)	(28.0, 1162.0)	(29.0, 1187.0)	(30.0, 1378.0)	(31.0, 1612.0)	(32.0, 1935.0)	(33.0, 2409.0)	(34.0, 3068.0)	(35.0, 4158.0)	(36.0, 5863.0)	(37.0, 9679.0)	(38.0, 23537.0)	(39.0, 471827.0)	(40.0, 167895.0)												
062019_BEL_CBC_T2_22_PAST_S60_R2_16S	(14.0, 3.0)	(15.0, 58.0)	(16.0, 425.0)	(17.0, 923.0)	(18.0, 1329.0)	(19.0, 2004.0)	(20.0, 2008.0)	(21.0, 1779.0)	(22.0, 1716.0)	(23.0, 1666.0)	(24.0, 1863.0)	(25.0, 1977.0)	(26.0, 2307.0)	(27.0, 2529.0)	(28.0, 3179.0)	(29.0, 3797.0)	(30.0, 4847.0)	(31.0, 6067.0)	(32.0, 8562.0)	(33.0, 11190.0)	(34.0, 13959.0)	(35.0, 16809.0)	(36.0, 22009.0)	(37.0, 31850.0)	(38.0, 68784.0)	(39.0, 908083.0)	(40.0, 58863.0)												
062019_BEL_CBC_T2_5_MCAV_S20_R2_16S	(12.0, 1.0)	(13.0, 0.0)	(14.0, 1.0)	(15.0, 9.0)	(16.0, 93.0)	(17.0, 241.0)	(18.0, 305.0)	(19.0, 284.0)	(20.0, 255.0)	(21.0, 367.0)	(22.0, 386.0)	(23.0, 330.0)	(24.0, 668.0)	(25.0, 442.0)	(26.0, 412.0)	(27.0, 469.0)	(28.0, 524.0)	(29.0, 559.0)	(30.0, 685.0)	(31.0, 772.0)	(32.0, 998.0)	(33.0, 1288.0)	(34.0, 1528.0)	(35.0, 2007.0)	(36.0, 2747.0)	(37.0, 4332.0)	(38.0, 10062.0)	(39.0, 182226.0)	(40.0, 51544.0)										
062019_BEL_CBC_T3_11_MCAV_S13_R2_16S	(12.0, 1.0)	(13.0, 0.0)	(14.0, 1.0)	(15.0, 13.0)	(16.0, 149.0)	(17.0, 420.0)	(18.0, 405.0)	(19.0, 503.0)	(20.0, 394.0)	(21.0, 543.0)	(22.0, 585.0)	(23.0, 492.0)	(24.0, 1003.0)	(25.0, 775.0)	(26.0, 688.0)	(27.0, 738.0)	(28.0, 801.0)	(29.0, 866.0)	(30.0, 1061.0)	(31.0, 1169.0)	(32.0, 1502.0)	(33.0, 1764.0)	(34.0, 2143.0)	(35.0, 2799.0)	(36.0, 3893.0)	(37.0, 6174.0)	(38.0, 14049.0)	(39.0, 241683.0)	(40.0, 82528.0)										
062019_BEL_CBC_T3_14_MCAV_S33_R2_16S	(15.0, 24.0)	(16.0, 171.0)	(17.0, 656.0)	(18.0, 716.0)	(19.0, 964.0)	(20.0, 969.0)	(21.0, 1212.0)	(22.0, 1297.0)	(23.0, 1104.0)	(24.0, 2040.0)	(25.0, 1661.0)	(26.0, 1546.0)	(27.0, 1659.0)	(28.0, 1791.0)	(29.0, 2041.0)	(30.0, 2297.0)	(31.0, 2797.0)	(32.0, 3809.0)	(33.0, 4956.0)	(34.0, 6380.0)	(35.0, 7475.0)	(36.0, 9550.0)	(37.0, 14262.0)	(38.0, 33612.0)	(39.0, 504576.0)	(40.0, 141990.0)													
062024_BEL_CBC_T1_1356_PAST_S37_R2_16S	(11.0, 1.0)	(12.0, 0.0)	(13.0, 0.0)	(14.0, 9.0)	(15.0, 73.0)	(16.0, 556.0)	(17.0, 1314.0)	(18.0, 1845.0)	(19.0, 2849.0)	(20.0, 2980.0)	(21.0, 2547.0)	(22.0, 2404.0)	(23.0, 2484.0)	(24.0, 2586.0)	(25.0, 2795.0)	(26.0, 3272.0)	(27.0, 3742.0)	(28.0, 4341.0)	(29.0, 5213.0)	(30.0, 6316.0)	(31.0, 7999.0)	(32.0, 10473.0)	(33.0, 14000.0)	(34.0, 18464.0)	(35.0, 22415.0)	(36.0, 27979.0)	(37.0, 37324.0)	(38.0, 86174.0)	(39.0, 1169209.0)	(40.0, 75811.0)									
062024_BEL_CBC_T2_1372_OFAV_S67_R2_16S	(14.0, 3.0)	(15.0, 36.0)	(16.0, 223.0)	(17.0, 687.0)	(18.0, 640.0)	(19.0, 609.0)	(20.0, 634.0)	(21.0, 762.0)	(22.0, 1069.0)	(23.0, 987.0)	(24.0, 2235.0)	(25.0, 2198.0)	(26.0, 1775.0)	(27.0, 1715.0)	(28.0, 1998.0)	(29.0, 2045.0)	(30.0, 2253.0)	(31.0, 2706.0)	(32.0, 3243.0)	(33.0, 3802.0)	(34.0, 4787.0)	(35.0, 6130.0)	(36.0, 8734.0)	(37.0, 13628.0)	(38.0, 32349.0)	(39.0, 563098.0)	(40.0, 100398.0)												
062024_BEL_CBC_T2_1384_MCAV_S91_R2_16S	(15.0, 6.0)	(16.0, 83.0)	(17.0, 238.0)	(18.0, 295.0)	(19.0, 331.0)	(20.0, 303.0)	(21.0, 344.0)	(22.0, 353.0)	(23.0, 428.0)	(24.0, 633.0)	(25.0, 579.0)	(26.0, 583.0)	(27.0, 791.0)	(28.0, 908.0)	(29.0, 1157.0)	(30.0, 1549.0)	(31.0, 2105.0)	(32.0, 3120.0)	(33.0, 3712.0)	(34.0, 4122.0)	(35.0, 4125.0)	(36.0, 4474.0)	(37.0, 6630.0)	(38.0, 13120.0)	(39.0, 134730.0)	(40.0, 33205.0)													
062024_BEL_CBC_T2_1393_PAST_S55_R2_16S	(8.0, 1.0)	(9.0, 2.0)	(10.0, 1.0)	(11.0, 0.0)	(12.0, 0.0)	(13.0, 1.0)	(14.0, 8.0)	(15.0, 98.0)	(16.0, 549.0)	(17.0, 1015.0)	(18.0, 1552.0)	(19.0, 2359.0)	(20.0, 2220.0)	(21.0, 1894.0)	(22.0, 1663.0)	(23.0, 1609.0)	(24.0, 1617.0)	(25.0, 1730.0)	(26.0, 1903.0)	(27.0, 2077.0)	(28.0, 2475.0)	(29.0, 2696.0)	(30.0, 3082.0)	(31.0, 3534.0)	(32.0, 4464.0)	(33.0, 5350.0)	(34.0, 6648.0)	(35.0, 8615.0)	(36.0, 12175.0)	(37.0, 19107.0)	(38.0, 48113.0)	(39.0, 761526.0)	(40.0, 68613.0)						
062024_BEL_CBC_T2_1399_PAST_S44_R2_16S	(14.0, 1.0)	(15.0, 21.0)	(16.0, 185.0)	(17.0, 433.0)	(18.0, 600.0)	(19.0, 1030.0)	(20.0, 1079.0)	(21.0, 1000.0)	(22.0, 822.0)	(23.0, 877.0)	(24.0, 844.0)	(25.0, 932.0)	(26.0, 1072.0)	(27.0, 1279.0)	(28.0, 1513.0)	(29.0, 1693.0)	(30.0, 2138.0)	(31.0, 2785.0)	(32.0, 3603.0)	(33.0, 4684.0)	(34.0, 5418.0)	(35.0, 6006.0)	(36.0, 7674.0)	(37.0, 12016.0)	(38.0, 27899.0)	(39.0, 438162.0)	(40.0, 25722.0)												
062024_BEL_CBC_T2_1402_MCAV_S95_R2_16S	(15.0, 13.0)	(16.0, 85.0)	(17.0, 211.0)	(18.0, 293.0)	(19.0, 310.0)	(20.0, 223.0)	(21.0, 277.0)	(22.0, 304.0)	(23.0, 276.0)	(24.0, 538.0)	(25.0, 366.0)	(26.0, 383.0)	(27.0, 393.0)	(28.0, 455.0)	(29.0, 500.0)	(30.0, 533.0)	(31.0, 621.0)	(32.0, 745.0)	(33.0, 971.0)	(34.0, 1163.0)	(35.0, 1669.0)	(36.0, 2294.0)	(37.0, 3665.0)	(38.0, 8867.0)	(39.0, 148170.0)	(40.0, 48932.0)													
062024_BEL_CBC_T3_1418_SSID_S21_R2_16S	(14.0, 3.0)	(15.0, 25.0)	(16.0, 128.0)	(17.0, 321.0)	(18.0, 418.0)	(19.0, 487.0)	(20.0, 456.0)	(21.0, 446.0)	(22.0, 422.0)	(23.0, 453.0)	(24.0, 518.0)	(25.0, 576.0)	(26.0, 672.0)	(27.0, 724.0)	(28.0, 965.0)	(29.0, 1051.0)	(30.0, 1222.0)	(31.0, 1584.0)	(32.0, 1943.0)	(33.0, 2428.0)	(34.0, 2848.0)	(35.0, 3619.0)	(36.0, 4887.0)	(37.0, 7531.0)	(38.0, 19053.0)	(39.0, 256546.0)	(40.0, 15536.0)												
062024_BEL_CBC_T4_1458_MCAV_S58_R2_16S	(11.0, 2.0)	(12.0, 2.0)	(13.0, 1.0)	(14.0, 4.0)	(15.0, 108.0)	(16.0, 794.0)	(17.0, 2689.0)	(18.0, 3405.0)	(19.0, 4796.0)	(20.0, 4358.0)	(21.0, 4826.0)	(22.0, 4956.0)	(23.0, 4321.0)	(24.0, 8275.0)	(25.0, 6596.0)	(26.0, 5574.0)	(27.0, 6020.0)	(28.0, 6238.0)	(29.0, 6653.0)	(30.0, 7433.0)	(31.0, 8281.0)	(32.0, 10132.0)	(33.0, 12328.0)	(34.0, 15404.0)	(35.0, 20054.0)	(36.0, 29072.0)	(37.0, 47691.0)	(38.0, 116259.0)	(39.0, 1949244.0)	(40.0, 638047.0)									
082024_BEL_CBC_T2_1517_MCAV_S28_R2_16S	(14.0, 2.0)	(15.0, 30.0)	(16.0, 242.0)	(17.0, 755.0)	(18.0, 859.0)	(19.0, 918.0)	(20.0, 767.0)	(21.0, 968.0)	(22.0, 1145.0)	(23.0, 1082.0)	(24.0, 2168.0)	(25.0, 1437.0)	(26.0, 1233.0)	(27.0, 1387.0)	(28.0, 1482.0)	(29.0, 1556.0)	(30.0, 1758.0)	(31.0, 2029.0)	(32.0, 2421.0)	(33.0, 3038.0)	(34.0, 3827.0)	(35.0, 4960.0)	(36.0, 7328.0)	(37.0, 11657.0)	(38.0, 27450.0)	(39.0, 544929.0)	(40.0, 180256.0)												
082024_BEL_CBC_T3_1559_PSTR_S74_R2_16S	(15.0, 13.0)	(16.0, 179.0)	(17.0, 615.0)	(18.0, 597.0)	(19.0, 473.0)	(20.0, 507.0)	(21.0, 627.0)	(22.0, 844.0)	(23.0, 717.0)	(24.0, 1254.0)	(25.0, 1383.0)	(26.0, 1081.0)	(27.0, 1242.0)	(28.0, 1356.0)	(29.0, 1398.0)	(30.0, 1560.0)	(31.0, 1898.0)	(32.0, 2241.0)	(33.0, 2706.0)	(34.0, 3360.0)	(35.0, 4478.0)	(36.0, 6267.0)	(37.0, 10095.0)	(38.0, 24387.0)	(39.0, 425636.0)	(40.0, 152202.0)													
082024_BEL_CBC_T3_1564_PAST_S48_R2_16S	(13.0, 1.0)	(14.0, 1.0)	(15.0, 42.0)	(16.0, 245.0)	(17.0, 596.0)	(18.0, 801.0)	(19.0, 1151.0)	(20.0, 1191.0)	(21.0, 1074.0)	(22.0, 1003.0)	(23.0, 975.0)	(24.0, 1085.0)	(25.0, 1140.0)	(26.0, 1293.0)	(27.0, 1491.0)	(28.0, 1733.0)	(29.0, 2028.0)	(30.0, 2384.0)	(31.0, 2849.0)	(32.0, 3723.0)	(33.0, 5082.0)	(34.0, 6744.0)	(35.0, 8888.0)	(36.0, 11333.0)	(37.0, 15440.0)	(38.0, 35576.0)	(39.0, 505144.0)	(40.0, 33768.0)											
082024_BEL_CBC_T4_1608_MCAV_S11_R2_16S	(10.0, 1.0)	(11.0, 0.0)	(12.0, 3.0)	(13.0, 0.0)	(14.0, 1.0)	(15.0, 19.0)	(16.0, 217.0)	(17.0, 644.0)	(18.0, 584.0)	(19.0, 718.0)	(20.0, 637.0)	(21.0, 936.0)	(22.0, 1048.0)	(23.0, 884.0)	(24.0, 1800.0)	(25.0, 1340.0)	(26.0, 1134.0)	(27.0, 1238.0)	(28.0, 1364.0)	(29.0, 1486.0)	(30.0, 1601.0)	(31.0, 1860.0)	(32.0, 2196.0)	(33.0, 2839.0)	(34.0, 3565.0)	(35.0, 4624.0)	(36.0, 7041.0)	(37.0, 11318.0)	(38.0, 28279.0)	(39.0, 525336.0)	(40.0, 164456.0)								
092023_BEL_CBC_T1_188_SSID_S3_R2_16S	(15.0, 22.0)	(16.0, 117.0)	(17.0, 243.0)	(18.0, 272.0)	(19.0, 341.0)	(20.0, 295.0)	(21.0, 302.0)	(22.0, 344.0)	(23.0, 330.0)	(24.0, 449.0)	(25.0, 476.0)	(26.0, 550.0)	(27.0, 668.0)	(28.0, 822.0)	(29.0, 997.0)	(30.0, 1427.0)	(31.0, 2079.0)	(32.0, 2969.0)	(33.0, 3992.0)	(34.0, 4487.0)	(35.0, 4973.0)	(36.0, 5621.0)	(37.0, 9046.0)	(38.0, 22771.0)	(39.0, 313116.0)	(40.0, 15222.0)													
092023_BEL_CBC_T1_194_SSID_S39_R2_16S	(13.0, 1.0)	(14.0, 5.0)	(15.0, 55.0)	(16.0, 224.0)	(17.0, 459.0)	(18.0, 640.0)	(19.0, 859.0)	(20.0, 863.0)	(21.0, 744.0)	(22.0, 654.0)	(23.0, 698.0)	(24.0, 755.0)	(25.0, 783.0)	(26.0, 837.0)	(27.0, 991.0)	(28.0, 1147.0)	(29.0, 1277.0)	(30.0, 1430.0)	(31.0, 1736.0)	(32.0, 2108.0)	(33.0, 2605.0)	(34.0, 3266.0)	(35.0, 4356.0)	(36.0, 5996.0)	(37.0, 9749.0)	(38.0, 25895.0)	(39.0, 386214.0)	(40.0, 23936.0)											
092023_BEL_CBC_T2_173_SSID_S14_R2_16S	(10.0, 1.0)	(11.0, 0.0)	(12.0, 0.0)	(13.0, 2.0)	(14.0, 3.0)	(15.0, 53.0)	(16.0, 490.0)	(17.0, 1177.0)	(18.0, 1660.0)	(19.0, 1940.0)	(20.0, 1960.0)	(21.0, 1967.0)	(22.0, 1978.0)	(23.0, 2106.0)	(24.0, 2210.0)	(25.0, 2521.0)	(26.0, 2793.0)	(27.0, 3180.0)	(28.0, 3603.0)	(29.0, 4379.0)	(30.0, 5329.0)	(31.0, 6985.0)	(32.0, 9013.0)	(33.0, 11346.0)	(34.0, 13434.0)	(35.0, 15954.0)	(36.0, 20675.0)	(37.0, 33923.0)	(38.0, 100467.0)	(39.0, 870112.0)	(40.0, 53632.0)								
092023_BEL_CBC_T2_192_OFAV_S64_R2_16S	(14.0, 5.0)	(15.0, 71.0)	(16.0, 415.0)	(17.0, 1130.0)	(18.0, 1142.0)	(19.0, 1266.0)	(20.0, 1068.0)	(21.0, 1189.0)	(22.0, 1504.0)	(23.0, 1346.0)	(24.0, 2561.0)	(25.0, 2362.0)	(26.0, 2087.0)	(27.0, 2206.0)	(28.0, 2315.0)	(29.0, 2676.0)	(30.0, 3064.0)	(31.0, 3660.0)	(32.0, 4455.0)	(33.0, 5440.0)	(34.0, 6527.0)	(35.0, 7920.0)	(36.0, 10693.0)	(37.0, 16746.0)	(38.0, 37826.0)	(39.0, 621352.0)	(40.0, 91339.0)												
092023_BEL_CBC_T2_196_SSID_S63_R2_16S	(10.0, 1.0)	(11.0, 1.0)	(12.0, 2.0)	(13.0, 0.0)	(14.0, 5.0)	(15.0, 132.0)	(16.0, 822.0)	(17.0, 1764.0)	(18.0, 2452.0)	(19.0, 3053.0)	(20.0, 2539.0)	(21.0, 2493.0)	(22.0, 2438.0)	(23.0, 2753.0)	(24.0, 3001.0)	(25.0, 3533.0)	(26.0, 4202.0)	(27.0, 4927.0)	(28.0, 6185.0)	(29.0, 7667.0)	(30.0, 10277.0)	(31.0, 14161.0)	(32.0, 19170.0)	(33.0, 23188.0)	(34.0, 25326.0)	(35.0, 26426.0)	(36.0, 30374.0)	(37.0, 45868.0)	(38.0, 91823.0)	(39.0, 909547.0)	(40.0, 61154.0)								
092023_BEL_CBC_T3_172_PSTR_S57_R2_16S	(14.0, 6.0)	(15.0, 65.0)	(16.0, 405.0)	(17.0, 972.0)	(18.0, 1388.0)	(19.0, 1610.0)	(20.0, 1682.0)	(21.0, 1461.0)	(22.0, 1585.0)	(23.0, 1432.0)	(24.0, 1513.0)	(25.0, 1516.0)	(26.0, 1605.0)	(27.0, 1870.0)	(28.0, 2060.0)	(29.0, 2414.0)	(30.0, 2738.0)	(31.0, 3311.0)	(32.0, 4037.0)	(33.0, 5088.0)	(34.0, 6487.0)	(35.0, 7801.0)	(36.0, 10363.0)	(37.0, 16059.0)	(38.0, 42670.0)	(39.0, 575782.0)	(40.0, 21908.0)												
092023_BEL_CBC_T3_183_SSID_S79_R2_16S	(11.0, 1.0)	(12.0, 0.0)	(13.0, 3.0)	(14.0, 2.0)	(15.0, 38.0)	(16.0, 330.0)	(17.0, 754.0)	(18.0, 980.0)	(19.0, 1254.0)	(20.0, 1171.0)	(21.0, 1171.0)	(22.0, 1362.0)	(23.0, 1479.0)	(24.0, 1722.0)	(25.0, 2048.0)	(26.0, 2408.0)	(27.0, 2922.0)	(28.0, 3759.0)	(29.0, 4825.0)	(30.0, 6520.0)	(31.0, 9333.0)	(32.0, 12895.0)	(33.0, 15592.0)	(34.0, 17330.0)	(35.0, 17387.0)	(36.0, 18835.0)	(37.0, 27427.0)	(38.0, 53815.0)	(39.0, 381479.0)	(40.0, 15997.0)									
092023_BEL_CBC_T3_196_SSID_S25_R2_16S	(14.0, 4.0)	(15.0, 38.0)	(16.0, 258.0)	(17.0, 697.0)	(18.0, 897.0)	(19.0, 1122.0)	(20.0, 830.0)	(21.0, 766.0)	(22.0, 789.0)	(23.0, 750.0)	(24.0, 856.0)	(25.0, 965.0)	(26.0, 1010.0)	(27.0, 1166.0)	(28.0, 1314.0)	(29.0, 1608.0)	(30.0, 1730.0)	(31.0, 2109.0)	(32.0, 2567.0)	(33.0, 3276.0)	(34.0, 4068.0)	(35.0, 5266.0)	(36.0, 7259.0)	(37.0, 11490.0)	(38.0, 29625.0)	(39.0, 423802.0)	(40.0, 30469.0)												
092023_BEL_CBC_T4_84_OANN_S12_R2_16S	(14.0, 1.0)	(15.0, 10.0)	(16.0, 85.0)	(17.0, 270.0)	(18.0, 262.0)	(19.0, 297.0)	(20.0, 279.0)	(21.0, 288.0)	(22.0, 349.0)	(23.0, 345.0)	(24.0, 654.0)	(25.0, 554.0)	(26.0, 479.0)	(27.0, 484.0)	(28.0, 470.0)	(29.0, 594.0)	(30.0, 631.0)	(31.0, 751.0)	(32.0, 840.0)	(33.0, 1082.0)	(34.0, 1324.0)	(35.0, 1730.0)	(36.0, 2290.0)	(37.0, 3700.0)	(38.0, 8544.0)	(39.0, 135701.0)	(40.0, 21518.0)												
092023_BEL_CBC_T4_88_OFAV_S71_R2_16S	(14.0, 3.0)	(15.0, 31.0)	(16.0, 232.0)	(17.0, 705.0)	(18.0, 644.0)	(19.0, 581.0)	(20.0, 542.0)	(21.0, 716.0)	(22.0, 1014.0)	(23.0, 1035.0)	(24.0, 2305.0)	(25.0, 2236.0)	(26.0, 1679.0)	(27.0, 1727.0)	(28.0, 1947.0)	(29.0, 1981.0)	(30.0, 2133.0)	(31.0, 2498.0)	(32.0, 2949.0)	(33.0, 3557.0)	(34.0, 4455.0)	(35.0, 5589.0)	(36.0, 8087.0)	(37.0, 13006.0)	(38.0, 30792.0)	(39.0, 511796.0)	(40.0, 113400.0)												
092023_BEL_CBC_T4_91_MCAV_S78_R2_16S	(10.0, 1.0)	(11.0, 1.0)	(12.0, 0.0)	(13.0, 0.0)	(14.0, 1.0)	(15.0, 40.0)	(16.0, 415.0)	(17.0, 1004.0)	(18.0, 1233.0)	(19.0, 1229.0)	(20.0, 1276.0)	(21.0, 1634.0)	(22.0, 1889.0)	(23.0, 1817.0)	(24.0, 2811.0)	(25.0, 2644.0)	(26.0, 2885.0)	(27.0, 3356.0)	(28.0, 4083.0)	(29.0, 4842.0)	(30.0, 6348.0)	(31.0, 8847.0)	(32.0, 12437.0)	(33.0, 16051.0)	(34.0, 18636.0)	(35.0, 19795.0)	(36.0, 21443.0)	(37.0, 29709.0)	(38.0, 63296.0)	(39.0, 680672.0)	(40.0, 183766.0)								
102019_BEL_CBC_T1_25_PSTR_S65_R2_16S	(14.0, 1.0)	(15.0, 26.0)	(16.0, 254.0)	(17.0, 853.0)	(18.0, 755.0)	(19.0, 728.0)	(20.0, 645.0)	(21.0, 934.0)	(22.0, 1343.0)	(23.0, 1130.0)	(24.0, 2118.0)	(25.0, 2224.0)	(26.0, 1733.0)	(27.0, 1922.0)	(28.0, 2150.0)	(29.0, 2431.0)	(30.0, 2804.0)	(31.0, 3386.0)	(32.0, 4446.0)	(33.0, 5779.0)	(34.0, 6835.0)	(35.0, 8145.0)	(36.0, 10763.0)	(37.0, 16415.0)	(38.0, 37752.0)	(39.0, 609507.0)	(40.0, 223934.0)												
102019_BEL_CBC_T1_27_PSTR_S88_R2_16S	(15.0, 14.0)	(16.0, 152.0)	(17.0, 576.0)	(18.0, 512.0)	(19.0, 469.0)	(20.0, 454.0)	(21.0, 590.0)	(22.0, 823.0)	(23.0, 675.0)	(24.0, 1239.0)	(25.0, 1220.0)	(26.0, 952.0)	(27.0, 1084.0)	(28.0, 1219.0)	(29.0, 1269.0)	(30.0, 1543.0)	(31.0, 1857.0)	(32.0, 2315.0)	(33.0, 2901.0)	(34.0, 3479.0)	(35.0, 4289.0)	(36.0, 6019.0)	(37.0, 9357.0)	(38.0, 20932.0)	(39.0, 379345.0)	(40.0, 157239.0)													
102019_BEL_CBC_T1_28_PSTR_S19_R2_16S	(9.0, 1.0)	(10.0, 0.0)	(11.0, 0.0)	(12.0, 0.0)	(13.0, 0.0)	(14.0, 2.0)	(15.0, 14.0)	(16.0, 181.0)	(17.0, 504.0)	(18.0, 516.0)	(19.0, 573.0)	(20.0, 554.0)	(21.0, 695.0)	(22.0, 879.0)	(23.0, 764.0)	(24.0, 1162.0)	(25.0, 1363.0)	(26.0, 1138.0)	(27.0, 1310.0)	(28.0, 1491.0)	(29.0, 1704.0)	(30.0, 2221.0)	(31.0, 2926.0)	(32.0, 4196.0)	(33.0, 5398.0)	(34.0, 6436.0)	(35.0, 7013.0)	(36.0, 8387.0)	(37.0, 11985.0)	(38.0, 24370.0)	(39.0, 349073.0)	(40.0, 85990.0)							
102019_BEL_CBC_T1_31_PSTR_S22_R2_16S	(10.0, 1.0)	(11.0, 0.0)	(12.0, 0.0)	(13.0, 0.0)	(14.0, 0.0)	(15.0, 25.0)	(16.0, 203.0)	(17.0, 585.0)	(18.0, 727.0)	(19.0, 763.0)	(20.0, 627.0)	(21.0, 795.0)	(22.0, 1075.0)	(23.0, 868.0)	(24.0, 1312.0)	(25.0, 1563.0)	(26.0, 1326.0)	(27.0, 1457.0)	(28.0, 1717.0)	(29.0, 1866.0)	(30.0, 2274.0)	(31.0, 2703.0)	(32.0, 3824.0)	(33.0, 5016.0)	(34.0, 6684.0)	(35.0, 8383.0)	(36.0, 10003.0)	(37.0, 13680.0)	(38.0, 35628.0)	(39.0, 376765.0)	(40.0, 117443.0)								
102019_BEL_CBC_T2_33_PSTR_S72_R2_16S	(13.0, 1.0)	(14.0, 4.0)	(15.0, 51.0)	(16.0, 675.0)	(17.0, 2304.0)	(18.0, 2116.0)	(19.0, 1748.0)	(20.0, 1710.0)	(21.0, 2426.0)	(22.0, 3524.0)	(23.0, 2909.0)	(24.0, 5490.0)	(25.0, 5747.0)	(26.0, 4339.0)	(27.0, 4546.0)	(28.0, 5082.0)	(29.0, 5259.0)	(30.0, 6029.0)	(31.0, 6946.0)	(32.0, 8920.0)	(33.0, 10634.0)	(34.0, 13269.0)	(35.0, 17725.0)	(36.0, 25029.0)	(37.0, 39161.0)	(38.0, 90156.0)	(39.0, 1774772.0)	(40.0, 726153.0)											
102019_BEL_CBC_T3_36_PSTR_S83_R2_16S	(7.0, 1.0)	(8.0, 0.0)	(9.0, 1.0)	(10.0, 1.0)	(11.0, 2.0)	(12.0, 1.0)	(13.0, 0.0)	(14.0, 1.0)	(15.0, 31.0)	(16.0, 406.0)	(17.0, 1286.0)	(18.0, 1427.0)	(19.0, 1326.0)	(20.0, 1253.0)	(21.0, 1849.0)	(22.0, 2580.0)	(23.0, 2001.0)	(24.0, 3555.0)	(25.0, 3870.0)	(26.0, 3343.0)	(27.0, 3647.0)	(28.0, 4208.0)	(29.0, 4825.0)	(30.0, 5823.0)	(31.0, 7720.0)	(32.0, 10385.0)	(33.0, 13132.0)	(34.0, 16007.0)	(35.0, 18104.0)	(36.0, 21860.0)	(37.0, 32565.0)	(38.0, 68191.0)	(39.0, 1104165.0)	(40.0, 407501.0)					
112023_BEL_CBC_T2_308_PAST_S62_R2_16S	(13.0, 1.0)	(14.0, 8.0)	(15.0, 50.0)	(16.0, 274.0)	(17.0, 679.0)	(18.0, 777.0)	(19.0, 1439.0)	(20.0, 1469.0)	(21.0, 1285.0)	(22.0, 1131.0)	(23.0, 1081.0)	(24.0, 1151.0)	(25.0, 1163.0)	(26.0, 1216.0)	(27.0, 1409.0)	(28.0, 1709.0)	(29.0, 1979.0)	(30.0, 2221.0)	(31.0, 2690.0)	(32.0, 3400.0)	(33.0, 4412.0)	(34.0, 5668.0)	(35.0, 6383.0)	(36.0, 8680.0)	(37.0, 13982.0)	(38.0, 40620.0)	(39.0, 478344.0)	(40.0, 34242.0)											
112023_BEL_CBC_T3_347_MCAV_S81_R2_16S	(15.0, 26.0)	(16.0, 153.0)	(17.0, 481.0)	(18.0, 461.0)	(19.0, 477.0)	(20.0, 447.0)	(21.0, 663.0)	(22.0, 683.0)	(23.0, 637.0)	(24.0, 1228.0)	(25.0, 913.0)	(26.0, 868.0)	(27.0, 1015.0)	(28.0, 1148.0)	(29.0, 1133.0)	(30.0, 1342.0)	(31.0, 1520.0)	(32.0, 2012.0)	(33.0, 2433.0)	(34.0, 2906.0)	(35.0, 3911.0)	(36.0, 5515.0)	(37.0, 9149.0)	(38.0, 23605.0)	(39.0, 348572.0)	(40.0, 113888.0)													
112023_BEL_CBC_T4_396_MCAV_S1_R2_16S	(14.0, 1.0)	(15.0, 6.0)	(16.0, 60.0)	(17.0, 161.0)	(18.0, 208.0)	(19.0, 213.0)	(20.0, 183.0)	(21.0, 218.0)	(22.0, 200.0)	(23.0, 188.0)	(24.0, 391.0)	(25.0, 276.0)	(26.0, 313.0)	(27.0, 313.0)	(28.0, 317.0)	(29.0, 335.0)	(30.0, 400.0)	(31.0, 502.0)	(32.0, 627.0)	(33.0, 723.0)	(34.0, 954.0)	(35.0, 1215.0)	(36.0, 1661.0)	(37.0, 2807.0)	(38.0, 6993.0)	(39.0, 78837.0)	(40.0, 19424.0)												
122022_BEL_CBC_T1_120_OANN_S35_R2_16S	(14.0, 2.0)	(15.0, 31.0)	(16.0, 247.0)	(17.0, 792.0)	(18.0, 1043.0)	(19.0, 1333.0)	(20.0, 1318.0)	(21.0, 1333.0)	(22.0, 1612.0)	(23.0, 1417.0)	(24.0, 2488.0)	(25.0, 2704.0)	(26.0, 2281.0)	(27.0, 2326.0)	(28.0, 2503.0)	(29.0, 2665.0)	(30.0, 2899.0)	(31.0, 3187.0)	(32.0, 3893.0)	(33.0, 4754.0)	(34.0, 5781.0)	(35.0, 7546.0)	(36.0, 11007.0)	(37.0, 17596.0)	(38.0, 44477.0)	(39.0, 774255.0)	(40.0, 120912.0)												
122022_BEL_CBC_T1_136_OANN_S66_R2_16S	(10.0, 1.0)	(11.0, 0.0)	(12.0, 0.0)	(13.0, 0.0)	(14.0, 2.0)	(15.0, 36.0)	(16.0, 198.0)	(17.0, 724.0)	(18.0, 595.0)	(19.0, 594.0)	(20.0, 547.0)	(21.0, 676.0)	(22.0, 939.0)	(23.0, 922.0)	(24.0, 2029.0)	(25.0, 1971.0)	(26.0, 1596.0)	(27.0, 1620.0)	(28.0, 1774.0)	(29.0, 1816.0)	(30.0, 2130.0)	(31.0, 2273.0)	(32.0, 2840.0)	(33.0, 3334.0)	(34.0, 4077.0)	(35.0, 5334.0)	(36.0, 7709.0)	(37.0, 11746.0)	(38.0, 27623.0)	(39.0, 481957.0)	(40.0, 103755.0)								
122022_BEL_CBC_T1_139_PAST_S18_R2_16S	(11.0, 1.0)	(12.0, 0.0)	(13.0, 1.0)	(14.0, 2.0)	(15.0, 17.0)	(16.0, 162.0)	(17.0, 371.0)	(18.0, 450.0)	(19.0, 658.0)	(20.0, 606.0)	(21.0, 553.0)	(22.0, 523.0)	(23.0, 546.0)	(24.0, 546.0)	(25.0, 587.0)	(26.0, 625.0)	(27.0, 742.0)	(28.0, 873.0)	(29.0, 1066.0)	(30.0, 1111.0)	(31.0, 1303.0)	(32.0, 1638.0)	(33.0, 2080.0)	(34.0, 2519.0)	(35.0, 3376.0)	(36.0, 4706.0)	(37.0, 7246.0)	(38.0, 18240.0)	(39.0, 309237.0)	(40.0, 13864.0)									
122022_BEL_CBC_T2_101_OFAV_S50_R2_16S	(10.0, 1.0)	(11.0, 0.0)	(12.0, 0.0)	(13.0, 3.0)	(14.0, 12.0)	(15.0, 119.0)	(16.0, 705.0)	(17.0, 1820.0)	(18.0, 2891.0)	(19.0, 3851.0)	(20.0, 3681.0)	(21.0, 3549.0)	(22.0, 3866.0)	(23.0, 3558.0)	(24.0, 5453.0)	(25.0, 5844.0)	(26.0, 5324.0)	(27.0, 5953.0)	(28.0, 6680.0)	(29.0, 7704.0)	(30.0, 9281.0)	(31.0, 11219.0)	(32.0, 15100.0)	(33.0, 19445.0)	(34.0, 24214.0)	(35.0, 27267.0)	(36.0, 33127.0)	(37.0, 48610.0)	(38.0, 113686.0)	(39.0, 1596140.0)	(40.0, 208468.0)								
122022_BEL_CBC_T2_102_OFAV_S27_R2_16S	(14.0, 1.0)	(15.0, 47.0)	(16.0, 312.0)	(17.0, 939.0)	(18.0, 918.0)	(19.0, 1039.0)	(20.0, 902.0)	(21.0, 997.0)	(22.0, 1434.0)	(23.0, 1324.0)	(24.0, 2670.0)	(25.0, 2431.0)	(26.0, 1861.0)	(27.0, 2018.0)	(28.0, 2197.0)	(29.0, 2291.0)	(30.0, 2539.0)	(31.0, 2865.0)	(32.0, 3421.0)	(33.0, 4380.0)	(34.0, 5466.0)	(35.0, 7096.0)	(36.0, 9856.0)	(37.0, 15503.0)	(38.0, 35428.0)	(39.0, 623958.0)	(40.0, 90282.0)												
122022_BEL_CBC_T2_116_PSTR_S32_R2_16S	(14.0, 11.0)	(15.0, 78.0)	(16.0, 487.0)	(17.0, 1397.0)	(18.0, 1644.0)	(19.0, 1929.0)	(20.0, 1838.0)	(21.0, 1829.0)	(22.0, 1999.0)	(23.0, 1764.0)	(24.0, 2374.0)	(25.0, 2632.0)	(26.0, 2396.0)	(27.0, 2656.0)	(28.0, 2953.0)	(29.0, 3352.0)	(30.0, 3967.0)	(31.0, 4605.0)	(32.0, 5962.0)	(33.0, 7652.0)	(34.0, 9226.0)	(35.0, 11533.0)	(36.0, 15566.0)	(37.0, 24476.0)	(38.0, 61030.0)	(39.0, 943411.0)	(40.0, 157171.0)												
122022_BEL_CBC_T2_117_PSTR_S56_R2_16S	(14.0, 7.0)	(15.0, 67.0)	(16.0, 332.0)	(17.0, 1195.0)	(18.0, 1603.0)	(19.0, 2041.0)	(20.0, 1856.0)	(21.0, 1911.0)	(22.0, 2096.0)	(23.0, 1807.0)	(24.0, 2784.0)	(25.0, 3041.0)	(26.0, 2541.0)	(27.0, 2649.0)	(28.0, 2858.0)	(29.0, 3041.0)	(30.0, 3503.0)	(31.0, 4123.0)	(32.0, 5056.0)	(33.0, 6374.0)	(34.0, 7754.0)	(35.0, 9579.0)	(36.0, 13192.0)	(37.0, 20786.0)	(38.0, 48690.0)	(39.0, 793546.0)	(40.0, 199585.0)												
122022_BEL_CBC_T2_119_OANN_S5_R2_16S	(14.0, 2.0)	(15.0, 12.0)	(16.0, 170.0)	(17.0, 406.0)	(18.0, 522.0)	(19.0, 622.0)	(20.0, 520.0)	(21.0, 660.0)	(22.0, 871.0)	(23.0, 729.0)	(24.0, 1490.0)	(25.0, 1505.0)	(26.0, 1151.0)	(27.0, 1180.0)	(28.0, 1368.0)	(29.0, 1472.0)	(30.0, 1637.0)	(31.0, 1828.0)	(32.0, 2167.0)	(33.0, 2711.0)	(34.0, 3498.0)	(35.0, 4515.0)	(36.0, 6258.0)	(37.0, 9881.0)	(38.0, 22964.0)	(39.0, 423903.0)	(40.0, 84015.0)												
122022_BEL_CBC_T2_89_PAST_S17_R2_16S	(14.0, 1.0)	(15.0, 31.0)	(16.0, 227.0)	(17.0, 607.0)	(18.0, 782.0)	(19.0, 1226.0)	(20.0, 1000.0)	(21.0, 954.0)	(22.0, 942.0)	(23.0, 885.0)	(24.0, 913.0)	(25.0, 984.0)	(26.0, 1141.0)	(27.0, 1255.0)	(28.0, 1549.0)	(29.0, 1764.0)	(30.0, 2055.0)	(31.0, 2362.0)	(32.0, 2949.0)	(33.0, 3628.0)	(34.0, 4602.0)	(35.0, 6049.0)	(36.0, 8125.0)	(37.0, 12989.0)	(38.0, 31799.0)	(39.0, 549858.0)	(40.0, 19118.0)												
122022_BEL_CBC_T3_121_OFAV_S73_R2_16S	(15.0, 16.0)	(16.0, 174.0)	(17.0, 446.0)	(18.0, 422.0)	(19.0, 359.0)	(20.0, 380.0)	(21.0, 510.0)	(22.0, 848.0)	(23.0, 728.0)	(24.0, 1671.0)	(25.0, 1617.0)	(26.0, 1285.0)	(27.0, 1412.0)	(28.0, 1463.0)	(29.0, 1531.0)	(30.0, 1860.0)	(31.0, 2266.0)	(32.0, 2769.0)	(33.0, 3547.0)	(34.0, 4397.0)	(35.0, 5457.0)	(36.0, 7080.0)	(37.0, 11050.0)	(38.0, 26174.0)	(39.0, 474042.0)	(40.0, 123915.0)													
122022_BEL_CBC_T4_12_PSTR_S86_R2_16S	(11.0, 1.0)	(12.0, 0.0)	(13.0, 0.0)	(14.0, 2.0)	(15.0, 34.0)	(16.0, 230.0)	(17.0, 580.0)	(18.0, 784.0)	(19.0, 837.0)	(20.0, 761.0)	(21.0, 797.0)	(22.0, 855.0)	(23.0, 815.0)	(24.0, 1064.0)	(25.0, 1112.0)	(26.0, 1156.0)	(27.0, 1280.0)	(28.0, 1484.0)	(29.0, 1603.0)	(30.0, 1832.0)	(31.0, 2118.0)	(32.0, 2489.0)	(33.0, 3100.0)	(34.0, 3866.0)	(35.0, 4887.0)	(36.0, 7147.0)	(37.0, 11997.0)	(38.0, 33295.0)	(39.0, 457112.0)	(40.0, 66218.0)									
122022_BEL_CBC_T4_13_PSTR_S49_R2_16S	(14.0, 13.0)	(15.0, 122.0)	(16.0, 802.0)	(17.0, 2217.0)	(18.0, 3322.0)	(19.0, 3892.0)	(20.0, 3729.0)	(21.0, 3811.0)	(22.0, 4104.0)	(23.0, 3589.0)	(24.0, 5019.0)	(25.0, 5562.0)	(26.0, 4952.0)	(27.0, 5283.0)	(28.0, 5860.0)	(29.0, 6508.0)	(30.0, 7266.0)	(31.0, 8320.0)	(32.0, 10215.0)	(33.0, 12428.0)	(34.0, 15605.0)	(35.0, 20253.0)	(36.0, 29387.0)	(37.0, 46692.0)	(38.0, 120057.0)	(39.0, 1960462.0)	(40.0, 310827.0)												
122022_BEL_CBC_T4_14_MCAV_S38_R2_16S	(11.0, 1.0)	(12.0, 0.0)	(13.0, 1.0)	(14.0, 5.0)	(15.0, 34.0)	(16.0, 284.0)	(17.0, 827.0)	(18.0, 1153.0)	(19.0, 1513.0)	(20.0, 1566.0)	(21.0, 1499.0)	(22.0, 1588.0)	(23.0, 1468.0)	(24.0, 2233.0)	(25.0, 1926.0)	(26.0, 1932.0)	(27.0, 2238.0)	(28.0, 2519.0)	(29.0, 2685.0)	(30.0, 3173.0)	(31.0, 3860.0)	(32.0, 4950.0)	(33.0, 6418.0)	(34.0, 8145.0)	(35.0, 10317.0)	(36.0, 13480.0)	(37.0, 20345.0)	(38.0, 60612.0)	(39.0, 642133.0)	(40.0, 115772.0)									
122022_BEL_CBC_T4_15_MCAV_S2_R2_16S	(9.0, 1.0)	(10.0, 0.0)	(11.0, 0.0)	(12.0, 0.0)	(13.0, 0.0)	(14.0, 1.0)	(15.0, 16.0)	(16.0, 134.0)	(17.0, 343.0)	(18.0, 399.0)	(19.0, 419.0)	(20.0, 375.0)	(21.0, 443.0)	(22.0, 520.0)	(23.0, 468.0)	(24.0, 857.0)	(25.0, 637.0)	(26.0, 656.0)	(27.0, 667.0)	(28.0, 828.0)	(29.0, 862.0)	(30.0, 946.0)	(31.0, 1067.0)	(32.0, 1294.0)	(33.0, 1535.0)	(34.0, 2035.0)	(35.0, 2670.0)	(36.0, 3762.0)	(37.0, 5981.0)	(38.0, 15177.0)	(39.0, 248431.0)	(40.0, 64979.0)							
122022_BEL_CBC_T4_35_PSTR_S87_R2_16S	(10.0, 1.0)	(11.0, 1.0)	(12.0, 0.0)	(13.0, 0.0)	(14.0, 3.0)	(15.0, 43.0)	(16.0, 312.0)	(17.0, 819.0)	(18.0, 1130.0)	(19.0, 1108.0)	(20.0, 1068.0)	(21.0, 1051.0)	(22.0, 1169.0)	(23.0, 1100.0)	(24.0, 1428.0)	(25.0, 1515.0)	(26.0, 1605.0)	(27.0, 1658.0)	(28.0, 1854.0)	(29.0, 2148.0)	(30.0, 2345.0)	(31.0, 2780.0)	(32.0, 3278.0)	(33.0, 4163.0)	(34.0, 5143.0)	(35.0, 6686.0)	(36.0, 9638.0)	(37.0, 15111.0)	(38.0, 40198.0)	(39.0, 602699.0)	(40.0, 81586.0)								
122022_BEL_CBC_T4_3_MCAV_S84_R2_16S	(15.0, 19.0)	(16.0, 140.0)	(17.0, 373.0)	(18.0, 403.0)	(19.0, 436.0)	(20.0, 417.0)	(21.0, 531.0)	(22.0, 571.0)	(23.0, 480.0)	(24.0, 823.0)	(25.0, 673.0)	(26.0, 729.0)	(27.0, 791.0)	(28.0, 918.0)	(29.0, 1010.0)	(30.0, 1186.0)	(31.0, 1424.0)	(32.0, 1785.0)	(33.0, 2260.0)	(34.0, 2593.0)	(35.0, 3622.0)	(36.0, 4911.0)	(37.0, 7870.0)	(38.0, 21411.0)	(39.0, 314505.0)	(40.0, 58463.0)													
122022_BEL_CBC_T4_4_PSTR_S41_R2_16S	(14.0, 1.0)	(15.0, 23.0)	(16.0, 135.0)	(17.0, 503.0)	(18.0, 616.0)	(19.0, 845.0)	(20.0, 827.0)	(21.0, 860.0)	(22.0, 1018.0)	(23.0, 859.0)	(24.0, 1431.0)	(25.0, 1561.0)	(26.0, 1308.0)	(27.0, 1484.0)	(28.0, 1536.0)	(29.0, 1770.0)	(30.0, 2056.0)	(31.0, 2615.0)	(32.0, 3526.0)	(33.0, 4582.0)	(34.0, 5364.0)	(35.0, 6046.0)	(36.0, 7618.0)	(37.0, 12266.0)	(38.0, 27507.0)	(39.0, 410606.0)	(40.0, 119445.0)												
122023_BEL_CBC_T2_517_SSID_S59_R2_16S	(13.0, 1.0)	(14.0, 11.0)	(15.0, 137.0)	(16.0, 1008.0)	(17.0, 2232.0)	(18.0, 3096.0)	(19.0, 4754.0)	(20.0, 4707.0)	(21.0, 4497.0)	(22.0, 4661.0)	(23.0, 4748.0)	(24.0, 5993.0)	(25.0, 6305.0)	(26.0, 6988.0)	(27.0, 8251.0)	(28.0, 9893.0)	(29.0, 12265.0)	(30.0, 16387.0)	(31.0, 22506.0)	(32.0, 33965.0)	(33.0, 46167.0)	(34.0, 54302.0)	(35.0, 54388.0)	(36.0, 57816.0)	(37.0, 83798.0)	(38.0, 176539.0)	(39.0, 1655468.0)	(40.0, 216187.0)											
122023_BEL_CBC_T2_519_PAST_S90_R2_16S	(14.0, 3.0)	(15.0, 23.0)	(16.0, 286.0)	(17.0, 672.0)	(18.0, 998.0)	(19.0, 1753.0)	(20.0, 1546.0)	(21.0, 1252.0)	(22.0, 1153.0)	(23.0, 1148.0)	(24.0, 1251.0)	(25.0, 1314.0)	(26.0, 1451.0)	(27.0, 1572.0)	(28.0, 1835.0)	(29.0, 2080.0)	(30.0, 2418.0)	(31.0, 2934.0)	(32.0, 3496.0)	(33.0, 4357.0)	(34.0, 5451.0)	(35.0, 6891.0)	(36.0, 9499.0)	(37.0, 15545.0)	(38.0, 39407.0)	(39.0, 584512.0)	(40.0, 9997.0)												
122023_BEL_CBC_T4_538_OFAV_S45_R2_16S	(14.0, 2.0)	(15.0, 7.0)	(16.0, 103.0)	(17.0, 287.0)	(18.0, 352.0)	(19.0, 487.0)	(20.0, 522.0)	(21.0, 518.0)	(22.0, 617.0)	(23.0, 555.0)	(24.0, 849.0)	(25.0, 1040.0)	(26.0, 834.0)	(27.0, 863.0)	(28.0, 972.0)	(29.0, 1008.0)	(30.0, 1133.0)	(31.0, 1224.0)	(32.0, 1495.0)	(33.0, 1824.0)	(34.0, 2249.0)	(35.0, 2870.0)	(36.0, 4086.0)	(37.0, 6864.0)	(38.0, 16787.0)	(39.0, 290076.0)	(40.0, 52399.0)												
Negative_S96_R2_16S	(15.0, 3.0)	(16.0, 40.0)	(17.0, 108.0)	(18.0, 120.0)	(19.0, 119.0)	(20.0, 94.0)	(21.0, 66.0)	(22.0, 63.0)	(23.0, 75.0)	(24.0, 86.0)	(25.0, 78.0)	(26.0, 79.0)	(27.0, 102.0)	(28.0, 96.0)	(29.0, 126.0)	(30.0, 139.0)	(31.0, 172.0)	(32.0, 185.0)	(33.0, 258.0)	(34.0, 279.0)	(35.0, 356.0)	(36.0, 512.0)	(37.0, 775.0)	(38.0, 1926.0)	(39.0, 17882.0)	(40.0, 2014.0)													
Undetermined_S0_R2_16S	(2.0, 45964.0)	(3.0, 6004.0)	(4.0, 3969.0)	(5.0, 2562.0)	(6.0, 1860.0)	(7.0, 1722.0)	(8.0, 1834.0)	(9.0, 1637.0)	(10.0, 1463.0)	(11.0, 1223.0)	(12.0, 1216.0)	(13.0, 1229.0)	(14.0, 1700.0)	(15.0, 7653.0)	(16.0, 31560.0)	(17.0, 82288.0)	(18.0, 130965.0)	(19.0, 139481.0)	(20.0, 56915.0)	(21.0, 35444.0)	(22.0, 33157.0)	(23.0, 44714.0)	(24.0, 87827.0)	(25.0, 53401.0)	(26.0, 46244.0)	(27.0, 45834.0)	(28.0, 47588.0)	(29.0, 50048.0)	(30.0, 54892.0)	(31.0, 61762.0)	(32.0, 71505.0)	(33.0, 84235.0)	(34.0, 97541.0)	(35.0, 111476.0)	(36.0, 134586.0)	(37.0, 186098.0)	(38.0, 453682.0)	(39.0, 3610431.0)	(40.0, 465304.0)
