Sample	0	1	2	3	4	5	6	7	8	9	10	11	12	13	14	15	16	17	18	19	20	21	22	23	24	25	26	27	28	29	30	31	32	33	34	35	36	37	38	39	40	41	42	43	44	45	46	47	48	49	50	51	52	53	54	55	56	57
012024-BEL-CBC-T1-561-OANN_S95_R1_16S	(1, 0.0)	(2, 0.0)	(3, 0.0)	(4, 0.0)	(5, 0.0)	(6, 0.0)	(7, 0.0)	(8, 0.0)	(9, 0.0)	(10, 0.0)	(15, 0.0)	(20, 0.0)	(25, 0.0)	(30, 0.0)	(35, 0.0)	(40, 0.0)	(45, 0.0)	(50, 0.0)	(55, 0.0)	(60, 0.0)	(65, 0.0)	(70, 0.0)	(75, 0.0)	(80, 0.0)	(85, 0.0)	(90, 0.0)	(95, 0.0)	(100, 0.0)	(105, 0.0)	(110, 0.0)	(115, 0.0)	(120, 0.0)	(125, 0.0)	(130, 0.0)	(135, 0.0)	(140, 0.0)	(145, 0.6128918633321592)	(150, 0.3240577668193026)	(155, 0.0)	(160, 0.0)	(165, 0.0)	(170, 0.0)	(175, 0.9439943642127511)	(180, 0.0)	(185, 0.0)	(190, 0.0)	(195, 0.0)	(200, 0.0)	(205, 0.6128918633321592)	(210, 0.0)	(215, 0.0)	(220, 0.6762944698837619)	(225, 0.0)	(230, 0.0)	(235, 0.0)	(240, 0.0)	(245, 0.0)	(250, 0.0)
012024-BEL-CBC-T2-587-SSID_S63_R1_16S	(1, 0.0)	(2, 0.007525519802958932)	(3, 0.002423472478918978)	(4, 0.0)	(5, 0.0)	(6, 0.0)	(7, 0.0)	(8, 0.0)	(9, 0.0)	(10, 0.0)	(15, 0.0)	(20, 0.0)	(25, 0.0)	(30, 0.0)	(35, 0.0008928582817069919)	(40, 0.0)	(45, 0.0)	(50, 0.0)	(55, 0.0)	(60, 0.0005357149690241952)	(65, 0.0)	(70, 0.0)	(75, 7.653070986059931e-05)	(80, 5.102047324039955e-05)	(85, 0.0)	(90, 2.5510236620199774e-05)	(95, 0.0)	(100, 2.5510236620199774e-05)	(105, 0.0)	(110, 0.0)	(115, 0.0)	(120, 2.5510236620199774e-05)	(125, 7.653070986059931e-05)	(130, 0.0)	(135, 0.0)	(140, 5.102047324039955e-05)	(145, 0.6788784169367563)	(150, 0.38765355568055576)	(155, 0.0)	(160, 0.0)	(165, 0.0)	(170, 0.0)	(175, 1.0182921151685143)	(180, 2.5510236620199774e-05)	(185, 0.0)	(190, 0.0)	(195, 0.0)	(200, 0.0)	(205, 0.6811743382325742)	(210, 0.0)	(215, 0.0)	(220, 0.6733171853535528)	(225, 0.0)	(230, 0.0)	(235, 0.0)	(240, 0.0001785716563413984)	(245, 0.0)	(250, 0.0)
012024-BEL-CBC-T2-589-SSID_S52_R1_16S	(1, 0.0)	(2, 0.007143318318627714)	(3, 0.0010989720490196483)	(4, 0.0)	(5, 0.0)	(6, 0.0)	(7, 0.0)	(8, 0.0)	(9, 0.0)	(10, 0.0)	(15, 0.0)	(20, 2.7474301225491207e-05)	(25, 0.0)	(30, 0.0)	(35, 0.0005769603257353153)	(40, 0.0)	(45, 0.0)	(50, 0.0)	(55, 0.0)	(60, 0.0004395888196078593)	(65, 0.0)	(70, 0.0)	(75, 0.0)	(80, 0.0)	(85, 0.0)	(90, 0.0)	(95, 0.0)	(100, 0.0)	(105, 0.0)	(110, 0.0)	(115, 0.0)	(120, 0.0)	(125, 2.7474301225491207e-05)	(130, 0.0)	(135, 0.0)	(140, 2.7474301225491207e-05)	(145, 0.6611141103889949)	(150, 0.38609635512182794)	(155, 0.0)	(160, 0.0)	(165, 0.0)	(170, 0.0)	(175, 0.9982512607269974)	(180, 0.0)	(185, 0.0)	(190, 0.0)	(195, 0.0)	(200, 0.0)	(205, 0.6682299544063971)	(210, 0.0)	(215, 0.0)	(220, 0.667213405261054)	(225, 0.0)	(230, 0.0)	(235, 0.0)	(240, 2.7474301225491207e-05)	(245, 0.0)	(250, 0.0)
012024-BEL-CBC-T2-603-MCAV_S39_R1_16S	(1, 0.0)	(2, 0.0077675387494262615)	(3, 0.001916665405702584)	(4, 0.0)	(5, 0.0)	(6, 0.0)	(7, 0.0)	(8, 0.0)	(9, 0.0)	(10, 0.0)	(15, 0.0)	(20, 2.0175425323185094e-05)	(25, 0.0)	(30, 0.0)	(35, 0.0005447364837259975)	(40, 0.00010087712661592546)	(45, 8.070170129274038e-05)	(50, 4.035085064637019e-05)	(55, 4.035085064637019e-05)	(60, 0.0006859644609882932)	(65, 2.0175425323185094e-05)	(70, 2.0175425323185094e-05)	(75, 6.052627596955528e-05)	(80, 6.052627596955528e-05)	(85, 0.0)	(90, 2.0175425323185094e-05)	(95, 0.0)	(100, 4.035085064637019e-05)	(105, 0.0)	(110, 0.0)	(115, 0.0)	(120, 4.035085064637019e-05)	(125, 8.070170129274038e-05)	(130, 0.0)	(135, 0.0)	(140, 0.0)	(145, 0.6601600919999394)	(150, 0.3925532505132123)	(155, 0.0)	(160, 0.0)	(165, 0.0)	(170, 0.0)	(175, 1.011636176555147)	(180, 2.0175425323185094e-05)	(185, 0.0)	(190, 0.0)	(195, 0.0)	(200, 0.0)	(205, 0.6637916685581128)	(210, 0.0)	(215, 0.0)	(220, 0.67460569653134)	(225, 0.0)	(230, 0.0)	(235, 0.0)	(240, 6.052627596955528e-05)	(245, 0.0)	(250, 0.0)
012024-BEL-CBC-T3-629-OFAV_S35_R1_16S	(1, 0.0)	(2, 0.00827852642229683)	(3, 0.002299590672860231)	(4, 0.0)	(5, 0.0)	(6, 0.0)	(7, 0.0)	(8, 0.0)	(9, 0.0)	(10, 0.0)	(15, 0.0)	(20, 0.00018396725382881847)	(25, 0.0)	(30, 9.198362691440924e-05)	(35, 0.0008278526422296831)	(40, 0.0004599181345720462)	(45, 0.0002759508807432277)	(50, 0.00018396725382881847)	(55, 0.00018396725382881847)	(60, 0.0004599181345720462)	(65, 0.00018396725382881847)	(70, 9.198362691440924e-05)	(75, 9.198362691440924e-05)	(80, 9.198362691440924e-05)	(85, 0.0)	(90, 0.0)	(95, 0.0)	(100, 9.198362691440924e-05)	(105, 0.0)	(110, 0.0)	(115, 0.0)	(120, 0.0)	(125, 9.198362691440924e-05)	(130, 0.0)	(135, 0.0)	(140, 0.0)	(145, 0.6720323782366738)	(150, 0.3672906222692361)	(155, 0.0)	(160, 0.0)	(165, 0.0)	(170, 0.0)	(175, 0.9736466908890218)	(180, 0.0)	(185, 0.0)	(190, 0.0)	(195, 0.0)	(200, 0.0)	(205, 0.6670652623832958)	(210, 0.0)	(215, 0.0)	(220, 0.6888653819620107)	(225, 0.0)	(230, 0.0)	(235, 0.0)	(240, 9.198362691440924e-05)	(245, 0.0)	(250, 0.0)
012024-BEL-CBC-T3-635-OFAV_S82_R1_16S	(1, 0.0)	(2, 0.008783598319292246)	(3, 0.0020269842275289795)	(4, 0.0)	(5, 0.0)	(6, 0.0)	(7, 0.0)	(8, 0.0)	(9, 0.0)	(10, 0.0)	(15, 0.0)	(20, 0.0)	(25, 0.0)	(30, 0.0)	(35, 0.0004898545216528368)	(40, 0.0)	(45, 0.0)	(50, 0.0)	(55, 0.0)	(60, 0.0005067460568822449)	(65, 0.0)	(70, 0.0)	(75, 1.6891535229408165e-05)	(80, 5.067460568822449e-05)	(85, 0.0)	(90, 0.0)	(95, 0.0)	(100, 3.378307045881633e-05)	(105, 0.0)	(110, 0.0)	(115, 0.0)	(120, 1.6891535229408165e-05)	(125, 0.00010134921137644899)	(130, 0.0)	(135, 0.0)	(140, 6.756614091763266e-05)	(145, 0.6666244378285932)	(150, 0.3843162095394945)	(155, 0.0)	(160, 0.0)	(165, 0.0)	(170, 0.0)	(175, 1.024674310086358)	(180, 0.0)	(185, 0.0)	(190, 0.0)	(195, 0.0)	(200, 0.0)	(205, 0.6531112096450666)	(210, 0.0)	(215, 0.0)	(220, 0.6612191465551825)	(225, 0.0)	(230, 0.0)	(235, 0.0)	(240, 6.756614091763266e-05)	(245, 0.0)	(250, 0.0)
012024-BEL-CBC-T3-639-OFAV_S1_R1_16S	(1, 0.0)	(2, 0.007002421087090861)	(3, 0.002013196062538623)	(4, 0.0)	(5, 8.753026358863577e-05)	(6, 0.0)	(7, 0.0)	(8, 0.0)	(9, 0.0)	(10, 0.0)	(15, 0.0)	(20, 0.0)	(25, 0.0)	(30, 3.501210543545431e-05)	(35, 0.000455157370660906)	(40, 3.501210543545431e-05)	(45, 3.501210543545431e-05)	(50, 1.7506052717727154e-05)	(55, 1.7506052717727154e-05)	(60, 0.0005426876342495418)	(65, 0.0)	(70, 0.0)	(75, 5.2518158153181456e-05)	(80, 5.2518158153181456e-05)	(85, 0.0)	(90, 1.7506052717727154e-05)	(95, 0.0)	(100, 1.7506052717727154e-05)	(105, 0.0)	(110, 0.0)	(115, 0.0)	(120, 5.2518158153181456e-05)	(125, 3.501210543545431e-05)	(130, 0.0)	(135, 0.0)	(140, 0.0)	(145, 0.661046056674095)	(150, 0.38338255451822467)	(155, 0.0)	(160, 0.0)	(165, 0.0)	(170, 0.0)	(175, 1.0271676432126409)	(180, 1.7506052717727154e-05)	(185, 0.0)	(190, 0.0)	(195, 0.0)	(200, 0.0)	(205, 0.661956371415417)	(210, 0.0)	(215, 0.0)	(220, 0.663496904054577)	(225, 0.0)	(230, 0.0)	(235, 0.0)	(240, 8.753026358863577e-05)	(245, 0.0)	(250, 0.0)
012024-BEL-CBC-T4-667-OFAV_S24_R1_16S	(1, 0.0)	(2, 0.008585412023869539)	(3, 0.001151701612958109)	(4, 0.0)	(5, 0.0)	(6, 0.0)	(7, 0.0)	(8, 0.0)	(9, 0.0)	(10, 0.0)	(15, 0.0)	(20, 1.0470014663255536e-05)	(25, 0.0)	(30, 2.094002932651107e-05)	(35, 0.0004397406158567325)	(40, 0.0)	(45, 0.0)	(50, 0.0)	(55, 0.0)	(60, 0.0005130307184995212)	(65, 0.0)	(70, 0.0)	(75, 6.282008797953322e-05)	(80, 6.282008797953322e-05)	(85, 0.0)	(90, 4.188005865302214e-05)	(95, 0.0)	(100, 4.188005865302214e-05)	(105, 0.0)	(110, 0.0)	(115, 0.0)	(120, 4.188005865302214e-05)	(125, 5.235007331627768e-05)	(130, 0.0)	(135, 0.0)	(140, 0.0)	(145, 0.6604171149141694)	(150, 0.38475209884531447)	(155, 0.0)	(160, 0.0)	(165, 0.0)	(170, 0.0)	(175, 1.0456927144926467)	(180, 2.094002932651107e-05)	(185, 0.0)	(190, 0.0)	(195, 0.0)	(200, 0.0)	(205, 0.6619980871283211)	(210, 0.0)	(215, 0.0)	(220, 0.6623540676268717)	(225, 0.0)	(230, 0.0)	(235, 0.0)	(240, 0.00010470014663255537)	(245, 0.0)	(250, 0.0)
022024-BEL-CBC-T1-774-MCAV_S80_R1_16S	(1, 0.0)	(2, 0.006865230863750766)	(3, 0.0018617575223730894)	(4, 0.0)	(5, 0.0)	(6, 0.0)	(7, 0.0)	(8, 0.0)	(9, 0.0)	(10, 0.0)	(15, 0.0)	(20, 0.0)	(25, 0.0)	(30, 4.654393805932723e-05)	(35, 0.0006516151328305812)	(40, 6.981590708899086e-05)	(45, 4.654393805932723e-05)	(50, 6.981590708899086e-05)	(55, 6.981590708899086e-05)	(60, 0.0006748871018602448)	(65, 0.0)	(70, 0.0)	(75, 4.654393805932723e-05)	(80, 4.654393805932723e-05)	(85, 0.0)	(90, 2.3271969029663614e-05)	(95, 0.0)	(100, 2.3271969029663614e-05)	(105, 0.0)	(110, 0.0)	(115, 0.0)	(120, 2.3271969029663614e-05)	(125, 4.654393805932723e-05)	(130, 0.0)	(135, 0.0)	(140, 0.0)	(145, 0.6474727223433011)	(150, 0.38019415803761447)	(155, 0.0)	(160, 0.0)	(165, 0.0)	(170, 0.0)	(175, 1.0271083531242038)	(180, 0.0)	(185, 0.0)	(190, 0.0)	(195, 0.0)	(200, 0.0)	(205, 0.6603421212167051)	(210, 0.0)	(215, 0.0)	(220, 0.6569676857074038)	(225, 0.0)	(230, 0.0)	(235, 0.0)	(240, 9.308787611865446e-05)	(245, 0.0)	(250, 0.0)
022024-BEL-CBC-T2-807-SSID_S31_R1_16S	(1, 0.0)	(2, 0.008256265167980111)	(3, 0.001511710523714668)	(4, 0.0)	(5, 0.0)	(6, 0.0)	(7, 0.0)	(8, 0.0)	(9, 0.0)	(10, 0.0)	(15, 0.0)	(20, 0.0)	(25, 0.0)	(30, 0.0)	(35, 0.0006046842094858673)	(40, 4.651416996045133e-05)	(45, 4.651416996045133e-05)	(50, 4.651416996045133e-05)	(55, 4.651416996045133e-05)	(60, 0.0005349129545451902)	(65, 0.0)	(70, 0.0)	(75, 2.3257084980225664e-05)	(80, 2.3257084980225664e-05)	(85, 0.0)	(90, 0.0)	(95, 0.0)	(100, 0.0)	(105, 0.0)	(110, 0.0)	(115, 0.0)	(120, 0.0)	(125, 2.3257084980225664e-05)	(130, 0.0)	(135, 0.0)	(140, 0.0)	(145, 0.6534543166894005)	(150, 0.37939282728242124)	(155, 0.0)	(160, 0.0)	(165, 0.0)	(170, 0.0)	(175, 1.0258467613927738)	(180, 0.0)	(185, 0.0)	(190, 0.0)	(195, 0.0)	(200, 0.0)	(205, 0.6564544806518495)	(210, 0.0)	(215, 0.0)	(220, 0.6551055697229965)	(225, 0.0)	(230, 0.0)	(235, 0.0)	(240, 6.977125494067699e-05)	(245, 0.0)	(250, 0.0)
022024-BEL-CBC-T3-842-MCAV_S22_R1_16S	(1, 0.0)	(2, 0.007160184339339234)	(3, 0.0011802501658251482)	(4, 0.0)	(5, 7.868334438834322e-05)	(6, 0.0)	(7, 0.0)	(8, 0.0)	(9, 0.0)	(10, 0.0)	(15, 0.0)	(20, 0.0)	(25, 0.0)	(30, 0.0)	(35, 0.0005507834107184025)	(40, 9.442001326601187e-05)	(45, 9.442001326601187e-05)	(50, 7.868334438834322e-05)	(55, 7.868334438834322e-05)	(60, 0.0004721000663300593)	(65, 0.0)	(70, 0.0)	(75, 9.442001326601187e-05)	(80, 9.442001326601187e-05)	(85, 0.0)	(90, 0.0)	(95, 0.0)	(100, 1.5736668877668645e-05)	(105, 0.0)	(110, 0.0)	(115, 0.0)	(120, 3.147333775533729e-05)	(125, 0.0)	(130, 0.0)	(135, 0.0)	(140, 0.0)	(145, 0.6558414121457184)	(150, 0.38383309059521586)	(155, 0.0)	(160, 0.0)	(165, 0.0)	(170, 0.0)	(175, 1.040303969496041)	(180, 0.0)	(185, 0.0)	(190, 0.0)	(195, 0.0)	(200, 0.0)	(205, 0.6612233529018811)	(210, 0.0)	(215, 0.0)	(220, 0.6671403403998845)	(225, 0.0)	(230, 0.0)	(235, 0.0)	(240, 9.442001326601187e-05)	(245, 0.0)	(250, 0.0)
022024-BEL-CBC-T3-843-MCAV_S73_R1_16S	(1, 0.0)	(2, 0.005979914522398298)	(3, 0.0010552790333644055)	(4, 0.0)	(5, 0.0)	(6, 0.0)	(7, 0.0)	(8, 0.0)	(9, 0.0)	(10, 0.0)	(15, 0.0)	(20, 0.0)	(25, 0.0)	(30, 0.0)	(35, 0.0005628154844610163)	(40, 0.00014070387111525407)	(45, 0.00014070387111525407)	(50, 0.00014070387111525407)	(55, 0.00014070387111525407)	(60, 0.0007738712911338972)	(65, 0.0)	(70, 0.0)	(75, 0.00021105580667288109)	(80, 0.00021105580667288109)	(85, 0.0)	(90, 0.0)	(95, 0.0)	(100, 0.0)	(105, 0.0)	(110, 0.0)	(115, 0.0)	(120, 0.00014070387111525407)	(125, 7.035193555762703e-05)	(130, 0.0)	(135, 0.0)	(140, 0.0)	(145, 0.6515292751991839)	(150, 0.3732170181332114)	(155, 0.0)	(160, 0.0)	(165, 0.0)	(170, 0.0)	(175, 1.0041331762140104)	(180, 0.0)	(185, 0.0)	(190, 0.0)	(195, 0.0)	(200, 0.0)	(205, 0.6632076965017499)	(210, 0.0)	(215, 0.0)	(220, 0.6477302706790721)	(225, 0.0)	(230, 0.0)	(235, 0.0)	(240, 0.00014070387111525407)	(245, 0.0)	(250, 0.0)
022024-BEL-CBC-T3-852-OFAV_S18_R1_16S	(1, 0.0)	(2, 0.010324931673246279)	(3, 0.0012146978439113271)	(4, 0.0)	(5, 0.0)	(6, 0.0)	(7, 0.0)	(8, 0.0)	(9, 0.0)	(10, 0.0)	(15, 0.0)	(20, 0.0)	(25, 0.0)	(30, 0.0)	(35, 0.00032391942504302057)	(40, 0.0)	(45, 0.0)	(50, 0.0)	(55, 0.0)	(60, 0.0004453892094341532)	(65, 0.0)	(70, 0.0)	(75, 0.0)	(80, 4.048992813037757e-05)	(85, 0.0)	(90, 0.0)	(95, 0.0)	(100, 4.048992813037757e-05)	(105, 0.0)	(110, 0.0)	(115, 0.0)	(120, 0.0)	(125, 8.097985626075514e-05)	(130, 0.0)	(135, 0.0)	(140, 4.048992813037757e-05)	(145, 0.6662212774572326)	(150, 0.38076728413807065)	(155, 0.0)	(160, 0.0)	(165, 0.0)	(170, 0.0)	(175, 1.0438303472011337)	(180, 0.0)	(185, 0.0)	(190, 0.0)	(195, 0.0)	(200, 0.0)	(205, 0.670027330701488)	(210, 0.0)	(215, 0.0)	(220, 0.6706751695515741)	(225, 0.0)	(230, 0.0)	(235, 0.0)	(240, 0.00016195971252151028)	(245, 0.0)	(250, 0.0)
042024-BEL-CBC-T1-924-MCAV_S38_R1_16S	(1, 0.0)	(2, 0.007454513134278719)	(3, 0.0013762178094053018)	(4, 0.0)	(5, 0.00011468481745044182)	(6, 0.0)	(7, 0.0)	(8, 0.0)	(9, 0.0)	(10, 0.0)	(15, 0.0)	(20, 0.0)	(25, 0.0)	(30, 2.2936963490088364e-05)	(35, 0.0008027937221530927)	(40, 0.0)	(45, 0.0)	(50, 0.0)	(55, 0.0)	(60, 0.00048167623329185567)	(65, 0.0)	(70, 0.0)	(75, 4.587392698017673e-05)	(80, 2.2936963490088364e-05)	(85, 0.0)	(90, 0.0)	(95, 0.0)	(100, 0.0)	(105, 0.0)	(110, 0.0)	(115, 0.0)	(120, 2.2936963490088364e-05)	(125, 4.587392698017673e-05)	(130, 0.0)	(135, 0.0)	(140, 0.0)	(145, 0.6612955943827377)	(150, 0.3892173334633095)	(155, 0.0)	(160, 0.0)	(165, 0.0)	(170, 0.0)	(175, 1.000166292985303)	(180, 0.0)	(185, 0.0)	(190, 0.0)	(195, 0.0)	(200, 0.0)	(205, 0.6626947491556331)	(210, 0.0)	(215, 0.0)	(220, 0.6638415973301375)	(225, 0.0)	(230, 0.0)	(235, 0.0)	(240, 0.0001376217809405302)	(245, 0.0)	(250, 0.0)
042024-BEL-CBC-T1-931-SSID_S45_R1_16S	(1, 0.0)	(2, 0.008026545976602618)	(3, 0.001094528996809448)	(4, 0.0)	(5, 0.0)	(6, 0.0)	(7, 0.0)	(8, 0.0)	(9, 0.0)	(10, 0.0)	(15, 0.0)	(20, 0.0)	(25, 0.0)	(30, 3.648429989364826e-05)	(35, 0.00040132729883013093)	(40, 0.0)	(45, 0.0)	(50, 0.0)	(55, 0.0)	(60, 0.0005837487982983722)	(65, 0.0)	(70, 0.0)	(75, 3.648429989364826e-05)	(80, 3.648429989364826e-05)	(85, 0.0)	(90, 3.648429989364826e-05)	(95, 0.0)	(100, 3.648429989364826e-05)	(105, 0.0)	(110, 0.0)	(115, 0.0)	(120, 3.648429989364826e-05)	(125, 3.648429989364826e-05)	(130, 0.0)	(135, 0.0)	(140, 0.0)	(145, 0.6610590297730129)	(150, 0.3887766996667159)	(155, 0.0)	(160, 0.0)	(165, 0.0)	(170, 0.0)	(175, 1.0072585514638415)	(180, 3.648429989364826e-05)	(185, 0.0)	(190, 0.0)	(195, 0.0)	(200, 0.0)	(205, 0.6794836012193053)	(210, 0.0)	(215, 0.0)	(220, 0.6774039961253674)	(225, 0.0)	(230, 0.0)	(235, 0.0)	(240, 0.00018242149946824134)	(245, 0.0)	(250, 0.0)
042024-BEL-CBC-T2-1016-MCAV_S68_R1_16S	(1, 0.0)	(2, 0.008700062015826677)	(3, 0.0023051446366720253)	(4, 0.0)	(5, 0.0)	(6, 0.0)	(7, 0.0)	(8, 0.0)	(9, 0.0)	(10, 0.0)	(15, 0.0)	(20, 0.0)	(25, 0.0)	(30, 2.9743801763510007e-05)	(35, 0.0004759008282161601)	(40, 2.9743801763510007e-05)	(45, 2.9743801763510007e-05)	(50, 2.9743801763510007e-05)	(55, 1.4871900881755004e-05)	(60, 0.00044615702645265005)	(65, 0.0)	(70, 0.0)	(75, 2.9743801763510007e-05)	(80, 2.9743801763510007e-05)	(85, 0.0)	(90, 0.0)	(95, 0.0)	(100, 0.0)	(105, 0.0)	(110, 0.0)	(115, 0.0)	(120, 2.9743801763510007e-05)	(125, 1.4871900881755004e-05)	(130, 0.0)	(135, 0.0)	(140, 0.0)	(145, 0.6542595354910479)	(150, 0.3828622162999008)	(155, 0.0)	(160, 0.0)	(165, 0.0)	(170, 0.0)	(175, 1.0295073385394902)	(180, 0.0)	(185, 0.0)	(190, 0.0)	(195, 0.0)	(200, 0.0)	(205, 0.645752808186684)	(210, 0.0)	(215, 0.0)	(220, 0.6559995478942132)	(225, 0.0)	(230, 0.0)	(235, 0.0)	(240, 7.435950440877501e-05)	(245, 0.0)	(250, 0.0)
042024-BEL-CBC-T2-1025-SSID_S59_R1_16S	(1, 0.0)	(2, 0.006434438776833944)	(3, 0.001556719058911438)	(4, 0.0)	(5, 0.0)	(6, 0.0)	(7, 0.0)	(8, 0.0)	(9, 0.0)	(10, 0.0)	(15, 0.0)	(20, 2.0756254118819177e-05)	(25, 0.0)	(30, 2.0756254118819177e-05)	(35, 0.0007264688941586711)	(40, 8.302501647527671e-05)	(45, 4.1512508237638354e-05)	(50, 4.1512508237638354e-05)	(55, 4.1512508237638354e-05)	(60, 0.0006019313694457561)	(65, 0.0)	(70, 2.0756254118819177e-05)	(75, 0.00010378127059409588)	(80, 0.00010378127059409588)	(85, 0.0)	(90, 2.0756254118819177e-05)	(95, 0.0)	(100, 2.0756254118819177e-05)	(105, 0.0)	(110, 0.0)	(115, 0.0)	(120, 6.226876235645752e-05)	(125, 6.226876235645752e-05)	(130, 0.0)	(135, 0.0)	(140, 2.0756254118819177e-05)	(145, 0.6793729535630705)	(150, 0.383617088624016)	(155, 0.0)	(160, 0.0)	(165, 0.0)	(170, 0.0)	(175, 0.9996211983623317)	(180, 0.0)	(185, 0.0)	(190, 0.0)	(195, 0.0)	(200, 0.0)	(205, 0.6768614468146934)	(210, 0.0)	(215, 0.0)	(220, 0.6713195269649687)	(225, 0.0)	(230, 0.0)	(235, 0.0)	(240, 8.302501647527671e-05)	(245, 0.0)	(250, 0.0)
042024-BEL-CBC-T2-1035-SSID_S4_R1_16S	(1, 0.0)	(2, 0.005766808027396774)	(3, 0.0013308018524761786)	(4, 0.0)	(5, 0.0)	(6, 0.0)	(7, 0.0)	(8, 0.0)	(9, 0.0)	(10, 0.0)	(15, 0.0)	(20, 0.0)	(25, 0.0)	(30, 0.0)	(35, 0.0002661603704952357)	(40, 0.0)	(45, 0.0)	(50, 0.0)	(55, 0.0)	(60, 0.00035488049399364765)	(65, 0.0)	(70, 0.0)	(75, 8.872012349841191e-05)	(80, 8.872012349841191e-05)	(85, 0.0)	(90, 0.0)	(95, 0.0)	(100, 0.0)	(105, 0.0)	(110, 0.0)	(115, 0.0)	(120, 8.872012349841191e-05)	(125, 0.0)	(130, 0.0)	(135, 0.0)	(140, 0.0)	(145, 0.6449065777099562)	(150, 0.3573646574516032)	(155, 0.0)	(160, 0.0)	(165, 0.0)	(170, 0.0)	(175, 0.9957059460226769)	(180, 0.0)	(185, 0.0)	(190, 0.0)	(195, 0.0)	(200, 0.0)	(205, 0.6512057064783434)	(210, 0.0)	(215, 0.0)	(220, 0.6611423603101655)	(225, 0.0)	(230, 0.0)	(235, 0.0)	(240, 8.872012349841191e-05)	(245, 0.0)	(250, 0.0)
042024-BEL-CBC-T3-950-PSTR_S84_R1_16S	(1, 0.0)	(2, 0.008646127059514553)	(3, 0.0021544447754855934)	(4, 0.0)	(5, 8.504387271653659e-05)	(6, 0.0)	(7, 0.0)	(8, 0.0)	(9, 0.0)	(10, 0.0)	(15, 0.0)	(20, 0.0)	(25, 0.0)	(30, 1.1339183028871545e-05)	(35, 0.00040821058903937565)	(40, 0.0)	(45, 0.0)	(50, 0.0)	(55, 0.0)	(60, 0.0005386111938713984)	(65, 0.0)	(70, 0.0)	(75, 2.267836605774309e-05)	(80, 2.267836605774309e-05)	(85, 0.0)	(90, 1.1339183028871545e-05)	(95, 0.0)	(100, 1.1339183028871545e-05)	(105, 0.0)	(110, 0.0)	(115, 0.0)	(120, 1.1339183028871545e-05)	(125, 2.8347957572178863e-05)	(130, 0.0)	(135, 0.0)	(140, 1.1339183028871545e-05)	(145, 0.6537322495720167)	(150, 0.3830829594473963)	(155, 0.0)	(160, 0.0)	(165, 0.0)	(170, 0.0)	(175, 1.0290592078276648)	(180, 0.0)	(185, 0.0)	(190, 0.0)	(195, 0.0)	(200, 0.0)	(205, 0.6534941267284105)	(210, 0.0)	(215, 0.0)	(220, 0.6544296093282923)	(225, 0.0)	(230, 0.0)	(235, 0.0)	(240, 6.23655066587935e-05)	(245, 0.0)	(250, 0.0)
042024-BEL-CBC-T3-956-MCAV_S94_R1_16S	(1, 0.0)	(2, 0.00845096778672172)	(3, 0.0018109216685832253)	(4, 0.0)	(5, 0.0)	(6, 0.0)	(7, 0.0)	(8, 0.0)	(9, 0.0)	(10, 0.0)	(15, 0.0)	(20, 0.0)	(25, 0.0)	(30, 0.0)	(35, 0.0006036405561944085)	(40, 0.0)	(45, 0.0)	(50, 0.0)	(55, 0.0)	(60, 0.000784732723052731)	(65, 0.0)	(70, 0.0)	(75, 6.036405561944084e-05)	(80, 6.036405561944084e-05)	(85, 0.0)	(90, 0.0)	(95, 0.0)	(100, 0.0)	(105, 0.0)	(110, 0.0)	(115, 0.0)	(120, 6.036405561944084e-05)	(125, 0.0)	(130, 0.0)	(135, 0.0)	(140, 0.0)	(145, 0.6574852938069498)	(150, 0.37510224161920547)	(155, 0.0)	(160, 0.0)	(165, 0.0)	(170, 0.0)	(175, 1.027516954754122)	(180, 0.0)	(185, 0.0)	(190, 0.0)	(195, 0.0)	(200, 0.0)	(205, 0.6679886394847324)	(210, 0.0)	(215, 0.0)	(220, 0.6766810634939319)	(225, 0.0)	(230, 0.0)	(235, 0.0)	(240, 0.00012072811123888169)	(245, 0.0)	(250, 0.0)
042024-BEL-CBC-T3-959-SSID_S7_R1_16S	(1, 0.0)	(2, 0.01345053762590099)	(3, 0.0007912080956412347)	(4, 0.0)	(5, 0.0)	(6, 0.0)	(7, 0.0)	(8, 0.0)	(9, 0.0)	(10, 0.0)	(15, 0.0)	(20, 0.0)	(25, 0.0)	(30, 0.0)	(35, 0.0009494497147694814)	(40, 0.0)	(45, 0.0)	(50, 0.0)	(55, 0.0)	(60, 0.0004747248573847407)	(65, 0.0)	(70, 0.0)	(75, 0.00015824161912824693)	(80, 0.00015824161912824693)	(85, 0.0)	(90, 0.00015824161912824693)	(95, 0.0)	(100, 0.00015824161912824693)	(105, 0.0)	(110, 0.0)	(115, 0.0)	(120, 0.00015824161912824693)	(125, 0.00015824161912824693)	(130, 0.0)	(135, 0.0)	(140, 0.0)	(145, 0.6457840476623757)	(150, 0.38864141657897444)	(155, 0.0)	(160, 0.0)	(165, 0.0)	(170, 0.0)	(175, 1.0162276780416017)	(180, 0.00015824161912824693)	(185, 0.0)	(190, 0.0)	(195, 0.0)	(200, 0.0)	(205, 0.6587598604308919)	(210, 0.0)	(215, 0.0)	(220, 0.653063162142275)	(225, 0.0)	(230, 0.0)	(235, 0.0)	(240, 0.00015824161912824693)	(245, 0.0)	(250, 0.0)
052022-BEL-CBC-T1-53-PAST_S53_R1_16S	(1, 0.0)	(2, 0.006179262395401034)	(3, 0.001694313882609961)	(4, 0.0)	(5, 9.966552250646828e-05)	(6, 0.0)	(7, 0.0)	(8, 0.0)	(9, 0.0)	(10, 0.0)	(15, 0.0)	(20, 3.986620900258732e-05)	(25, 0.0)	(30, 0.0)	(35, 0.000697658657545278)	(40, 3.986620900258732e-05)	(45, 3.986620900258732e-05)	(50, 3.986620900258732e-05)	(55, 1.993310450129366e-05)	(60, 0.0004783945080310478)	(65, 0.0)	(70, 0.0)	(75, 3.986620900258732e-05)	(80, 3.986620900258732e-05)	(85, 0.0)	(90, 0.0)	(95, 0.0)	(100, 0.0)	(105, 0.0)	(110, 0.0)	(115, 0.0)	(120, 0.0)	(125, 5.979931350388098e-05)	(130, 0.0)	(135, 0.0)	(140, 1.993310450129366e-05)	(145, 0.6608023473223861)	(150, 0.3793867779731222)	(155, 0.0)	(160, 0.0)	(165, 0.0)	(170, 0.0)	(175, 0.987705261143602)	(180, 0.0)	(185, 0.0)	(190, 0.0)	(195, 0.0)	(200, 0.0)	(205, 0.6533872324479049)	(210, 0.0)	(215, 0.0)	(220, 0.6708286988865368)	(225, 0.0)	(230, 0.0)	(235, 0.0)	(240, 3.986620900258732e-05)	(245, 0.0)	(250, 0.0)
052022-BEL-CBC-T1-54-MCAV_S19_R1_16S	(1, 0.0)	(2, 0.004270949004868882)	(3, 0.0)	(4, 0.0)	(5, 0.0)	(6, 0.0)	(7, 0.0)	(8, 0.0)	(9, 0.0)	(10, 0.0)	(15, 0.0)	(20, 0.0)	(25, 0.0)	(30, 0.0)	(35, 0.0)	(40, 0.0)	(45, 0.0)	(50, 0.0)	(55, 0.0)	(60, 0.0)	(65, 0.0)	(70, 0.0)	(75, 0.0)	(80, 0.0)	(85, 0.0)	(90, 0.0)	(95, 0.0)	(100, 0.0)	(105, 0.0)	(110, 0.0)	(115, 0.0)	(120, 0.0)	(125, 0.0)	(130, 0.0)	(135, 0.0)	(140, 0.0)	(145, 0.6500384385410438)	(150, 0.37968736653284363)	(155, 0.0)	(160, 0.0)	(165, 0.0)	(170, 0.0)	(175, 1.0754249594259846)	(180, 0.0)	(185, 0.0)	(190, 0.0)	(195, 0.0)	(200, 0.0)	(205, 0.6393610660288717)	(210, 0.0)	(215, 0.0)	(220, 0.6594345263517554)	(225, 0.0)	(230, 0.0)	(235, 0.0)	(240, 0.0)	(245, 0.0)	(250, 0.0)
052022-BEL-CBC-T1-55-PSTR_S67_R1_16S	(1, 0.0)	(2, 0.006462512809623605)	(3, 0.00046160805783025747)	(4, 0.0)	(5, 0.0)	(6, 0.0)	(7, 0.0)	(8, 0.0)	(9, 0.0)	(10, 0.0)	(15, 0.0)	(20, 0.0)	(25, 0.0)	(30, 0.0)	(35, 0.0010155377272265665)	(40, 0.0)	(45, 0.0)	(50, 0.0)	(55, 0.0)	(60, 0.0008308945040944635)	(65, 0.0)	(70, 0.0)	(75, 9.232161156605149e-05)	(80, 9.232161156605149e-05)	(85, 0.0)	(90, 0.0)	(95, 0.0)	(100, 0.0)	(105, 0.0)	(110, 0.0)	(115, 0.0)	(120, 0.0)	(125, 0.0)	(130, 0.0)	(135, 0.0)	(140, 0.0)	(145, 0.6486516428630777)	(150, 0.33798941994331455)	(155, 0.0)	(160, 0.0)	(165, 0.0)	(170, 0.0)	(175, 0.950266347849368)	(180, 0.0)	(185, 0.0)	(190, 0.0)	(195, 0.0)	(200, 0.0)	(205, 0.6400657329874351)	(210, 0.0)	(215, 0.0)	(220, 0.6597302362510039)	(225, 0.0)	(230, 0.0)	(235, 0.0)	(240, 9.232161156605149e-05)	(245, 0.0)	(250, 0.0)
052022-BEL-CBC-T1-62-MCAV_S92_R1_16S	(1, 0.0)	(2, 0.008057234146002639)	(3, 0.0011113426408279504)	(4, 0.0)	(5, 0.0)	(6, 0.0)	(7, 0.0)	(8, 0.0)	(9, 0.0)	(10, 0.0)	(15, 0.0)	(20, 0.0)	(25, 0.0)	(30, 0.0)	(35, 0.0003889699242897826)	(40, 0.0)	(45, 0.0)	(50, 0.0)	(55, 0.0)	(60, 0.00033340279224838506)	(65, 0.0)	(70, 0.0)	(75, 0.00011113426408279503)	(80, 0.00011113426408279503)	(85, 0.0)	(90, 5.5567132041397515e-05)	(95, 0.0)	(100, 5.5567132041397515e-05)	(105, 0.0)	(110, 0.0)	(115, 0.0)	(120, 0.00011113426408279503)	(125, 0.00011113426408279503)	(130, 0.0)	(135, 0.0)	(140, 5.5567132041397515e-05)	(145, 0.6646384663471556)	(150, 0.3813572272001111)	(155, 0.0)	(160, 0.0)	(165, 0.0)	(170, 0.0)	(175, 1.023935542126832)	(180, 0.0)	(185, 0.0)	(190, 0.0)	(195, 0.0)	(200, 0.0)	(205, 0.6574703063138154)	(210, 0.0)	(215, 0.0)	(220, 0.6645273320830728)	(225, 0.0)	(230, 0.0)	(235, 0.0)	(240, 0.00016670139612419253)	(245, 0.0)	(250, 0.0)
052022-BEL-CBC-T1-63-OFAV_S60_R1_16S	(1, 0.0)	(2, 0.008318120914004119)	(3, 0.0017985126300549444)	(4, 0.0)	(5, 0.0)	(6, 0.0)	(7, 0.0)	(8, 0.0)	(9, 0.0)	(10, 0.0)	(15, 0.0)	(20, 0.0)	(25, 0.0)	(30, 0.0)	(35, 0.00035970252601098894)	(40, 0.0)	(45, 0.0)	(50, 0.0)	(55, 0.0)	(60, 0.0005545413942669412)	(65, 0.0)	(70, 0.0)	(75, 2.997521050091574e-05)	(80, 2.997521050091574e-05)	(85, 0.0)	(90, 0.0)	(95, 0.0)	(100, 1.498760525045787e-05)	(105, 0.0)	(110, 0.0)	(115, 0.0)	(120, 2.997521050091574e-05)	(125, 2.997521050091574e-05)	(130, 0.0)	(135, 0.0)	(140, 0.0)	(145, 0.6754164306118839)	(150, 0.396137394374852)	(155, 0.0)	(160, 0.0)	(165, 0.0)	(170, 0.0)	(175, 1.0229040583437499)	(180, 0.0)	(185, 0.0)	(190, 0.0)	(195, 0.0)	(200, 0.0)	(205, 0.6727036740615511)	(210, 0.0)	(215, 0.0)	(220, 0.6766454142424215)	(225, 0.0)	(230, 0.0)	(235, 0.0)	(240, 7.493802625228936e-05)	(245, 0.0)	(250, 0.0)
052022-BEL-CBC-T2-10-MCAV_S3_R1_16S	(1, 0.0)	(2, 0.00678928766793788)	(3, 0.000581938942966104)	(4, 0.0)	(5, 0.0)	(6, 0.0)	(7, 0.0)	(8, 0.0)	(9, 0.0)	(10, 0.0)	(15, 0.0)	(20, 0.0)	(25, 0.0)	(30, 0.0)	(35, 0.000581938942966104)	(40, 0.0)	(45, 0.0)	(50, 0.0)	(55, 0.0)	(60, 0.0006207348724971777)	(65, 0.0)	(70, 0.0)	(75, 7.75918590621472e-05)	(80, 7.75918590621472e-05)	(85, 0.0)	(90, 0.0)	(95, 0.0)	(100, 0.0)	(105, 0.0)	(110, 0.0)	(115, 0.0)	(120, 7.75918590621472e-05)	(125, 3.87959295310736e-05)	(130, 0.0)	(135, 0.0)	(140, 0.0)	(145, 0.6539441881757766)	(150, 0.36848373868613704)	(155, 0.0)	(160, 0.0)	(165, 0.0)	(170, 0.0)	(175, 1.010517576495874)	(180, 0.0)	(185, 0.0)	(190, 0.0)	(195, 0.0)	(200, 0.0)	(205, 0.6510732893904772)	(210, 0.0)	(215, 0.0)	(220, 0.6569314747496693)	(225, 0.0)	(230, 0.0)	(235, 0.0)	(240, 0.00011638778859322079)	(245, 0.0)	(250, 0.0)
052022-BEL-CBC-T2-11-PAST_S86_R1_16S	(1, 0.0)	(2, 0.009797283842446932)	(3, 0.0013540961408259986)	(4, 0.0)	(5, 7.965271416623521e-05)	(6, 0.0)	(7, 0.0)	(8, 0.0)	(9, 0.0)	(10, 0.0)	(15, 0.0)	(20, 0.0)	(25, 0.0)	(30, 0.0)	(35, 0.0006053606276633876)	(40, 0.0)	(45, 0.0)	(50, 0.0)	(55, 0.0)	(60, 0.0005894300848301406)	(65, 0.0)	(70, 0.0)	(75, 6.372217133298817e-05)	(80, 6.372217133298817e-05)	(85, 0.0)	(90, 0.0)	(95, 0.0)	(100, 1.5930542833247043e-05)	(105, 0.0)	(110, 0.0)	(115, 0.0)	(120, 1.5930542833247043e-05)	(125, 3.1861085666494086e-05)	(130, 0.0)	(135, 0.0)	(140, 1.5930542833247043e-05)	(145, 0.6524194511927993)	(150, 0.38959735552988967)	(155, 0.0)	(160, 0.0)	(165, 0.0)	(170, 0.0)	(175, 1.0333187303357363)	(180, 0.0)	(185, 0.0)	(190, 0.0)	(195, 0.0)	(200, 0.0)	(205, 0.6538532000477916)	(210, 0.0)	(215, 0.0)	(220, 0.6565932534151101)	(225, 0.0)	(230, 0.0)	(235, 0.0)	(240, 0.00017523597116571746)	(245, 0.0)	(250, 0.0)
052022-BEL-CBC-T2-59-OFAV_S61_R1_16S	(1, 0.0)	(2, 0.008420683303363888)	(3, 0.0016665935704574361)	(4, 0.0)	(5, 8.771545107670716e-05)	(6, 0.0)	(7, 0.0)	(8, 0.0)	(9, 0.0)	(10, 0.0)	(15, 0.0)	(20, 1.7543090215341434e-05)	(25, 0.0)	(30, 0.0)	(35, 0.0004561203455988772)	(40, 3.508618043068287e-05)	(45, 3.508618043068287e-05)	(50, 3.508618043068287e-05)	(55, 1.7543090215341434e-05)	(60, 0.0005087496162449015)	(65, 0.0)	(70, 0.0)	(75, 7.017236086136574e-05)	(80, 5.2629270646024296e-05)	(85, 0.0)	(90, 3.508618043068287e-05)	(95, 0.0)	(100, 3.508618043068287e-05)	(105, 0.0)	(110, 0.0)	(115, 0.0)	(120, 3.508618043068287e-05)	(125, 3.508618043068287e-05)	(130, 0.0)	(135, 0.0)	(140, 1.7543090215341434e-05)	(145, 0.6706898820227183)	(150, 0.3851410025876058)	(155, 0.0)	(160, 0.0)	(165, 0.0)	(170, 0.0)	(175, 1.0019385114687953)	(180, 3.508618043068287e-05)	(185, 0.0)	(190, 0.0)	(195, 0.0)	(200, 0.0)	(205, 0.66126924257708)	(210, 1.7543090215341434e-05)	(215, 0.0)	(220, 0.663479671944213)	(225, 0.0)	(230, 0.0)	(235, 0.0)	(240, 0.00014034472172273147)	(245, 0.0)	(250, 0.0)
052022-BEL-CBC-T3-16-SSID_S12_R1_16S	(1, 0.0)	(2, 0.00817381999762216)	(3, 0.001362303332937027)	(4, 0.0)	(5, 0.00012384575753972973)	(6, 0.0)	(7, 0.0)	(8, 0.0)	(9, 0.0)	(10, 0.0)	(15, 0.0)	(20, 0.0)	(25, 0.0)	(30, 0.0)	(35, 0.0002972298180953513)	(40, 0.0)	(45, 0.0)	(50, 0.0)	(55, 0.0)	(60, 0.0005201521816668648)	(65, 0.0)	(70, 0.0)	(75, 0.0)	(80, 0.0)	(85, 0.0)	(90, 0.0)	(95, 0.0)	(100, 0.0)	(105, 0.0)	(110, 0.0)	(115, 0.0)	(120, 0.0)	(125, 2.4769151507945942e-05)	(130, 0.0)	(135, 0.0)	(140, 0.0)	(145, 0.6520726825981848)	(150, 0.3784478658899061)	(155, 0.0)	(160, 0.0)	(165, 0.0)	(170, 0.0)	(175, 1.0298022430943605)	(180, 0.0)	(185, 0.0)	(190, 0.0)	(195, 0.0)	(200, 0.0)	(205, 0.6497939206594538)	(210, 0.0)	(215, 0.0)	(220, 0.6409761027226252)	(225, 0.0)	(230, 0.0)	(235, 0.0)	(240, 9.907660603178377e-05)	(245, 0.0)	(250, 0.0)
052022-BEL-CBC-T3-25-PAST_S69_R1_16S	(1, 0.0)	(2, 0.0071911913800014144)	(3, 0.0011788838327871172)	(4, 0.0)	(5, 0.0)	(6, 0.0)	(7, 0.0)	(8, 0.0)	(9, 0.0)	(10, 0.0)	(15, 0.0)	(20, 0.0)	(25, 0.0)	(30, 4.715535331148469e-05)	(35, 0.0004951312097705892)	(40, 0.0)	(45, 0.0)	(50, 0.0)	(55, 0.0)	(60, 0.0005894419163935586)	(65, 0.0)	(70, 0.0)	(75, 7.073302996722703e-05)	(80, 7.073302996722703e-05)	(85, 0.0)	(90, 2.3577676655742344e-05)	(95, 0.0)	(100, 2.3577676655742344e-05)	(105, 0.0)	(110, 0.0)	(115, 0.0)	(120, 7.073302996722703e-05)	(125, 4.715535331148469e-05)	(130, 0.0)	(135, 0.0)	(140, 0.0)	(145, 0.6489519722726522)	(150, 0.375828165892533)	(155, 0.0)	(160, 0.0)	(165, 0.0)	(170, 0.0)	(175, 1.0203003796005943)	(180, 0.0)	(185, 0.0)	(190, 0.0)	(195, 0.0)	(200, 0.0)	(205, 0.6428217763421592)	(210, 0.0)	(215, 0.0)	(220, 0.6510268078183575)	(225, 0.0)	(230, 0.0)	(235, 0.0)	(240, 0.00014146605993445405)	(245, 0.0)	(250, 0.0)
052022-BEL-CBC-T3-6-SSID_S77_R1_16S	(1, 0.0)	(2, 0.009635984620968544)	(3, 0.0016059974368280907)	(4, 0.0)	(5, 0.0)	(6, 0.0)	(7, 0.0)	(8, 0.0)	(9, 0.0)	(10, 0.0)	(15, 0.0)	(20, 0.0)	(25, 0.0)	(30, 0.0)	(35, 0.00041755933357530363)	(40, 0.0)	(45, 0.0)	(50, 3.2119948736561814e-05)	(55, 3.2119948736561814e-05)	(60, 0.0004496792823118655)	(65, 0.0)	(70, 0.0)	(75, 6.423989747312363e-05)	(80, 6.423989747312363e-05)	(85, 0.0)	(90, 0.0)	(95, 0.0)	(100, 0.0)	(105, 0.0)	(110, 0.0)	(115, 0.0)	(120, 3.2119948736561814e-05)	(125, 0.0)	(130, 0.0)	(135, 0.0)	(140, 0.0)	(145, 0.6503968419666402)	(150, 0.3695400102141437)	(155, 0.0)	(160, 0.0)	(165, 0.0)	(170, 0.0)	(175, 1.004679876530917)	(180, 0.0)	(185, 0.0)	(190, 0.0)	(195, 0.0)	(200, 0.0)	(205, 0.6519707194547317)	(210, 0.0)	(215, 0.0)	(220, 0.6427522941673385)	(225, 0.0)	(230, 0.0)	(235, 0.0)	(240, 6.423989747312363e-05)	(245, 0.0)	(250, 0.0)
052022-BEL-CBC-T3-65-OFAV_S5_R1_16S	(1, 0.0)	(2, 0.009058452004260595)	(3, 0.0007809010348500513)	(4, 0.0)	(5, 0.0001561802069700103)	(6, 0.0)	(7, 0.0)	(8, 0.0)	(9, 0.0)	(10, 0.0)	(15, 0.0)	(20, 6.247208278800411e-05)	(25, 0.0)	(30, 3.1236041394002054e-05)	(35, 0.00046854062091003084)	(40, 0.0)	(45, 0.0)	(50, 0.0)	(55, 0.0)	(60, 0.0004997766623040329)	(65, 0.0)	(70, 0.0)	(75, 0.0)	(80, 0.0)	(85, 0.0)	(90, 0.0)	(95, 0.0)	(100, 0.0)	(105, 0.0)	(110, 0.0)	(115, 0.0)	(120, 0.0)	(125, 0.0)	(130, 0.0)	(135, 0.0)	(140, 0.0)	(145, 0.6500844934919708)	(150, 0.38520286247083335)	(155, 0.0)	(160, 0.0)	(165, 0.0)	(170, 0.0)	(175, 1.0261664318757555)	(180, 0.0)	(185, 0.0)	(190, 0.0)	(195, 0.0)	(200, 0.0)	(205, 0.6756043393108704)	(210, 0.0)	(215, 0.0)	(220, 0.652989445341613)	(225, 0.0)	(230, 0.0)	(235, 0.0)	(240, 3.1236041394002054e-05)	(245, 0.0)	(250, 0.0)
062019-BEL-CBC-T1-12-PAST_S36_R1_16S	(1, 0.0)	(2, 0.01057724605675979)	(3, 0.0010005503026664665)	(4, 0.0)	(5, 0.0)	(6, 0.0)	(7, 0.0)	(8, 0.0)	(9, 0.0)	(10, 0.0)	(15, 0.0)	(20, 0.0)	(25, 0.0)	(30, 0.0)	(35, 0.00048598157558085513)	(40, 0.0)	(45, 0.0)	(50, 0.0)	(55, 2.8587151504756185e-05)	(60, 0.00042880727257134285)	(65, 0.0)	(70, 0.0)	(75, 2.8587151504756185e-05)	(80, 2.8587151504756185e-05)	(85, 0.0)	(90, 0.0)	(95, 0.0)	(100, 0.0)	(105, 0.0)	(110, 0.0)	(115, 0.0)	(120, 0.0)	(125, 0.0)	(130, 0.0)	(135, 0.0)	(140, 0.0)	(145, 0.6749426470272937)	(150, 0.3927588745238453)	(155, 0.0)	(160, 0.0)	(165, 0.0)	(170, 0.0)	(175, 1.0070109989065414)	(180, 0.0)	(185, 0.0)	(190, 0.0)	(195, 0.0)	(200, 0.0)	(205, 0.6713406659376943)	(210, 0.0)	(215, 0.0)	(220, 0.6752856928453507)	(225, 0.0)	(230, 0.0)	(235, 0.0)	(240, 8.576145451426857e-05)	(245, 0.0)	(250, 0.0)
062019-BEL-CBC-T2-16-MCAV_S33_R1_16S	(1, 0.0)	(2, 0.007520436786968587)	(3, 0.0003760218393484294)	(4, 0.0)	(5, 0.0003760218393484294)	(6, 0.0)	(7, 0.0)	(8, 0.0)	(9, 0.0)	(10, 0.0)	(15, 0.0)	(20, 0.0)	(25, 0.0)	(30, 0.0)	(35, 0.0002256131036090576)	(40, 0.0)	(45, 0.0)	(50, 0.0)	(55, 0.0)	(60, 7.520436786968587e-05)	(65, 0.0)	(70, 0.0)	(75, 0.0)	(80, 0.0)	(85, 0.0)	(90, 0.0)	(95, 0.0)	(100, 0.0)	(105, 0.0)	(110, 0.0)	(115, 0.0)	(120, 0.0)	(125, 0.0)	(130, 0.0)	(135, 0.0)	(140, 0.0)	(145, 0.6819532078423115)	(150, 0.3794060359025652)	(155, 0.0)	(160, 0.0)	(165, 0.0)	(170, 0.0)	(175, 1.0022486105993036)	(180, 0.0)	(185, 0.0)	(190, 0.0)	(195, 0.0)	(200, 0.0)	(205, 0.6796218724383513)	(210, 0.0)	(215, 0.0)	(220, 0.6675891735792014)	(225, 0.0)	(230, 0.0)	(235, 0.0)	(240, 0.0)	(245, 0.0)	(250, 0.0)
062019-BEL-CBC-T2-2-PAST_S76_R1_16S	(1, 0.0)	(2, 0.006858083394294074)	(3, 0.002159026253759246)	(4, 0.0)	(5, 0.0)	(6, 0.0)	(7, 0.0)	(8, 0.0)	(9, 0.0)	(10, 0.0)	(15, 0.0)	(20, 0.0)	(25, 0.0)	(30, 0.0)	(35, 0.0006858083394294074)	(40, 5.0800617735511664e-05)	(45, 5.0800617735511664e-05)	(50, 7.62009266032675e-05)	(55, 5.0800617735511664e-05)	(60, 0.00060960741282614)	(65, 0.0)	(70, 0.0)	(75, 7.62009266032675e-05)	(80, 5.0800617735511664e-05)	(85, 0.0)	(90, 0.0)	(95, 0.0)	(100, 0.0)	(105, 0.0)	(110, 0.0)	(115, 0.0)	(120, 2.5400308867755832e-05)	(125, 5.0800617735511664e-05)	(130, 0.0)	(135, 0.0)	(140, 2.5400308867755832e-05)	(145, 0.6444058359749655)	(150, 0.37307973664959765)	(155, 0.0)	(160, 0.0)	(165, 0.0)	(170, 0.0)	(175, 1.0106020889214014)	(180, 0.0)	(185, 0.0)	(190, 0.0)	(195, 0.0)	(200, 0.0)	(205, 0.6573345931886532)	(210, 0.0)	(215, 0.0)	(220, 0.6517211249288791)	(225, 0.0)	(230, 0.0)	(235, 0.0)	(240, 0.00012700154433877914)	(245, 0.0)	(250, 0.0)
062019-BEL-CBC-T3-16-MCAV_S47_R1_16S	(1, 0.0)	(2, 0.007459659169010731)	(3, 0.0014248787176762072)	(4, 0.0)	(5, 0.0)	(6, 0.0)	(7, 0.0)	(8, 0.0)	(9, 0.0)	(10, 0.0)	(15, 0.0)	(20, 1.676327903148479e-05)	(25, 0.0)	(30, 0.0)	(35, 0.00041908197578711975)	(40, 6.705311612593916e-05)	(45, 6.705311612593916e-05)	(50, 6.705311612593916e-05)	(55, 5.028983709445437e-05)	(60, 0.0004693718128815741)	(65, 0.0)	(70, 0.0)	(75, 5.028983709445437e-05)	(80, 5.028983709445437e-05)	(85, 0.0)	(90, 1.676327903148479e-05)	(95, 0.0)	(100, 1.676327903148479e-05)	(105, 0.0)	(110, 0.0)	(115, 0.0)	(120, 3.352655806296958e-05)	(125, 6.705311612593916e-05)	(130, 0.0)	(135, 0.0)	(140, 1.676327903148479e-05)	(145, 0.6758115941543094)	(150, 0.39361855493829434)	(155, 0.0)	(160, 0.0)	(165, 0.0)	(170, 0.0)	(175, 1.0155026804483172)	(180, 0.0)	(185, 0.0)	(190, 0.0)	(195, 0.0)	(200, 0.0)	(205, 0.6774208689413318)	(210, 0.0)	(215, 0.0)	(220, 0.6853331366441927)	(225, 0.0)	(230, 0.0)	(235, 0.0)	(240, 0.00011734295322039353)	(245, 0.0)	(250, 0.0)
062019-BEL-CBC-T3-27-SSID_S17_R1_16S	(1, 0.0)	(2, 0.009223158512556073)	(3, 0.0)	(4, 0.0)	(5, 0.0)	(6, 0.0)	(7, 0.0)	(8, 0.0)	(9, 0.0)	(10, 0.0)	(15, 0.0)	(20, 0.0)	(25, 0.0)	(30, 0.0)	(35, 0.0006707751645495326)	(40, 0.0)	(45, 0.0)	(50, 0.0)	(55, 0.0)	(60, 0.0008384689556869158)	(65, 0.0)	(70, 0.0)	(75, 0.0)	(80, 0.0)	(85, 0.0)	(90, 0.0)	(95, 0.0)	(100, 0.0)	(105, 0.0)	(110, 0.0)	(115, 0.0)	(120, 0.0)	(125, 0.0)	(130, 0.0)	(135, 0.0)	(140, 0.0)	(145, 0.6618873936192512)	(150, 0.3788202741793485)	(155, 0.0)	(160, 0.0)	(165, 0.0)	(170, 0.0)	(175, 1.051272376640255)	(180, 0.0)	(185, 0.0)	(190, 0.0)	(195, 0.0)	(200, 0.0)	(205, 0.6595396805433279)	(210, 0.0)	(215, 0.0)	(220, 0.6734582652077307)	(225, 0.0)	(230, 0.0)	(235, 0.0)	(240, 0.00016769379113738315)	(245, 0.0)	(250, 0.0)
062024-BEL-CBC-T1-1341-SSID_S56_R1_16S	(1, 0.0)	(2, 0.007780655607854957)	(3, 0.001261727936408912)	(4, 0.0)	(5, 7.009599646716178e-05)	(6, 0.0)	(7, 0.0)	(8, 0.0)	(9, 0.0)	(10, 0.0)	(15, 0.0)	(20, 0.0)	(25, 0.0)	(30, 1.4019199293432354e-05)	(35, 0.0005187103738569971)	(40, 5.6076797173729415e-05)	(45, 5.6076797173729415e-05)	(50, 5.6076797173729415e-05)	(55, 4.205759788029706e-05)	(60, 0.0005327295731504295)	(65, 0.0)	(70, 0.0)	(75, 2.8038398586864708e-05)	(80, 1.4019199293432354e-05)	(85, 0.0)	(90, 0.0)	(95, 0.0)	(100, 0.0)	(105, 0.0)	(110, 0.0)	(115, 0.0)	(120, 0.0)	(125, 1.4019199293432354e-05)	(130, 0.0)	(135, 0.0)	(140, 1.4019199293432354e-05)	(145, 0.6600939987312625)	(150, 0.38859818521465145)	(155, 0.0)	(160, 0.0)	(165, 0.0)	(170, 0.0)	(175, 1.0018260007079696)	(180, 0.0)	(185, 0.0)	(190, 0.0)	(195, 0.0)	(200, 0.0)	(205, 0.6574443700648037)	(210, 0.0)	(215, 0.0)	(220, 0.6557620661495919)	(225, 0.0)	(230, 0.0)	(235, 0.0)	(240, 4.205759788029706e-05)	(245, 0.0)	(250, 0.0)
062024-BEL-CBC-T2-1369-SSID_S10_R1_16S	(1, 0.0)	(2, 0.009984998149122295)	(3, 0.0012176827011124748)	(4, 0.0)	(5, 0.0)	(6, 0.0)	(7, 0.0)	(8, 0.0)	(9, 0.0)	(10, 0.0)	(15, 0.0)	(20, 4.870730804449899e-05)	(25, 0.0)	(30, 0.0)	(35, 0.0008036705827342334)	(40, 7.30609620667485e-05)	(45, 4.870730804449899e-05)	(50, 4.870730804449899e-05)	(55, 4.870730804449899e-05)	(60, 0.0008036705827342334)	(65, 0.0)	(70, 2.4353654022249497e-05)	(75, 7.30609620667485e-05)	(80, 0.0001217682701112475)	(85, 0.0)	(90, 2.4353654022249497e-05)	(95, 0.0)	(100, 7.30609620667485e-05)	(105, 0.0)	(110, 0.0)	(115, 0.0)	(120, 2.4353654022249497e-05)	(125, 0.00019482923217799597)	(130, 0.0)	(135, 0.0)	(140, 7.30609620667485e-05)	(145, 0.6422789175287861)	(150, 0.3755333450230873)	(155, 0.0)	(160, 0.0)	(165, 0.0)	(170, 0.0)	(175, 1.0163510433105383)	(180, 0.0)	(185, 0.0)	(190, 0.0)	(195, 0.0)	(200, 0.0)	(205, 0.6589368168800047)	(210, 0.0)	(215, 0.0)	(220, 0.6583766828374928)	(225, 0.0)	(230, 0.0)	(235, 0.0)	(240, 7.30609620667485e-05)	(245, 0.0)	(250, 0.0)
062024-BEL-CBC-T2-1378-PAST_S54_R1_16S	(1, 0.0)	(2, 0.009132236612597737)	(3, 0.0016438025902675926)	(4, 0.0)	(5, 0.0)	(6, 0.0)	(7, 0.0)	(8, 0.0)	(9, 0.0)	(10, 0.0)	(15, 0.0)	(20, 0.0)	(25, 0.0)	(30, 0.0)	(35, 0.0005661986699810597)	(40, 0.00010958683935117285)	(45, 0.00010958683935117285)	(50, 0.00010958683935117285)	(55, 9.132236612597737e-05)	(60, 0.0004931407770802779)	(65, 0.0)	(70, 0.0)	(75, 7.30578929007819e-05)	(80, 5.4793419675586426e-05)	(85, 0.0)	(90, 0.0)	(95, 0.0)	(100, 0.0)	(105, 0.0)	(110, 0.0)	(115, 0.0)	(120, 1.8264473225195477e-05)	(125, 3.652894645039095e-05)	(130, 0.0)	(135, 0.0)	(140, 3.652894645039095e-05)	(145, 0.657137482169308)	(150, 0.39107890069788553)	(155, 0.0)	(160, 0.0)	(165, 0.0)	(170, 0.0)	(175, 1.0114317337916499)	(180, 0.0)	(185, 0.0)	(190, 0.0)	(195, 0.0)	(200, 0.0)	(205, 0.6709819528740062)	(210, 0.0)	(215, 0.0)	(220, 0.6618131873149581)	(225, 0.0)	(230, 0.0)	(235, 0.0)	(240, 3.652894645039095e-05)	(245, 0.0)	(250, 0.0)
062024-BEL-CBC-T2-1387-OFAV_S44_R1_16S	(1, 0.0)	(2, 0.008276681953447426)	(3, 0.0007524256321315842)	(4, 0.0)	(5, 0.0)	(6, 0.0)	(7, 0.0)	(8, 0.0)	(9, 0.0)	(10, 0.0)	(15, 0.0)	(20, 0.0)	(25, 0.0)	(30, 7.524256321315843e-05)	(35, 0.0010533958849842178)	(40, 0.00015048512642631685)	(45, 0.0)	(50, 7.524256321315843e-05)	(55, 7.524256321315843e-05)	(60, 0.000902910758557901)	(65, 0.0)	(70, 0.0)	(75, 0.00015048512642631685)	(80, 0.00015048512642631685)	(85, 0.0)	(90, 7.524256321315843e-05)	(95, 0.0)	(100, 7.524256321315843e-05)	(105, 0.0)	(110, 0.0)	(115, 0.0)	(120, 7.524256321315843e-05)	(125, 0.00015048512642631685)	(130, 0.0)	(135, 0.0)	(140, 0.0)	(145, 0.6760544304702284)	(150, 0.38983172000737376)	(155, 0.0)	(160, 0.0)	(165, 0.0)	(170, 0.0)	(175, 1.012614415722686)	(180, 7.524256321315843e-05)	(185, 0.0)	(190, 0.0)	(195, 0.0)	(200, 0.0)	(205, 0.6608554327011704)	(210, 0.0)	(215, 0.0)	(220, 0.6686054167121257)	(225, 0.0)	(230, 0.0)	(235, 0.0)	(240, 0.00022572768963947525)	(245, 0.0)	(250, 0.0)
062024-BEL-CBC-T3-1412-MCAV_S13_R1_16S	(1, 0.0)	(2, 0.007235546994877731)	(3, 0.0012475081025651261)	(4, 0.0)	(5, 0.0)	(6, 0.0)	(7, 0.0)	(8, 0.0)	(9, 0.0)	(10, 0.0)	(15, 0.0)	(20, 4.990032410260505e-05)	(25, 0.0)	(30, 4.990032410260505e-05)	(35, 0.0006487042133338656)	(40, 0.0)	(45, 0.0)	(50, 0.0)	(55, 0.0)	(60, 0.0004990032410260504)	(65, 0.0)	(70, 0.0)	(75, 0.0)	(80, 0.0)	(85, 0.0)	(90, 0.0)	(95, 0.0)	(100, 0.0)	(105, 0.0)	(110, 0.0)	(115, 0.0)	(120, 0.0)	(125, 0.0)	(130, 0.0)	(135, 0.0)	(140, 0.0)	(145, 0.65913338107131)	(150, 0.3828352865151859)	(155, 0.0)	(160, 0.0)	(165, 0.0)	(170, 0.0)	(175, 1.0385255452234163)	(180, 0.0)	(185, 0.0)	(190, 0.0)	(195, 0.0)	(200, 0.0)	(205, 0.6520974353728427)	(210, 0.0)	(215, 0.0)	(220, 0.6533449434754078)	(225, 0.0)	(230, 0.0)	(235, 0.0)	(240, 0.0)	(245, 0.0)	(250, 0.0)
062024-BEL-CBC-T3-1421-OFAV_S55_R1_16S	(1, 0.0)	(2, 0.008022960461030034)	(3, 0.0014225107200407862)	(4, 0.0)	(5, 0.0)	(6, 0.0)	(7, 0.0)	(8, 0.0)	(9, 0.0)	(10, 0.0)	(15, 0.0)	(20, 0.0)	(25, 0.0)	(30, 1.138008576032629e-05)	(35, 0.0004096830873717464)	(40, 2.276017152065258e-05)	(45, 3.4140257280978865e-05)	(50, 2.276017152065258e-05)	(55, 2.276017152065258e-05)	(60, 0.0005690042880163145)	(65, 0.0)	(70, 0.0)	(75, 4.552034304130516e-05)	(80, 3.4140257280978865e-05)	(85, 0.0)	(90, 0.0)	(95, 0.0)	(100, 0.0)	(105, 0.0)	(110, 0.0)	(115, 0.0)	(120, 1.138008576032629e-05)	(125, 5.6900428801631444e-05)	(130, 0.0)	(135, 0.0)	(140, 1.138008576032629e-05)	(145, 0.6707650148851522)	(150, 0.3925901985597363)	(155, 0.0)	(160, 0.0)	(165, 0.0)	(170, 0.0)	(175, 1.0149443286204605)	(180, 0.0)	(185, 0.0)	(190, 0.0)	(195, 0.0)	(200, 0.0)	(205, 0.6691831829644669)	(210, 0.0)	(215, 0.0)	(220, 0.670935716171557)	(225, 0.0)	(230, 0.0)	(235, 0.0)	(240, 4.552034304130516e-05)	(245, 0.0)	(250, 0.0)
062024-BEL-CBC-T3-1445-SSID_S58_R1_16S	(1, 0.0)	(2, 0.00824356768011558)	(3, 0.001274778507234368)	(4, 0.0)	(5, 0.0)	(6, 0.0)	(7, 0.0)	(8, 0.0)	(9, 0.0)	(10, 0.0)	(15, 0.0)	(20, 1.6997046763124907e-05)	(25, 0.0)	(30, 0.0)	(35, 0.0007988611978668707)	(40, 3.3994093526249815e-05)	(45, 1.6997046763124907e-05)	(50, 1.6997046763124907e-05)	(55, 3.3994093526249815e-05)	(60, 0.0005269084496568722)	(65, 0.0)	(70, 0.0)	(75, 0.00010198228057874943)	(80, 8.498523381562454e-05)	(85, 0.0)	(90, 3.3994093526249815e-05)	(95, 0.0)	(100, 3.3994093526249815e-05)	(105, 0.0)	(110, 0.0)	(115, 0.0)	(120, 6.798818705249963e-05)	(125, 0.0)	(130, 0.0)	(135, 0.0)	(140, 0.0)	(145, 0.6707544564131982)	(150, 0.39057513756984724)	(155, 0.0)	(160, 0.0)	(165, 0.0)	(170, 0.0)	(175, 1.015420570675845)	(180, 0.0)	(185, 0.0)	(190, 0.0)	(195, 0.0)	(200, 0.0)	(205, 0.6700745745426732)	(210, 0.0)	(215, 0.0)	(220, 0.6712473707693288)	(225, 0.0)	(230, 0.0)	(235, 0.0)	(240, 0.00015297342086812417)	(245, 0.0)	(250, 0.0)
062024-BEL-CBC-T3-1448-PAST_S40_R1_16S	(1, 0.0)	(2, 0.00619474010249479)	(3, 0.0018771939704529668)	(4, 0.0)	(5, 0.0)	(6, 0.0)	(7, 0.0)	(8, 0.0)	(9, 0.0)	(10, 0.0)	(15, 0.0)	(20, 0.0)	(25, 0.0)	(30, 0.0)	(35, 0.0006757898293630681)	(40, 0.0)	(45, 0.0)	(50, 0.0)	(55, 0.0)	(60, 0.0007133337087721274)	(65, 0.0)	(70, 0.0)	(75, 3.754387940905934e-05)	(80, 3.754387940905934e-05)	(85, 0.0)	(90, 0.0)	(95, 0.0)	(100, 0.0)	(105, 0.0)	(110, 0.0)	(115, 0.0)	(120, 0.0)	(125, 0.0)	(130, 0.0)	(135, 0.0)	(140, 0.0)	(145, 0.6638133318315782)	(150, 0.3790430065138631)	(155, 0.0)	(160, 0.0)	(165, 0.0)	(170, 0.0)	(175, 1.0139100073210565)	(180, 0.0)	(185, 0.0)	(190, 0.0)	(195, 0.0)	(200, 0.0)	(205, 0.6678680708077566)	(210, 0.0)	(215, 0.0)	(220, 0.6687315800341649)	(225, 0.0)	(230, 0.0)	(235, 0.0)	(240, 0.00015017551763623737)	(245, 0.0)	(250, 0.0)
062024-BEL-CBC-T4-1464-MCAV_S43_R1_16S	(1, 0.0)	(2, 0.008592462569084934)	(3, 0.0021481156422712335)	(4, 0.0)	(5, 0.0)	(6, 0.0)	(7, 0.0)	(8, 0.0)	(9, 0.0)	(10, 0.0)	(15, 0.0)	(20, 0.0)	(25, 0.0)	(30, 0.0)	(35, 0.0006137473263632096)	(40, 0.0001227494652726419)	(45, 0.0001227494652726419)	(50, 0.0001227494652726419)	(55, 6.137473263632095e-05)	(60, 0.0004296231284542467)	(65, 0.0)	(70, 0.0)	(75, 6.137473263632095e-05)	(80, 0.0)	(85, 0.0)	(90, 0.0)	(95, 0.0)	(100, 0.0)	(105, 0.0)	(110, 0.0)	(115, 0.0)	(120, 0.0)	(125, 6.137473263632095e-05)	(130, 0.0)	(135, 0.0)	(140, 0.0)	(145, 0.6726670696940776)	(150, 0.3969103959590876)	(155, 0.0)	(160, 0.0)	(165, 0.0)	(170, 0.0)	(175, 1.0237919151064698)	(180, 0.0)	(185, 0.0)	(190, 0.0)	(195, 0.0)	(200, 0.0)	(205, 0.685739887745614)	(210, 0.0)	(215, 0.0)	(220, 0.6764723031175295)	(225, 0.0)	(230, 0.0)	(235, 0.0)	(240, 0.0)	(245, 0.0)	(250, 0.0)
062024-BEL-CBC-T4-1467-MCAV_S57_R1_16S	(1, 0.0)	(2, 0.006936168334499871)	(3, 0.0006305607576818065)	(4, 0.0)	(5, 0.0)	(6, 0.0)	(7, 0.0)	(8, 0.0)	(9, 0.0)	(10, 0.0)	(15, 0.0)	(20, 0.0)	(25, 0.0)	(30, 0.0)	(35, 0.0005801158970672619)	(40, 0.00010088972122908903)	(45, 7.566729092181677e-05)	(50, 7.566729092181677e-05)	(55, 5.0444860614544514e-05)	(60, 0.00042878131522362833)	(65, 0.0)	(70, 0.0)	(75, 7.566729092181677e-05)	(80, 7.566729092181677e-05)	(85, 0.0)	(90, 2.5222430307272257e-05)	(95, 0.0)	(100, 2.5222430307272257e-05)	(105, 0.0)	(110, 0.0)	(115, 0.0)	(120, 5.0444860614544514e-05)	(125, 5.0444860614544514e-05)	(130, 0.0)	(135, 0.0)	(140, 0.0)	(145, 0.6711688704765147)	(150, 0.38544917995573463)	(155, 0.0)	(160, 0.0)	(165, 0.0)	(170, 0.0)	(175, 0.9983794588527578)	(180, 0.0)	(185, 0.0)	(190, 0.0)	(195, 0.0)	(200, 0.0)	(205, 0.6812326201691165)	(210, 0.0)	(215, 0.0)	(220, 0.682670298696631)	(225, 0.0)	(230, 0.0)	(235, 0.0)	(240, 0.00010088972122908903)	(245, 0.0)	(250, 0.0)
062024-BEL-CBC-T4-1470-PSTR_S11_R1_16S	(1, 0.0)	(2, 0.004602269189432107)	(3, 0.0010828868681016723)	(4, 0.0)	(5, 0.00027072171702541807)	(6, 0.0)	(7, 0.0)	(8, 0.0)	(9, 0.0)	(10, 0.0)	(15, 0.0)	(20, 0.0)	(25, 0.0)	(30, 5.414434340508361e-05)	(35, 0.0008663094944813377)	(40, 0.0)	(45, 0.0)	(50, 0.0)	(55, 0.0)	(60, 0.00043315474724066886)	(65, 0.0)	(70, 0.0)	(75, 0.0)	(80, 0.0)	(85, 0.0)	(90, 0.0)	(95, 0.0)	(100, 0.0)	(105, 0.0)	(110, 0.0)	(115, 0.0)	(120, 0.0)	(125, 5.414434340508361e-05)	(130, 0.0)	(135, 0.0)	(140, 0.0)	(145, 0.6639720831765403)	(150, 0.38507457029695463)	(155, 0.0)	(160, 0.0)	(165, 0.0)	(170, 0.0)	(175, 1.0413581567099732)	(180, 0.0)	(185, 0.0)	(190, 0.0)	(195, 0.0)	(200, 0.0)	(205, 0.6674373211544656)	(210, 0.0)	(215, 0.0)	(220, 0.6626184745914133)	(225, 0.0)	(230, 0.0)	(235, 0.0)	(240, 0.0)	(245, 0.0)	(250, 0.0)
082024-BEL-CBC-T1-1480-SSID_S70_R1_16S	(1, 0.0)	(2, 0.010867924528301886)	(3, 0.001811320754716981)	(4, 0.0)	(5, 0.0)	(6, 0.0)	(7, 0.0)	(8, 0.0)	(9, 0.0)	(10, 0.0)	(15, 0.0)	(20, 0.0)	(25, 0.0)	(30, 0.0)	(35, 0.00030188679245283015)	(40, 0.0)	(45, 0.0)	(50, 0.0)	(55, 0.0)	(60, 0.00036226415094339624)	(65, 0.0)	(70, 0.0)	(75, 0.0)	(80, 0.0)	(85, 0.0)	(90, 0.0)	(95, 0.0)	(100, 0.0)	(105, 0.0)	(110, 0.0)	(115, 0.0)	(120, 0.0)	(125, 6.037735849056604e-05)	(130, 0.0)	(135, 0.0)	(140, 0.0)	(145, 0.6549735849056604)	(150, 0.38550943396226417)	(155, 0.0)	(160, 0.0)	(165, 0.0)	(170, 0.0)	(175, 1.0278641509433961)	(180, 0.0)	(185, 0.0)	(190, 0.0)	(195, 0.0)	(200, 0.0)	(205, 0.6327547169811321)	(210, 0.0)	(215, 0.0)	(220, 0.6459169811320754)	(225, 0.0)	(230, 0.0)	(235, 0.0)	(240, 0.0)	(245, 0.0)	(250, 0.0)
082024-BEL-CBC-T1-1483-MCAV_S91_R1_16S	(1, 0.0)	(2, 0.008609354454949597)	(3, 0.0011740028802203996)	(4, 0.0)	(5, 0.0)	(6, 0.0)	(7, 0.0)	(8, 0.0)	(9, 0.0)	(10, 0.0)	(15, 0.0)	(20, 0.0)	(25, 0.0)	(30, 0.0)	(35, 0.0003130674347254398)	(40, 0.0)	(45, 0.0)	(50, 0.0)	(55, 0.0)	(60, 0.0005478680107695198)	(65, 0.0)	(70, 0.0)	(75, 0.0)	(80, 0.0)	(85, 0.0)	(90, 0.0)	(95, 0.0)	(100, 0.0)	(105, 0.0)	(110, 0.0)	(115, 0.0)	(120, 0.0)	(125, 0.0)	(130, 0.0)	(135, 0.0)	(140, 0.0)	(145, 0.6634681610418884)	(150, 0.36488009517250014)	(155, 0.0)	(160, 0.0)	(165, 0.0)	(170, 0.0)	(175, 1.0073727380877842)	(180, 0.0)	(185, 0.0)	(190, 0.0)	(195, 0.0)	(200, 0.0)	(205, 0.6817043391146453)	(210, 0.0)	(215, 0.0)	(220, 0.654232671717488)	(225, 0.0)	(230, 0.0)	(235, 0.0)	(240, 7.826685868135996e-05)	(245, 0.0)	(250, 0.0)
082024-BEL-CBC-T2-1507-OFAV_S28_R1_16S	(1, 0.0)	(2, 0.008796361689476591)	(3, 0.0012687060129052776)	(4, 0.0)	(5, 0.0)	(6, 0.0)	(7, 0.0)	(8, 0.0)	(9, 0.0)	(10, 0.0)	(15, 0.0)	(20, 1.6916080172070367e-05)	(25, 0.0)	(30, 0.0)	(35, 0.0004905663249900406)	(40, 1.6916080172070367e-05)	(45, 1.6916080172070367e-05)	(50, 1.6916080172070367e-05)	(55, 3.383216034414073e-05)	(60, 0.0005751467258503925)	(65, 0.0)	(70, 0.0)	(75, 0.0)	(80, 0.0)	(85, 0.0)	(90, 0.0)	(95, 0.0)	(100, 0.0)	(105, 0.0)	(110, 0.0)	(115, 0.0)	(120, 0.0)	(125, 0.0)	(130, 0.0)	(135, 0.0)	(140, 0.0)	(145, 0.6555150227478987)	(150, 0.3903216338903516)	(155, 0.0)	(160, 0.0)	(165, 0.0)	(170, 0.0)	(175, 1.049084544031288)	(180, 0.0)	(185, 0.0)	(190, 0.0)	(195, 0.0)	(200, 0.0)	(205, 0.6585091689383552)	(210, 0.0)	(215, 0.0)	(220, 0.6654955100494203)	(225, 0.0)	(230, 0.0)	(235, 0.0)	(240, 8.458040086035184e-05)	(245, 0.0)	(250, 0.0)
082024-BEL-CBC-T2-1509-SSID_S48_R1_16S	(1, 0.0)	(2, 0.008409661703540895)	(3, 0.0018529763075598583)	(4, 0.0)	(5, 0.0)	(6, 0.0)	(7, 0.0)	(8, 0.0)	(9, 0.0)	(10, 0.0)	(15, 0.0)	(20, 0.0)	(25, 0.0)	(30, 0.0)	(35, 0.0006271612117894905)	(40, 0.0)	(45, 0.0)	(50, 0.0)	(55, 0.0)	(60, 0.0005701465561722641)	(65, 0.0)	(70, 0.0)	(75, 5.701465561722641e-05)	(80, 5.701465561722641e-05)	(85, 0.0)	(90, 2.8507327808613204e-05)	(95, 0.0)	(100, 2.8507327808613204e-05)	(105, 0.0)	(110, 0.0)	(115, 0.0)	(120, 2.8507327808613204e-05)	(125, 0.0)	(130, 0.0)	(135, 0.0)	(140, 0.0)	(145, 0.6738277074121903)	(150, 0.39773423758577137)	(155, 0.0)	(160, 0.0)	(165, 0.0)	(170, 0.0)	(175, 1.022757399789616)	(180, 2.8507327808613204e-05)	(185, 0.0)	(190, 0.0)	(195, 0.0)	(200, 0.0)	(205, 0.6755951617363244)	(210, 0.0)	(215, 0.0)	(220, 0.6819237885098365)	(225, 0.0)	(230, 0.0)	(235, 0.0)	(240, 5.701465561722641e-05)	(245, 0.0)	(250, 0.0)
082024-BEL-CBC-T2-1516-OFAV_S41_R1_16S	(1, 0.0)	(2, 0.008400206855093807)	(3, 0.0007875193926650444)	(4, 0.0)	(5, 0.0)	(6, 0.0)	(7, 0.0)	(8, 0.0)	(9, 0.0)	(10, 0.0)	(15, 0.0)	(20, 5.2501292844336296e-05)	(25, 0.0)	(30, 5.2501292844336296e-05)	(35, 0.0003675090499103541)	(40, 0.0)	(45, 5.2501292844336296e-05)	(50, 0.0)	(55, 0.0)	(60, 0.0006825168069763718)	(65, 0.0)	(70, 0.0)	(75, 0.0)	(80, 0.0)	(85, 0.0)	(90, 0.0)	(95, 0.0)	(100, 0.0)	(105, 0.0)	(110, 0.0)	(115, 0.0)	(120, 0.0)	(125, 5.2501292844336296e-05)	(130, 0.0)	(135, 0.0)	(140, 0.0)	(145, 0.6549011269402509)	(150, 0.39806480234575775)	(155, 0.0)	(160, 0.0)	(165, 0.0)	(170, 0.0)	(175, 1.0241427195144681)	(180, 0.0)	(185, 0.0)	(190, 0.0)	(195, 0.0)	(200, 0.0)	(205, 0.6855618819613433)	(210, 0.0)	(215, 0.0)	(220, 0.6870319181609847)	(225, 0.0)	(230, 0.0)	(235, 0.0)	(240, 5.2501292844336296e-05)	(245, 0.0)	(250, 0.0)
082024-BEL-CBC-T3-1555-SSID_S65_R1_16S	(1, 0.0)	(2, 0.003248889285975357)	(3, 0.0008122223214938393)	(4, 0.0)	(5, 0.00040611116074691964)	(6, 0.0)	(7, 0.0)	(8, 0.0)	(9, 0.0)	(10, 0.0)	(15, 0.0)	(20, 0.0)	(25, 0.0)	(30, 0.0)	(35, 0.0005685556250456875)	(40, 0.0)	(45, 0.0)	(50, 0.0)	(55, 0.0)	(60, 0.0006497778571950715)	(65, 0.0)	(70, 0.0)	(75, 0.0)	(80, 0.0)	(85, 0.0)	(90, 0.0)	(95, 0.0)	(100, 0.0)	(105, 0.0)	(110, 0.0)	(115, 0.0)	(120, 0.0)	(125, 8.122223214938393e-05)	(130, 0.0)	(135, 0.0)	(140, 0.0)	(145, 0.662610969874674)	(150, 0.36022059958251773)	(155, 0.0)	(160, 0.0)	(165, 0.0)	(170, 0.0)	(175, 1.0062622340987175)	(180, 0.0)	(185, 0.0)	(190, 0.0)	(195, 0.0)	(200, 0.0)	(205, 0.6669969704107408)	(210, 0.0)	(215, 0.0)	(220, 0.6428739674623738)	(225, 0.0)	(230, 0.0)	(235, 0.0)	(240, 8.122223214938393e-05)	(245, 0.0)	(250, 0.0)
082024-BEL-CBC-T3-1563-SSID_S8_R1_16S	(1, 0.0)	(2, 0.008732317057957637)	(3, 0.0010206604353456977)	(4, 0.0)	(5, 0.0)	(6, 0.0)	(7, 0.0)	(8, 0.0)	(9, 0.0)	(10, 0.0)	(15, 0.0)	(20, 0.0)	(25, 0.0)	(30, 0.0)	(35, 0.0005443522321843721)	(40, 0.0)	(45, 0.0)	(50, 0.0)	(55, 0.0)	(60, 0.0006350776042151008)	(65, 0.0)	(70, 0.0)	(75, 9.072537203072869e-05)	(80, 9.072537203072869e-05)	(85, 0.0)	(90, 2.2681343007682172e-05)	(95, 0.0)	(100, 4.5362686015364344e-05)	(105, 0.0)	(110, 0.0)	(115, 0.0)	(120, 9.072537203072869e-05)	(125, 0.0)	(130, 0.0)	(135, 0.0)	(140, 0.0)	(145, 0.6619549956792041)	(150, 0.37512673200405544)	(155, 0.0)	(160, 0.0)	(165, 0.0)	(170, 0.0)	(175, 1.0241760435118885)	(180, 2.2681343007682172e-05)	(185, 0.0)	(190, 0.0)	(195, 0.0)	(200, 0.0)	(205, 0.6602765762966357)	(210, 0.0)	(215, 0.0)	(220, 0.6473708921252646)	(225, 0.0)	(230, 0.0)	(235, 0.0)	(240, 0.00013608805804609303)	(245, 0.0)	(250, 0.0)
082024-BEL-CBC-T4-1605-MCAV_S42_R1_16S	(1, 0.0)	(2, 0.00667634324316973)	(3, 0.0004945439439384985)	(4, 0.0)	(5, 0.0)	(6, 0.0)	(7, 0.0)	(8, 0.0)	(9, 0.0)	(10, 0.0)	(15, 0.0)	(20, 0.0)	(25, 0.0)	(30, 0.0)	(35, 9.890878878769969e-05)	(40, 0.0)	(45, 0.0)	(50, 0.0)	(55, 0.0)	(60, 0.00034618076075694894)	(65, 0.0)	(70, 0.0)	(75, 0.0)	(80, 4.9454394393849845e-05)	(85, 0.0)	(90, 0.0)	(95, 0.0)	(100, 4.9454394393849845e-05)	(105, 0.0)	(110, 0.0)	(115, 0.0)	(120, 0.0)	(125, 9.890878878769969e-05)	(130, 0.0)	(135, 0.0)	(140, 4.9454394393849845e-05)	(145, 0.6790582894219523)	(150, 0.38124392638218846)	(155, 0.0)	(160, 0.0)	(165, 0.0)	(170, 0.0)	(175, 1.0117380005093803)	(180, 0.0)	(185, 0.0)	(190, 0.0)	(195, 0.0)	(200, 0.0)	(205, 0.6767339328854414)	(210, 0.0)	(215, 0.0)	(220, 0.682767369001491)	(225, 0.0)	(230, 0.0)	(235, 0.0)	(240, 4.9454394393849845e-05)	(245, 0.0)	(250, 0.0)
082024-BEL-CBC-T4-1610-MCAV_S72_R1_16S	(1, 0.0)	(2, 0.007939562912883856)	(3, 0.002055779682800284)	(4, 0.0)	(5, 0.0)	(6, 0.0)	(7, 0.0)	(8, 0.0)	(9, 0.0)	(10, 0.0)	(15, 0.0)	(20, 0.0)	(25, 0.0)	(30, 2.8355581831728056e-05)	(35, 0.000552933845718697)	(40, 5.671116366345611e-05)	(45, 5.671116366345611e-05)	(50, 5.671116366345611e-05)	(55, 5.671116366345611e-05)	(60, 0.0005954672184662891)	(65, 0.0)	(70, 0.0)	(75, 7.088895457932013e-05)	(80, 5.671116366345611e-05)	(85, 0.0)	(90, 1.4177790915864028e-05)	(95, 0.0)	(100, 1.4177790915864028e-05)	(105, 0.0)	(110, 0.0)	(115, 0.0)	(120, 2.8355581831728056e-05)	(125, 1.4177790915864028e-05)	(130, 0.0)	(135, 0.0)	(140, 0.0)	(145, 0.6616066130887949)	(150, 0.38515386802036217)	(155, 0.0)	(160, 0.0)	(165, 0.0)	(170, 0.0)	(175, 1.0415714096339508)	(180, 0.0)	(185, 0.0)	(190, 0.0)	(195, 0.0)	(200, 0.0)	(205, 0.6543475841398724)	(210, 0.0)	(215, 0.0)	(220, 0.6521642043388293)	(225, 0.0)	(230, 0.0)	(235, 0.0)	(240, 9.924453641104819e-05)	(245, 0.0)	(250, 0.0)
092023-BEL-CBC-T1-172-PAST_S83_R1_16S	(1, 0.0)	(2, 0.004760222750829245)	(3, 0.0010348310327889661)	(4, 0.0)	(5, 0.0)	(6, 0.0)	(7, 0.0)	(8, 0.0)	(9, 0.0)	(10, 0.0)	(15, 0.0)	(20, 1.3797747103852884e-05)	(25, 0.0)	(30, 0.0)	(35, 0.00030355043628476345)	(40, 6.898873551926442e-05)	(45, 2.7595494207705767e-05)	(50, 2.7595494207705767e-05)	(55, 2.7595494207705767e-05)	(60, 0.0004415279073232923)	(65, 1.3797747103852884e-05)	(70, 1.3797747103852884e-05)	(75, 4.139324131155865e-05)	(80, 2.7595494207705767e-05)	(85, 0.0)	(90, 0.0)	(95, 0.0)	(100, 2.7595494207705767e-05)	(105, 0.0)	(110, 0.0)	(115, 0.0)	(120, 1.3797747103852884e-05)	(125, 0.0)	(130, 0.0)	(135, 0.0)	(140, 0.0)	(145, 0.6283632008565642)	(150, 0.314285083531561)	(155, 0.0)	(160, 0.0)	(165, 0.0)	(170, 0.0)	(175, 0.9003167962735044)	(180, 0.0)	(185, 0.0)	(190, 0.0)	(195, 0.0)	(200, 0.0)	(205, 0.6454034185298224)	(210, 0.0)	(215, 0.0)	(220, 0.6308329975881538)	(225, 0.0)	(230, 0.0)	(235, 0.0)	(240, 4.139324131155865e-05)	(245, 0.0)	(250, 0.0)
092023-BEL-CBC-T1-178-OANN_S87_R1_16S	(1, 0.0)	(2, 0.009336933428513466)	(3, 0.002291792750635124)	(4, 0.0)	(5, 0.0)	(6, 0.0)	(7, 0.0)	(8, 0.0)	(9, 0.0)	(10, 0.0)	(15, 0.0)	(20, 3.3952485194594425e-05)	(25, 0.0)	(30, 0.0)	(35, 0.0006960259464891857)	(40, 0.0)	(45, 0.0)	(50, 0.0)	(55, 0.0)	(60, 0.0004244060649324303)	(65, 0.0)	(70, 0.0)	(75, 5.092872779189164e-05)	(80, 3.3952485194594425e-05)	(85, 0.0)	(90, 0.0)	(95, 0.0)	(100, 0.0)	(105, 0.0)	(110, 0.0)	(115, 0.0)	(120, 0.0)	(125, 3.3952485194594425e-05)	(130, 0.0)	(135, 0.0)	(140, 0.0)	(145, 0.6492394218910346)	(150, 0.3743770779981954)	(155, 0.0)	(160, 0.0)	(165, 0.0)	(170, 0.0)	(175, 1.0117670825563165)	(180, 0.0)	(185, 0.0)	(190, 0.0)	(195, 0.0)	(200, 0.0)	(205, 0.6452500048806697)	(210, 0.0)	(215, 0.0)	(220, 0.6410908254443319)	(225, 0.0)	(230, 0.0)	(235, 0.0)	(240, 6.790497038918885e-05)	(245, 0.0)	(250, 0.0)
092023-BEL-CBC-T2-171-OFAV_S66_R1_16S	(1, 0.0)	(2, 0.006760445526115729)	(3, 0.0021684447913956108)	(4, 0.0)	(5, 0.00012755557596444772)	(6, 0.0)	(7, 0.0)	(8, 0.0)	(9, 0.0)	(10, 0.0)	(15, 0.0)	(20, 2.551111519288954e-05)	(25, 0.0)	(30, 0.0)	(35, 0.0005102223038577909)	(40, 5.102223038577908e-05)	(45, 5.102223038577908e-05)	(50, 5.102223038577908e-05)	(55, 5.102223038577908e-05)	(60, 0.0006632889950151281)	(65, 0.0)	(70, 0.0)	(75, 5.102223038577908e-05)	(80, 7.653334557866862e-05)	(85, 0.0)	(90, 2.551111519288954e-05)	(95, 0.0)	(100, 5.102223038577908e-05)	(105, 0.0)	(110, 0.0)	(115, 0.0)	(120, 2.551111519288954e-05)	(125, 7.653334557866862e-05)	(130, 0.0)	(135, 0.0)	(140, 5.102223038577908e-05)	(145, 0.6544111269280025)	(150, 0.3775645048547652)	(155, 0.0)	(160, 0.0)	(165, 0.0)	(170, 0.0)	(175, 1.0153168735618108)	(180, 0.0)	(185, 0.0)	(190, 0.0)	(195, 0.0)	(200, 0.0)	(205, 0.6524467710581501)	(210, 0.0)	(215, 0.0)	(220, 0.6540029490849163)	(225, 0.0)	(230, 0.0)	(235, 0.0)	(240, 2.551111519288954e-05)	(245, 0.0)	(250, 0.0)
092023-BEL-CBC-T2-172-OFAV_S71_R1_16S	(1, 0.0)	(2, 0.008864084800512045)	(3, 0.002302359688444687)	(4, 0.0)	(5, 0.00011511798442223434)	(6, 0.0)	(7, 0.0)	(8, 0.0)	(9, 0.0)	(10, 0.0)	(15, 0.0)	(20, 2.302359688444687e-05)	(25, 0.0)	(30, 0.0)	(35, 0.0006446607127645124)	(40, 4.604719376889374e-05)	(45, 4.604719376889374e-05)	(50, 4.604719376889374e-05)	(55, 2.302359688444687e-05)	(60, 0.0004834955345733843)	(65, 0.0)	(70, 0.0)	(75, 4.604719376889374e-05)	(80, 4.604719376889374e-05)	(85, 0.0)	(90, 2.302359688444687e-05)	(95, 0.0)	(100, 2.302359688444687e-05)	(105, 0.0)	(110, 0.0)	(115, 0.0)	(120, 2.302359688444687e-05)	(125, 4.604719376889374e-05)	(130, 0.0)	(135, 0.0)	(140, 4.604719376889374e-05)	(145, 0.6480912287002949)	(150, 0.37615952589809293)	(155, 0.0)	(160, 0.0)	(165, 0.0)	(170, 0.0)	(175, 1.01085102121164)	(180, 2.302359688444687e-05)	(185, 0.0)	(190, 0.0)	(195, 0.0)	(200, 0.0)	(205, 0.6408157720848098)	(210, 0.0)	(215, 0.0)	(220, 0.6496338096915528)	(225, 0.0)	(230, 0.0)	(235, 0.0)	(240, 6.907079065334061e-05)	(245, 0.0)	(250, 0.0)
092023-BEL-CBC-T2-176-MCAV_S51_R1_16S	(1, 0.0)	(2, 0.00631138611924228)	(3, 0.0011360495014636105)	(4, 0.0)	(5, 0.0)	(6, 0.0)	(7, 0.0)	(8, 0.0)	(9, 0.0)	(10, 0.0)	(15, 0.0)	(20, 0.0)	(25, 0.0)	(30, 0.0)	(35, 0.0007573663343090737)	(40, 0.00010098217790787649)	(45, 0.0001262277223848456)	(50, 0.00010098217790787649)	(55, 5.0491088953938245e-05)	(60, 0.0005554019784933207)	(65, 0.0)	(70, 0.0)	(75, 0.00010098217790787649)	(80, 2.5245544476969123e-05)	(85, 0.0)	(90, 0.0)	(95, 0.0)	(100, 2.5245544476969123e-05)	(105, 0.0)	(110, 0.0)	(115, 0.0)	(120, 0.0)	(125, 2.5245544476969123e-05)	(130, 0.0)	(135, 0.0)	(140, 2.5245544476969123e-05)	(145, 0.6643869940003964)	(150, 0.36785282857391705)	(155, 0.0)	(160, 0.0)	(165, 0.0)	(170, 0.0)	(175, 0.9759422583906724)	(180, 0.0)	(185, 0.0)	(190, 0.0)	(195, 0.0)	(200, 0.0)	(205, 0.6783477800961603)	(210, 0.0)	(215, 0.0)	(220, 0.6687039821059582)	(225, 0.0)	(230, 0.0)	(235, 0.0)	(240, 0.00015147326686181471)	(245, 0.0)	(250, 0.0)
092023-BEL-CBC-T2-182-PAST_S32_R1_16S	(1, 0.0)	(2, 0.007877009995654063)	(3, 0.0012222946544980444)	(4, 0.0)	(5, 0.0)	(6, 0.0)	(7, 0.0)	(8, 0.0)	(9, 0.0)	(10, 0.0)	(15, 0.0)	(20, 0.0)	(25, 0.0)	(30, 0.0)	(35, 0.0004889178617992178)	(40, 0.0)	(45, 0.0)	(50, 0.0)	(55, 0.0)	(60, 0.0005975662755323772)	(65, 0.0)	(70, 0.0)	(75, 5.432420686657975e-05)	(80, 2.7162103433289875e-05)	(85, 0.0)	(90, 2.7162103433289875e-05)	(95, 0.0)	(100, 2.7162103433289875e-05)	(105, 0.0)	(110, 0.0)	(115, 0.0)	(120, 2.7162103433289875e-05)	(125, 0.0)	(130, 0.0)	(135, 0.0)	(140, 0.0)	(145, 0.6605823554976098)	(150, 0.3870328118209474)	(155, 0.0)	(160, 0.0)	(165, 0.0)	(170, 0.0)	(175, 1.0369947848761407)	(180, 0.0)	(185, 0.0)	(190, 0.0)	(195, 0.0)	(200, 0.0)	(205, 0.6589254671881791)	(210, 0.0)	(215, 0.0)	(220, 0.6620762711864406)	(225, 0.0)	(230, 0.0)	(235, 0.0)	(240, 0.0001086484137331595)	(245, 0.0)	(250, 0.0)
092023-BEL-CBC-T3-176-MCAV_S34_R1_16S	(1, 0.0)	(2, 0.008694628349922563)	(3, 0.0019925189968572543)	(4, 0.0)	(5, 0.0)	(6, 0.0)	(7, 0.0)	(8, 0.0)	(9, 0.0)	(10, 0.0)	(15, 0.0)	(20, 0.0)	(25, 0.0)	(30, 0.0)	(35, 0.0009781456893662884)	(40, 7.24552362493547e-05)	(45, 7.24552362493547e-05)	(50, 7.24552362493547e-05)	(55, 0.00010868285437403204)	(60, 0.0005796418899948376)	(65, 0.0)	(70, 0.0)	(75, 7.24552362493547e-05)	(80, 7.24552362493547e-05)	(85, 0.0)	(90, 0.0)	(95, 0.0)	(100, 3.622761812467735e-05)	(105, 0.0)	(110, 0.0)	(115, 0.0)	(120, 3.622761812467735e-05)	(125, 7.24552362493547e-05)	(130, 0.0)	(135, 0.0)	(140, 0.0)	(145, 0.6789055636564535)	(150, 0.39125827574651534)	(155, 0.0)	(160, 0.0)	(165, 0.0)	(170, 0.0)	(175, 1.0176337931221868)	(180, 0.0)	(185, 0.0)	(190, 0.0)	(195, 0.0)	(200, 0.0)	(205, 0.6774202313133417)	(210, 0.0)	(215, 0.0)	(220, 0.6656462554228215)	(225, 0.0)	(230, 0.0)	(235, 0.0)	(240, 3.622761812467735e-05)	(245, 0.0)	(250, 0.0)
092023-BEL-CBC-T3-181-PAST_S37_R1_16S	(1, 0.0)	(2, 0.009171706917477254)	(3, 0.001382038028660956)	(4, 0.0)	(5, 0.0)	(6, 0.0)	(7, 0.0)	(8, 0.0)	(9, 0.0)	(10, 0.0)	(15, 0.0)	(20, 0.0)	(25, 0.0)	(30, 0.0)	(35, 0.0004774313189919666)	(40, 5.025592831494385e-05)	(45, 5.025592831494385e-05)	(50, 5.025592831494385e-05)	(55, 5.025592831494385e-05)	(60, 0.0004523033548344946)	(65, 0.0)	(70, 0.0)	(75, 5.025592831494385e-05)	(80, 5.025592831494385e-05)	(85, 0.0)	(90, 0.0)	(95, 0.0)	(100, 2.5127964157471925e-05)	(105, 0.0)	(110, 0.0)	(115, 0.0)	(120, 2.5127964157471925e-05)	(125, 5.025592831494385e-05)	(130, 0.0)	(135, 0.0)	(140, 0.0)	(145, 0.6674238559866119)	(150, 0.3855132261039343)	(155, 0.0)	(160, 0.0)	(165, 0.0)	(170, 0.0)	(175, 1.000369381073115)	(180, 0.0)	(185, 0.0)	(190, 0.0)	(195, 0.0)	(200, 0.0)	(205, 0.6594331633845357)	(210, 0.0)	(215, 0.0)	(220, 0.667650007664029)	(225, 0.0)	(230, 0.0)	(235, 0.0)	(240, 7.538389247241577e-05)	(245, 0.0)	(250, 0.0)
092023-BEL-CBC-T4-93-PSTR_S6_R1_16S	(1, 0.0)	(2, 0.012883692466260829)	(3, 0.0032209231165652072)	(4, 0.0)	(5, 0.0)	(6, 0.0)	(7, 0.0)	(8, 0.0)	(9, 0.0)	(10, 0.0)	(15, 0.0)	(20, 0.0)	(25, 0.0)	(30, 0.0)	(35, 0.0006441846233130415)	(40, 0.0)	(45, 0.0)	(50, 0.0)	(55, 0.0)	(60, 0.0)	(65, 0.0)	(70, 0.0)	(75, 0.0)	(80, 0.0)	(85, 0.0)	(90, 0.0)	(95, 0.0)	(100, 0.0)	(105, 0.0)	(110, 0.0)	(115, 0.0)	(120, 0.0)	(125, 0.0)	(130, 0.0)	(135, 0.0)	(140, 0.0)	(145, 0.6937868393081457)	(150, 0.3491480658356685)	(155, 0.0)	(160, 0.0)	(165, 0.0)	(170, 0.0)	(175, 0.9720745965793797)	(180, 0.0)	(185, 0.0)	(190, 0.0)	(195, 0.0)	(200, 0.0)	(205, 0.6654427158823719)	(210, 0.0)	(215, 0.0)	(220, 0.6770380391020067)	(225, 0.0)	(230, 0.0)	(235, 0.0)	(240, 0.0)	(245, 0.0)	(250, 0.0)
102019-BEL-CBC-T3-35-PSTR_S21_R1_16S	(1, 0.0)	(2, 0.007378207758724317)	(3, 0.0012435181615827499)	(4, 0.0)	(5, 0.0)	(6, 0.0)	(7, 0.0)	(8, 0.0)	(9, 0.0)	(10, 0.0)	(15, 0.0)	(20, 1.6580242154436664e-05)	(25, 0.0)	(30, 0.0)	(35, 0.0005968887175597199)	(40, 6.632096861774665e-05)	(45, 3.316048430887333e-05)	(50, 4.9740726463309994e-05)	(55, 4.9740726463309994e-05)	(60, 0.00054714799109641)	(65, 0.0)	(70, 0.0)	(75, 1.6580242154436664e-05)	(80, 1.6580242154436664e-05)	(85, 0.0)	(90, 1.6580242154436664e-05)	(95, 0.0)	(100, 1.6580242154436664e-05)	(105, 0.0)	(110, 0.0)	(115, 0.0)	(120, 1.6580242154436664e-05)	(125, 0.0)	(130, 0.0)	(135, 0.0)	(140, 0.0)	(145, 0.6559641203559778)	(150, 0.3891051228803197)	(155, 0.0)	(160, 0.0)	(165, 0.0)	(170, 0.0)	(175, 1.0432619968414638)	(180, 1.6580242154436664e-05)	(185, 0.0)	(190, 0.0)	(195, 0.0)	(200, 0.0)	(205, 0.6635744515048643)	(210, 0.0)	(215, 0.0)	(220, 0.660374464769058)	(225, 0.0)	(230, 0.0)	(235, 0.0)	(240, 6.632096861774665e-05)	(245, 0.0)	(250, 0.0)
112023-BEL-CBC-T1-273-PAST_S29_R1_16S	(1, 0.0)	(2, 0.009533497566422616)	(3, 0.0011156220556451997)	(4, 0.0)	(5, 0.00010142018687683634)	(6, 0.0)	(7, 0.0)	(8, 0.0)	(9, 0.0)	(10, 0.0)	(15, 0.0)	(20, 2.0284037375367267e-05)	(25, 0.0)	(30, 0.0)	(35, 0.0007302253455132217)	(40, 0.0)	(45, 0.0)	(50, 0.0)	(55, 0.0)	(60, 0.0005476690091349162)	(65, 0.0)	(70, 0.0)	(75, 8.113614950146907e-05)	(80, 8.113614950146907e-05)	(85, 0.0)	(90, 0.0)	(95, 0.0)	(100, 0.0)	(105, 0.0)	(110, 0.0)	(115, 0.0)	(120, 2.0284037375367267e-05)	(125, 6.08521121261018e-05)	(130, 0.0)	(135, 0.0)	(140, 0.0)	(145, 0.659332634886313)	(150, 0.383348022357066)	(155, 0.0)	(160, 0.0)	(165, 0.0)	(170, 0.0)	(175, 1.0418287276736136)	(180, 0.0)	(185, 0.0)	(190, 0.0)	(195, 0.0)	(200, 0.0)	(205, 0.6615435949602281)	(210, 0.0)	(215, 0.0)	(220, 0.6609959259510931)	(225, 0.0)	(230, 0.0)	(235, 0.0)	(240, 0.00014198826162757088)	(245, 0.0)	(250, 0.0)
112023-BEL-CBC-T1-277-OFAV-OANN_S23_R1_16S	(1, 0.0)	(2, 0.008211704892747994)	(3, 0.0)	(4, 0.0)	(5, 0.0)	(6, 0.0)	(7, 0.0)	(8, 0.0)	(9, 0.0)	(10, 0.0)	(15, 0.0)	(20, 0.0)	(25, 0.0)	(30, 0.0)	(35, 0.0004998429065150952)	(40, 0.0)	(45, 0.0)	(50, 0.0)	(55, 0.0)	(60, 0.0005712490360172517)	(65, 0.0)	(70, 0.0)	(75, 7.140612950215646e-05)	(80, 7.140612950215646e-05)	(85, 0.0)	(90, 7.140612950215646e-05)	(95, 0.0)	(100, 7.140612950215646e-05)	(105, 0.0)	(110, 0.0)	(115, 0.0)	(120, 7.140612950215646e-05)	(125, 0.00014281225900431293)	(130, 0.0)	(135, 0.0)	(140, 0.0)	(145, 0.6516523378366799)	(150, 0.3773813944188969)	(155, 0.0)	(160, 0.0)	(165, 0.0)	(170, 0.0)	(175, 1.0425294907314844)	(180, 7.140612950215646e-05)	(185, 0.0)	(190, 0.0)	(195, 0.0)	(200, 0.0)	(205, 0.6492245294336065)	(210, 0.0)	(215, 0.0)	(220, 0.6721458970037988)	(225, 0.0)	(230, 0.0)	(235, 0.0)	(240, 7.140612950215646e-05)	(245, 0.0)	(250, 0.0)
112023-BEL-CBC-T1-278-PSTR_S14_R1_16S	(1, 0.0)	(2, 0.008478600013565759)	(3, 0.0)	(4, 0.0)	(5, 0.0)	(6, 0.0)	(7, 0.0)	(8, 0.0)	(9, 0.0)	(10, 0.0)	(15, 0.0)	(20, 0.0)	(25, 0.0)	(30, 0.0)	(35, 0.0005652400009043839)	(40, 0.0)	(45, 0.0)	(50, 0.0)	(55, 0.0)	(60, 0.0005652400009043839)	(65, 0.0)	(70, 0.0)	(75, 0.0001130480001808768)	(80, 0.0001130480001808768)	(85, 0.0)	(90, 0.0001130480001808768)	(95, 0.0)	(100, 0.0001130480001808768)	(105, 0.0)	(110, 0.0)	(115, 0.0)	(120, 0.0001130480001808768)	(125, 0.0002260960003617536)	(130, 0.0)	(135, 0.0)	(140, 0.0001130480001808768)	(145, 0.670826833073323)	(150, 0.3727192565963508)	(155, 0.0)	(160, 0.0)	(165, 0.0)	(170, 0.0)	(175, 1.0272671776436275)	(180, 0.0001130480001808768)	(185, 0.0)	(190, 0.0)	(195, 0.0)	(200, 0.0)	(205, 0.6408691130253906)	(210, 0.0)	(215, 0.0)	(220, 0.6770444730832712)	(225, 0.0)	(230, 0.0)	(235, 0.0)	(240, 0.0002260960003617536)	(245, 0.0)	(250, 0.0)
112023-BEL-CBC-T2-311-MCAV_S79_R1_16S	(1, 0.0)	(2, 0.009238522728358761)	(3, 0.0015928487462687519)	(4, 0.0)	(5, 0.0)	(6, 0.0)	(7, 0.0)	(8, 0.0)	(9, 0.0)	(10, 0.0)	(15, 0.0)	(20, 0.0)	(25, 0.0)	(30, 0.0)	(35, 0.0008282813480597509)	(40, 0.0)	(45, 0.0)	(50, 0.0)	(55, 0.0)	(60, 0.0008282813480597509)	(65, 0.0)	(70, 0.0)	(75, 0.0002548557994030003)	(80, 0.0002548557994030003)	(85, 0.0)	(90, 0.0)	(95, 0.0)	(100, 0.0)	(105, 0.0)	(110, 0.0)	(115, 0.0)	(120, 0.00012742789970150015)	(125, 0.0)	(130, 0.0)	(135, 0.0)	(140, 0.0)	(145, 0.6476523002328745)	(150, 0.37826972026390315)	(155, 0.0)	(160, 0.0)	(165, 0.0)	(170, 0.0)	(175, 1.023309748552897)	(180, 0.0)	(185, 0.0)	(190, 0.0)	(195, 0.0)	(200, 0.0)	(205, 0.6421091865958592)	(210, 0.0)	(215, 0.0)	(220, 0.6580376740585467)	(225, 0.0)	(230, 0.0)	(235, 0.0)	(240, 0.00031856974925375034)	(245, 0.0)	(250, 0.0)
112023-BEL-CBC-T2-312-OFAV_S74_R1_16S	(1, 0.0)	(2, 0.00895369271533631)	(3, 0.0016693325401474478)	(4, 0.0)	(5, 0.0)	(6, 0.0)	(7, 0.0)	(8, 0.0)	(9, 0.0)	(10, 0.0)	(15, 0.0)	(20, 0.0)	(25, 0.0)	(30, 0.0)	(35, 0.0005463270131391647)	(40, 6.070300145990719e-05)	(45, 6.070300145990719e-05)	(50, 6.070300145990719e-05)	(55, 3.0351500729953596e-05)	(60, 0.0004552725109493039)	(65, 0.0)	(70, 0.0)	(75, 3.0351500729953596e-05)	(80, 0.0)	(85, 0.0)	(90, 0.0)	(95, 0.0)	(100, 0.0)	(105, 0.0)	(110, 0.0)	(115, 0.0)	(120, 0.0)	(125, 6.070300145990719e-05)	(130, 0.0)	(135, 0.0)	(140, 3.0351500729953596e-05)	(145, 0.6582633478312335)	(150, 0.3829145332090945)	(155, 0.0)	(160, 0.0)	(165, 0.0)	(170, 0.0)	(175, 1.0332864908505401)	(180, 0.0)	(185, 0.0)	(190, 0.0)	(195, 0.0)	(200, 0.0)	(205, 0.6669742285407302)	(210, 0.0)	(215, 0.0)	(220, 0.6529214837027617)	(225, 0.0)	(230, 0.0)	(235, 0.0)	(240, 9.105450218986078e-05)	(245, 0.0)	(250, 0.0)
112023-BEL-CBC-T3-348-SSID_S85_R1_16S	(1, 0.0)	(2, 0.008246317503839692)	(3, 0.0022201624048799173)	(4, 0.0)	(5, 0.0)	(6, 0.0)	(7, 0.0)	(8, 0.0)	(9, 0.0)	(10, 0.0)	(15, 0.0)	(20, 1.5858302891999408e-05)	(25, 0.0)	(30, 1.5858302891999408e-05)	(35, 0.0005550406012199793)	(40, 0.0)	(45, 0.0)	(50, 0.0)	(55, 0.0)	(60, 0.0005708989041119787)	(65, 0.0)	(70, 0.0)	(75, 6.343321156799763e-05)	(80, 4.757490867599822e-05)	(85, 0.0)	(90, 3.1716605783998816e-05)	(95, 0.0)	(100, 3.1716605783998816e-05)	(105, 0.0)	(110, 0.0)	(115, 0.0)	(120, 3.1716605783998816e-05)	(125, 3.1716605783998816e-05)	(130, 0.0)	(135, 0.0)	(140, 0.0)	(145, 0.6476055152005797)	(150, 0.38267670708683765)	(155, 0.0)	(160, 0.0)	(165, 0.0)	(170, 0.0)	(175, 1.017817596214306)	(180, 0.0)	(185, 0.0)	(190, 0.0)	(195, 0.0)	(200, 0.0)	(205, 0.639612930543012)	(210, 0.0)	(215, 0.0)	(220, 0.6581354283208674)	(225, 0.0)	(230, 0.0)	(235, 0.0)	(240, 0.00011100812024399584)	(245, 0.0)	(250, 0.0)
112023-BEL-CBC-T3-350-OFAV_S93_R1_16S	(1, 0.0)	(2, 0.0076640818466099095)	(3, 0.0023859877446993113)	(4, 0.0)	(5, 7.230265893028216e-05)	(6, 0.0)	(7, 0.0)	(8, 0.0)	(9, 0.0)	(10, 0.0)	(15, 0.0)	(20, 0.0)	(25, 0.0)	(30, 1.4460531786056432e-05)	(35, 0.0006941055257307087)	(40, 0.0)	(45, 0.0)	(50, 0.0)	(55, 0.0)	(60, 0.000535039676084088)	(65, 0.0)	(70, 0.0)	(75, 8.676319071633859e-05)	(80, 8.676319071633859e-05)	(85, 0.0)	(90, 5.784212714422573e-05)	(95, 0.0)	(100, 8.676319071633859e-05)	(105, 0.0)	(110, 0.0)	(115, 0.0)	(120, 8.676319071633859e-05)	(125, 2.8921063572112865e-05)	(130, 0.0)	(135, 0.0)	(140, 0.0)	(145, 0.6627550928185384)	(150, 0.3844187770005242)	(155, 0.0)	(160, 0.0)	(165, 0.0)	(170, 0.0)	(175, 1.033190535581946)	(180, 1.4460531786056432e-05)	(185, 0.0)	(190, 0.0)	(195, 0.0)	(200, 0.0)	(205, 0.6619886846338774)	(210, 0.0)	(215, 0.0)	(220, 0.6587495255138007)	(225, 0.0)	(230, 0.0)	(235, 0.0)	(240, 0.0001301447860745079)	(245, 0.0)	(250, 0.0)
112023-BEL-CBC-T3-356-MCAV_S49_R1_16S	(1, 0.0)	(2, 0.006684651021561965)	(3, 0.0009063933588558597)	(4, 0.0)	(5, 0.0)	(6, 0.0)	(7, 0.0)	(8, 0.0)	(9, 0.0)	(10, 0.0)	(15, 0.0)	(20, 2.265983397139649e-05)	(25, 0.0)	(30, 0.0)	(35, 0.0005211761813421193)	(40, 9.063933588558596e-05)	(45, 9.063933588558596e-05)	(50, 9.063933588558596e-05)	(55, 6.797950191418947e-05)	(60, 0.0003852171775137404)	(65, 0.0)	(70, 0.0)	(75, 6.797950191418947e-05)	(80, 2.265983397139649e-05)	(85, 0.0)	(90, 0.0)	(95, 0.0)	(100, 0.0)	(105, 0.0)	(110, 0.0)	(115, 0.0)	(120, 0.0)	(125, 2.265983397139649e-05)	(130, 0.0)	(135, 0.0)	(140, 2.265983397139649e-05)	(145, 0.6617351314666917)	(150, 0.37574536691369664)	(155, 0.0)	(160, 0.0)	(165, 0.0)	(170, 0.0)	(175, 0.9907785805653402)	(180, 0.0)	(185, 0.0)	(190, 0.0)	(195, 0.0)	(200, 0.0)	(205, 0.6770984988992985)	(210, 0.0)	(215, 0.0)	(220, 0.6751044335098157)	(225, 0.0)	(230, 0.0)	(235, 0.0)	(240, 9.063933588558596e-05)	(245, 0.0)	(250, 0.0)
112023-BEL-CBC-T3-358-SSID_S46_R1_16S	(1, 0.0)	(2, 0.00855797067994203)	(3, 0.0012386536510442412)	(4, 0.0)	(5, 0.0)	(6, 0.0)	(7, 0.0)	(8, 0.0)	(9, 0.0)	(10, 0.0)	(15, 0.0)	(20, 4.504195094706332e-05)	(25, 0.0)	(30, 0.0)	(35, 0.0008107551170471397)	(40, 4.504195094706332e-05)	(45, 4.504195094706332e-05)	(50, 4.504195094706332e-05)	(55, 2.252097547353166e-05)	(60, 0.0004954614604176966)	(65, 0.0)	(70, 0.0)	(75, 6.756292642059498e-05)	(80, 4.504195094706332e-05)	(85, 0.0)	(90, 0.0)	(95, 0.0)	(100, 0.0)	(105, 0.0)	(110, 0.0)	(115, 0.0)	(120, 2.252097547353166e-05)	(125, 4.504195094706332e-05)	(130, 0.0)	(135, 0.0)	(140, 0.0)	(145, 0.6751338027455321)	(150, 0.3913920327545067)	(155, 0.0)	(160, 0.0)	(165, 0.0)	(170, 0.0)	(175, 1.0141195255731306)	(180, 0.0)	(185, 0.0)	(190, 0.0)	(195, 0.0)	(200, 0.0)	(205, 0.6754941383531087)	(210, 0.0)	(215, 0.0)	(220, 0.6714628837433465)	(225, 0.0)	(230, 0.0)	(235, 0.0)	(240, 0.00013512585284118997)	(245, 0.0)	(250, 0.0)
112023-BEL-CBC-T4-400-OFAV_S88_R1_16S	(1, 0.0)	(2, 0.008100681080340061)	(3, 0.0008308390851630833)	(4, 0.0)	(5, 0.0)	(6, 0.0)	(7, 0.0)	(8, 0.0)	(9, 0.0)	(10, 0.0)	(15, 0.0)	(20, 0.0)	(25, 0.0)	(30, 0.0)	(35, 0.00035310661119431044)	(40, 4.1541954258154165e-05)	(45, 2.0770977129077083e-05)	(50, 2.0770977129077083e-05)	(55, 2.0770977129077083e-05)	(60, 0.0005608163824850813)	(65, 0.0)	(70, 0.0)	(75, 2.0770977129077083e-05)	(80, 2.0770977129077083e-05)	(85, 0.0)	(90, 0.0)	(95, 0.0)	(100, 0.0)	(105, 0.0)	(110, 0.0)	(115, 0.0)	(120, 2.0770977129077083e-05)	(125, 2.0770977129077083e-05)	(130, 0.0)	(135, 0.0)	(140, 0.0)	(145, 0.6632796126628185)	(150, 0.3850939159730891)	(155, 0.0)	(160, 0.0)	(165, 0.0)	(170, 0.0)	(175, 1.023406814126757)	(180, 0.0)	(185, 0.0)	(190, 0.0)	(195, 0.0)	(200, 0.0)	(205, 0.6536834212291849)	(210, 0.0)	(215, 0.0)	(220, 0.6516894074247934)	(225, 0.0)	(230, 0.0)	(235, 0.0)	(240, 2.0770977129077083e-05)	(245, 0.0)	(250, 0.0)
122022-BEL-CBC-T1-123-OANN_S30_R1_16S	(1, 0.0)	(2, 0.008007808009235144)	(3, 0.0015857045562841867)	(4, 0.0)	(5, 7.928522781420935e-05)	(6, 0.0)	(7, 0.0)	(8, 0.0)	(9, 0.0)	(10, 0.0)	(15, 0.0)	(20, 0.0)	(25, 0.0)	(30, 0.0)	(35, 0.00033299795681967923)	(40, 3.1714091125683735e-05)	(45, 3.1714091125683735e-05)	(50, 3.1714091125683735e-05)	(55, 3.1714091125683735e-05)	(60, 0.0004915684124480979)	(65, 0.0)	(70, 0.0)	(75, 1.5857045562841868e-05)	(80, 1.5857045562841868e-05)	(85, 0.0)	(90, 0.0)	(95, 0.0)	(100, 0.0)	(105, 0.0)	(110, 0.0)	(115, 0.0)	(120, 0.0)	(125, 1.5857045562841868e-05)	(130, 0.0)	(135, 0.0)	(140, 0.0)	(145, 0.6616193690640141)	(150, 0.38334407648170216)	(155, 0.0)	(160, 0.0)	(165, 0.0)	(170, 0.0)	(175, 1.0445194482699567)	(180, 0.0)	(185, 0.0)	(190, 0.0)	(195, 0.0)	(200, 0.0)	(205, 0.6639979258984404)	(210, 0.0)	(215, 0.0)	(220, 0.6611595147426916)	(225, 0.0)	(230, 0.0)	(235, 0.0)	(240, 6.342818225136747e-05)	(245, 0.0)	(250, 0.0)
122022-BEL-CBC-T1-151-MCAV_S62_R1_16S	(1, 0.0)	(2, 0.010059476655726986)	(3, 0.0)	(4, 0.0)	(5, 0.0)	(6, 0.0)	(7, 0.0)	(8, 0.0)	(9, 0.0)	(10, 0.0)	(15, 0.0)	(20, 0.0)	(25, 0.0)	(30, 0.0)	(35, 0.000377230374589762)	(40, 0.0)	(45, 0.0)	(50, 0.0)	(55, 0.0)	(60, 0.0006287172909829366)	(65, 0.0)	(70, 0.0)	(75, 0.00012574345819658733)	(80, 0.00012574345819658733)	(85, 0.0)	(90, 0.0)	(95, 0.0)	(100, 0.0)	(105, 0.0)	(110, 0.0)	(115, 0.0)	(120, 0.0)	(125, 0.0)	(130, 0.0)	(135, 0.0)	(140, 0.0)	(145, 0.6678235064820752)	(150, 0.3889245162020446)	(155, 0.0)	(160, 0.0)	(165, 0.0)	(170, 0.0)	(175, 1.0065763828636816)	(180, 0.0)	(185, 0.0)	(190, 0.0)	(195, 0.0)	(200, 0.0)	(205, 0.6748651401410841)	(210, 0.0)	(215, 0.0)	(220, 0.6683264803148616)	(225, 0.0)	(230, 0.0)	(235, 0.0)	(240, 0.00012574345819658733)	(245, 0.0)	(250, 0.0)
122022-BEL-CBC-T2-100-PAST_S15_R1_16S	(1, 0.0)	(2, 0.0073563411660851645)	(3, 0.0016514235270803433)	(4, 0.0)	(5, 0.0)	(6, 0.0)	(7, 0.0)	(8, 0.0)	(9, 0.0)	(10, 0.0)	(15, 0.0)	(20, 0.0)	(25, 0.0)	(30, 0.0)	(35, 0.0004503882346582755)	(40, 0.0)	(45, 0.0)	(50, 0.0)	(55, 0.0)	(60, 0.0006305435285215856)	(65, 0.0)	(70, 0.0)	(75, 3.0025882310551695e-05)	(80, 3.0025882310551695e-05)	(85, 0.0)	(90, 0.0)	(95, 0.0)	(100, 0.0)	(105, 0.0)	(110, 0.0)	(115, 0.0)	(120, 3.0025882310551695e-05)	(125, 9.007764693165508e-05)	(130, 0.0)	(135, 0.0)	(140, 0.0)	(145, 0.6648931378848567)	(150, 0.3837908276934718)	(155, 0.0)	(160, 0.0)	(165, 0.0)	(170, 0.0)	(175, 1.0369738714772134)	(180, 0.0)	(185, 0.0)	(190, 0.0)	(195, 0.0)	(200, 0.0)	(205, 0.6649832155317884)	(210, 0.0)	(215, 0.0)	(220, 0.6578070296595666)	(225, 0.0)	(230, 0.0)	(235, 0.0)	(240, 0.00012010352924220678)	(245, 0.0)	(250, 0.0)
122022-BEL-CBC-T2-83-PAST_S75_R1_16S	(1, 0.0)	(2, 0.0031301647718735915)	(3, 0.0008347106058329577)	(4, 0.0)	(5, 0.0)	(6, 0.0)	(7, 0.0)	(8, 0.0)	(9, 0.0)	(10, 0.0)	(15, 0.0)	(20, 4.1735530291647887e-05)	(25, 0.0)	(30, 0.0)	(35, 0.00037561977262483097)	(40, 0.0)	(45, 0.0)	(50, 0.0)	(55, 0.0)	(60, 0.00041735530291647885)	(65, 0.0)	(70, 0.0)	(75, 4.1735530291647887e-05)	(80, 4.1735530291647887e-05)	(85, 0.0)	(90, 0.0)	(95, 0.0)	(100, 0.0)	(105, 0.0)	(110, 0.0)	(115, 0.0)	(120, 4.1735530291647887e-05)	(125, 0.0)	(130, 0.0)	(135, 0.0)	(140, 0.0)	(145, 0.6347974157359644)	(150, 0.3127660640056093)	(155, 0.0)	(160, 0.0)	(165, 0.0)	(170, 0.0)	(175, 0.9070382798283835)	(180, 0.0)	(185, 0.0)	(190, 0.0)	(195, 0.0)	(200, 0.0)	(205, 0.6399726214921287)	(210, 0.0)	(215, 0.0)	(220, 0.6378441094472547)	(225, 0.0)	(230, 0.0)	(235, 0.0)	(240, 8.347106058329577e-05)	(245, 0.0)	(250, 0.0)
122022-BEL-CBC-T2-88-MCAV_S89_R1_16S	(1, 0.0)	(2, 0.007426025362732777)	(3, 0.0011424654404204274)	(4, 0.0)	(5, 0.00019041090673673787)	(6, 0.0)	(7, 0.0)	(8, 0.0)	(9, 0.0)	(10, 0.0)	(15, 0.0)	(20, 0.0)	(25, 0.0)	(30, 0.0)	(35, 0.0006473970829049088)	(40, 3.808218134734757e-05)	(45, 0.0)	(50, 3.808218134734757e-05)	(55, 3.808218134734757e-05)	(60, 0.00038082181347347575)	(65, 0.0)	(70, 0.0)	(75, 7.616436269469514e-05)	(80, 7.616436269469514e-05)	(85, 0.0)	(90, 3.808218134734757e-05)	(95, 0.0)	(100, 3.808218134734757e-05)	(105, 0.0)	(110, 0.0)	(115, 0.0)	(120, 7.616436269469514e-05)	(125, 0.0)	(130, 0.0)	(135, 0.0)	(140, 0.0)	(145, 0.653985300278)	(150, 0.3575536006702464)	(155, 0.0)	(160, 0.0)	(165, 0.0)	(170, 0.0)	(175, 0.9876613732434594)	(180, 0.0)	(185, 0.0)	(190, 0.0)	(195, 0.0)	(200, 0.0)	(205, 0.6735976236718839)	(210, 0.0)	(215, 0.0)	(220, 0.6520811912106326)	(225, 0.0)	(230, 0.0)	(235, 0.0)	(240, 7.616436269469514e-05)	(245, 0.0)	(250, 0.0)
122022-BEL-CBC-T2-90-SSID_S64_R1_16S	(1, 0.0)	(2, 0.007335802020135227)	(3, 0.0021697442594766163)	(4, 0.0)	(5, 0.0)	(6, 0.0)	(7, 0.0)	(8, 0.0)	(9, 0.0)	(10, 0.0)	(15, 0.0)	(20, 0.0)	(25, 0.0)	(30, 4.132846208526888e-05)	(35, 0.0006612553933643021)	(40, 0.0)	(45, 0.0)	(50, 0.0)	(55, 2.066423104263444e-05)	(60, 0.0007852407796201088)	(65, 0.0)	(70, 0.0)	(75, 0.0001033211552131722)	(80, 8.265692417053776e-05)	(85, 0.0)	(90, 6.199269312790332e-05)	(95, 0.0)	(100, 6.199269312790332e-05)	(105, 0.0)	(110, 0.0)	(115, 0.0)	(120, 6.199269312790332e-05)	(125, 4.132846208526888e-05)	(130, 0.0)	(135, 0.0)	(140, 0.0)	(145, 0.6587136929460581)	(150, 0.38582185779702766)	(155, 0.0)	(160, 0.0)	(165, 0.0)	(170, 0.0)	(175, 1.036662478715842)	(180, 4.132846208526888e-05)	(185, 0.0)	(190, 0.0)	(195, 0.0)	(200, 0.0)	(205, 0.6519978178572019)	(210, 0.0)	(215, 0.0)	(220, 0.6602635102742557)	(225, 0.0)	(230, 0.0)	(235, 0.0)	(240, 0.0002066423104263444)	(245, 0.0)	(250, 0.0)
122022-BEL-CBC-T2-93-OFAV_S9_R1_16S	(1, 0.0)	(2, 0.0063548726676926565)	(3, 0.0008288964349164335)	(4, 0.0)	(5, 0.0)	(6, 0.0)	(7, 0.0)	(8, 0.0)	(9, 0.0)	(10, 0.0)	(15, 0.0)	(20, 0.0)	(25, 0.0)	(30, 0.0)	(35, 0.0006631171479331467)	(40, 0.0)	(45, 0.0)	(50, 0.0)	(55, 0.0)	(60, 0.00044207809862209784)	(65, 0.0)	(70, 0.0)	(75, 5.525976232776223e-05)	(80, 5.525976232776223e-05)	(85, 0.0)	(90, 0.0)	(95, 0.0)	(100, 0.0)	(105, 0.0)	(110, 0.0)	(115, 0.0)	(120, 0.0)	(125, 5.525976232776223e-05)	(130, 0.0)	(135, 0.0)	(140, 0.0)	(145, 0.6589174059962368)	(150, 0.3877577522539076)	(155, 0.0)	(160, 0.0)	(165, 0.0)	(170, 0.0)	(175, 1.0442437287077229)	(180, 0.0)	(185, 0.0)	(190, 0.0)	(195, 0.0)	(200, 0.0)	(205, 0.6596910426688255)	(210, 0.0)	(215, 0.0)	(220, 0.6535572090504439)	(225, 0.0)	(230, 0.0)	(235, 0.0)	(240, 5.525976232776223e-05)	(245, 0.0)	(250, 0.0)
122022-BEL-CBC-T2-94-PAST_S16_R1_16S	(1, 0.0)	(2, 0.00979097555476827)	(3, 0.001932429385809527)	(4, 0.0)	(5, 0.0)	(6, 0.0)	(7, 0.0)	(8, 0.0)	(9, 0.0)	(10, 0.0)	(15, 0.0)	(20, 0.0)	(25, 0.0)	(30, 0.0)	(35, 0.0006699088537473027)	(40, 2.5765725144127025e-05)	(45, 0.0)	(50, 2.5765725144127025e-05)	(55, 2.5765725144127025e-05)	(60, 0.0004895487777384134)	(65, 0.0)	(70, 0.0)	(75, 7.729717543238107e-05)	(80, 7.729717543238107e-05)	(85, 0.0)	(90, 2.5765725144127025e-05)	(95, 0.0)	(100, 7.729717543238107e-05)	(105, 0.0)	(110, 0.0)	(115, 0.0)	(120, 7.729717543238107e-05)	(125, 0.0)	(130, 0.0)	(135, 0.0)	(140, 0.0)	(145, 0.6476472672227769)	(150, 0.3714644594028793)	(155, 0.0)	(160, 0.0)	(165, 0.0)	(170, 0.0)	(175, 1.0165866855615318)	(180, 0.0)	(185, 0.0)	(190, 0.0)	(195, 0.0)	(200, 0.0)	(205, 0.646642403942156)	(210, 0.0)	(215, 0.0)	(220, 0.6513060001932429)	(225, 0.0)	(230, 0.0)	(235, 0.0)	(240, 0.00015459435086476213)	(245, 0.0)	(250, 0.0)
122022-BEL-CBC-T4-34-PSTR_S25_R1_16S	(1, 0.0)	(2, 0.007035482282310453)	(3, 0.0)	(4, 0.0)	(5, 0.0)	(6, 0.0)	(7, 0.0)	(8, 0.0)	(9, 0.0)	(10, 0.0)	(15, 0.0)	(20, 0.0)	(25, 0.0)	(30, 0.0)	(35, 0.0)	(40, 0.0)	(45, 0.0)	(50, 0.0)	(55, 0.0)	(60, 0.0)	(65, 0.0)	(70, 0.0)	(75, 0.0)	(80, 0.0)	(85, 0.0)	(90, 0.0)	(95, 0.0)	(100, 0.0)	(105, 0.0)	(110, 0.0)	(115, 0.0)	(120, 0.0)	(125, 0.0)	(130, 0.0)	(135, 0.0)	(140, 0.0)	(145, 0.6594592059285664)	(150, 0.36115475715860323)	(155, 0.0)	(160, 0.0)	(165, 0.0)	(170, 0.0)	(175, 1.0145165451091671)	(180, 0.0)	(185, 0.0)	(190, 0.0)	(195, 0.0)	(200, 0.0)	(205, 0.6406979198424052)	(210, 0.0)	(215, 0.0)	(220, 0.6763443634061115)	(225, 0.0)	(230, 0.0)	(235, 0.0)	(240, 0.0)	(245, 0.0)	(250, 0.0)
122023-BEL-CBC-T1-509-MCAV_S26_R1_16S	(1, 0.0)	(2, 0.0032395658981696452)	(3, 0.0)	(4, 0.0)	(5, 0.0)	(6, 0.0)	(7, 0.0)	(8, 0.0)	(9, 0.0)	(10, 0.0)	(15, 0.0)	(20, 0.0)	(25, 0.0)	(30, 0.0)	(35, 0.0004319421197559527)	(40, 0.0)	(45, 0.0)	(50, 0.0)	(55, 0.0)	(60, 0.0003239565898169645)	(65, 0.0)	(70, 0.0)	(75, 0.0)	(80, 0.0)	(85, 0.0)	(90, 0.0)	(95, 0.0)	(100, 0.0)	(105, 0.0)	(110, 0.0)	(115, 0.0)	(120, 0.0)	(125, 0.0)	(130, 0.0)	(135, 0.0)	(140, 0.0)	(145, 0.5925166027752281)	(150, 0.2938286269639868)	(155, 0.0)	(160, 0.0)	(165, 0.0)	(170, 0.0)	(175, 0.8494141785000809)	(180, 0.0)	(185, 0.0)	(190, 0.0)	(195, 0.0)	(200, 0.0)	(205, 0.6363587279304573)	(210, 0.0)	(215, 0.0)	(220, 0.6134657955833918)	(225, 0.0)	(230, 0.0)	(235, 0.0)	(240, 0.0)	(245, 0.0)	(250, 0.0)
122023-BEL-CBC-T2-514-SSID_S81_R1_16S	(1, 0.0)	(2, 0.00588504448357999)	(3, 0.002648270017610996)	(4, 0.0)	(5, 0.00014712611208949976)	(6, 0.0)	(7, 0.0)	(8, 0.0)	(9, 0.0)	(10, 0.0)	(15, 0.0)	(20, 0.0)	(25, 0.0)	(30, 0.0)	(35, 0.00026482700176109954)	(40, 5.88504448357999e-05)	(45, 5.88504448357999e-05)	(50, 5.88504448357999e-05)	(55, 2.942522241789995e-05)	(60, 0.00026482700176109954)	(65, 0.0)	(70, 0.0)	(75, 2.942522241789995e-05)	(80, 0.0)	(85, 0.0)	(90, 0.0)	(95, 0.0)	(100, 0.0)	(105, 0.0)	(110, 0.0)	(115, 0.0)	(120, 0.0)	(125, 2.942522241789995e-05)	(130, 0.0)	(135, 0.0)	(140, 0.0)	(145, 0.6531516620101252)	(150, 0.37119918080180786)	(155, 0.0)	(160, 0.0)	(165, 0.0)	(170, 0.0)	(175, 1.0068722606957006)	(180, 0.0)	(185, 0.0)	(190, 0.0)	(195, 0.0)	(200, 0.0)	(205, 0.6554468293587215)	(210, 0.0)	(215, 0.0)	(220, 0.6522983305600061)	(225, 0.0)	(230, 0.0)	(235, 0.0)	(240, 0.0)	(245, 0.0)	(250, 0.0)
122023-BEL-CBC-T2-516-MCAV_S20_R1_16S	(1, 0.0)	(2, 0.006826704680226739)	(3, 0.0017356028848034084)	(4, 0.0)	(5, 0.0)	(6, 0.0)	(7, 0.0)	(8, 0.0)	(9, 0.0)	(10, 0.0)	(15, 0.0)	(20, 0.0)	(25, 0.0)	(30, 0.0)	(35, 0.0006710997821239845)	(40, 0.0)	(45, 0.0)	(50, 0.0)	(55, 0.0)	(60, 0.00048596880774495434)	(65, 0.0)	(70, 0.0)	(75, 9.256548718951511e-05)	(80, 9.256548718951511e-05)	(85, 0.0)	(90, 2.3141371797378777e-05)	(95, 0.0)	(100, 2.3141371797378777e-05)	(105, 0.0)	(110, 0.0)	(115, 0.0)	(120, 6.942411539213633e-05)	(125, 4.6282743594757554e-05)	(130, 0.0)	(135, 0.0)	(140, 0.0)	(145, 0.6679294141877437)	(150, 0.38717829154194433)	(155, 0.0)	(160, 0.0)	(165, 0.0)	(170, 0.0)	(175, 1.0463371258184815)	(180, 2.3141371797378777e-05)	(185, 0.0)	(190, 0.0)	(195, 0.0)	(200, 0.0)	(205, 0.6694336033545732)	(210, 0.0)	(215, 0.0)	(220, 0.659274541135524)	(225, 0.0)	(230, 0.0)	(235, 0.0)	(240, 0.00013884823078427267)	(245, 0.0)	(250, 0.0)
122023-BEL-CBC-T2-520-PAST_S2_R1_16S	(1, 0.0)	(2, 0.007524136017568857)	(3, 0.0010345687024157179)	(4, 0.0)	(5, 0.0)	(6, 0.0)	(7, 0.0)	(8, 0.0)	(9, 0.0)	(10, 0.0)	(15, 0.0)	(20, 1.8810340043922143e-05)	(25, 0.0)	(30, 0.0)	(35, 0.0006019308814055086)	(40, 9.405170021961071e-05)	(45, 7.524136017568857e-05)	(50, 9.405170021961071e-05)	(55, 9.405170021961071e-05)	(60, 0.0006395515614933528)	(65, 0.0)	(70, 0.0)	(75, 5.6431020131766434e-05)	(80, 7.524136017568857e-05)	(85, 0.0)	(90, 1.8810340043922143e-05)	(95, 0.0)	(100, 3.7620680087844285e-05)	(105, 0.0)	(110, 0.0)	(115, 0.0)	(120, 1.8810340043922143e-05)	(125, 7.524136017568857e-05)	(130, 0.0)	(135, 0.0)	(140, 3.7620680087844285e-05)	(145, 0.6638733311701442)	(150, 0.38442691947763685)	(155, 0.0)	(160, 0.0)	(165, 0.0)	(170, 0.0)	(175, 1.0454410789611048)	(180, 1.8810340043922143e-05)	(185, 0.0)	(190, 0.0)	(195, 0.0)	(200, 0.0)	(205, 0.6618418144454006)	(210, 0.0)	(215, 0.0)	(220, 0.66054390098237)	(225, 0.0)	(230, 0.0)	(235, 0.0)	(240, 5.6431020131766434e-05)	(245, 0.0)	(250, 0.0)
122023-BEL-CBC-T2-521-OFAV_S90_R1_16S	(1, 0.0)	(2, 0.007589148007971053)	(3, 0.0011016505172861206)	(4, 0.0)	(5, 0.0)	(6, 0.0)	(7, 0.0)	(8, 0.0)	(9, 0.0)	(10, 0.0)	(15, 0.0)	(20, 0.0)	(25, 0.0)	(30, 2.4481122606358234e-05)	(35, 0.0005875469425525977)	(40, 0.0)	(45, 0.0)	(50, 0.0)	(55, 0.0)	(60, 0.00044066020691444825)	(65, 0.0)	(70, 0.0)	(75, 2.4481122606358234e-05)	(80, 9.792449042543294e-05)	(85, 0.0)	(90, 2.4481122606358234e-05)	(95, 0.0)	(100, 9.792449042543294e-05)	(105, 0.0)	(110, 0.0)	(115, 0.0)	(120, 2.4481122606358234e-05)	(125, 0.00022033010345722412)	(130, 0.0)	(135, 0.0)	(140, 0.0001224056130317912)	(145, 0.6653969124408169)	(150, 0.38697310503870463)	(155, 0.0)	(160, 0.0)	(165, 0.0)	(170, 0.0)	(175, 1.0371427592183668)	(180, 2.4481122606358234e-05)	(185, 0.0)	(190, 0.0)	(195, 0.0)	(200, 0.0)	(205, 0.6643687052913498)	(210, 0.0)	(215, 0.0)	(220, 0.6597662542413545)	(225, 0.0)	(230, 0.0)	(235, 0.0)	(240, 7.344336781907471e-05)	(245, 0.0)	(250, 0.0)
122023-BEL-CBC-T3-527-OFAV_S78_R1_16S	(1, 0.0)	(2, 0.008090399359871816)	(3, 0.0029599022048311524)	(4, 0.0)	(5, 0.0)	(6, 0.0)	(7, 0.0)	(8, 0.0)	(9, 0.0)	(10, 0.0)	(15, 0.0)	(20, 0.0)	(25, 0.0)	(30, 0.0)	(35, 0.0008090399359871815)	(40, 3.946536273108203e-05)	(45, 3.946536273108203e-05)	(50, 3.946536273108203e-05)	(55, 1.9732681365541015e-05)	(60, 0.0007103765291594765)	(65, 0.0)	(70, 0.0)	(75, 7.893072546216406e-05)	(80, 3.946536273108203e-05)	(85, 0.0)	(90, 0.0)	(95, 0.0)	(100, 0.0)	(105, 0.0)	(110, 0.0)	(115, 0.0)	(120, 0.0)	(125, 3.946536273108203e-05)	(130, 0.0)	(135, 0.0)	(140, 0.0)	(145, 0.656447110987453)	(150, 0.3814129981145423)	(155, 0.0)	(160, 0.0)	(165, 0.0)	(170, 0.0)	(175, 1.030045967281241)	(180, 0.0)	(185, 0.0)	(190, 0.0)	(195, 0.0)	(200, 0.0)	(205, 0.6519085942733785)	(210, 0.0)	(215, 0.0)	(220, 0.6534477434198908)	(225, 0.0)	(230, 0.0)	(235, 0.0)	(240, 0.0001381287695587871)	(245, 0.0)	(250, 0.0)
122023-BEL-CBC-T3-534-SSID_S27_R1_16S	(1, 0.0)	(2, 0.009096118686156616)	(3, 0.0)	(4, 0.0)	(5, 0.0)	(6, 0.0)	(7, 0.0)	(8, 0.0)	(9, 0.0)	(10, 0.0)	(15, 0.0)	(20, 0.0)	(25, 0.0)	(30, 0.0)	(35, 0.0007276894948925293)	(40, 0.0)	(45, 0.0)	(50, 0.0)	(55, 0.0)	(60, 0.000545767121169397)	(65, 0.0)	(70, 0.0)	(75, 0.0)	(80, 0.0)	(85, 0.0)	(90, 0.0)	(95, 0.0)	(100, 0.0)	(105, 0.0)	(110, 0.0)	(115, 0.0)	(120, 0.0)	(125, 0.0)	(130, 0.0)	(135, 0.0)	(140, 0.0)	(145, 0.6751139288865441)	(150, 0.3673012725470042)	(155, 0.0)	(160, 0.0)	(165, 0.0)	(170, 0.0)	(175, 1.0014826673458437)	(180, 0.0)	(185, 0.0)	(190, 0.0)	(195, 0.0)	(200, 0.0)	(205, 0.6512820979288138)	(210, 0.0)	(215, 0.0)	(220, 0.6732947051493128)	(225, 0.0)	(230, 0.0)	(235, 0.0)	(240, 0.0)	(245, 0.0)	(250, 0.0)
122023-BEL-CBC-T4-536-PSTR_S50_R1_16S	(1, 0.0)	(2, 0.00760882110293709)	(3, 0.0011968932072035873)	(4, 0.0)	(5, 8.549237194311338e-05)	(6, 0.0)	(7, 0.0)	(8, 0.0)	(9, 0.0)	(10, 0.0)	(15, 0.0)	(20, 0.0)	(25, 0.0)	(30, 1.7098474388622675e-05)	(35, 0.000581348129213171)	(40, 3.419694877724535e-05)	(45, 3.419694877724535e-05)	(50, 3.419694877724535e-05)	(55, 3.419694877724535e-05)	(60, 0.0005300527060473029)	(65, 0.0)	(70, 0.0)	(75, 1.7098474388622675e-05)	(80, 3.419694877724535e-05)	(85, 0.0)	(90, 0.0)	(95, 0.0)	(100, 0.0)	(105, 0.0)	(110, 0.0)	(115, 0.0)	(120, 0.0)	(125, 0.00011968932072035873)	(130, 0.0)	(135, 0.0)	(140, 5.1295423165868024e-05)	(145, 0.6737653832836765)	(150, 0.3950944476979042)	(155, 0.0)	(160, 0.0)	(165, 0.0)	(170, 0.0)	(175, 1.0167265825706702)	(180, 0.0)	(185, 0.0)	(190, 0.0)	(195, 0.0)	(200, 0.0)	(205, 0.6710467258558855)	(210, 0.0)	(215, 0.0)	(220, 0.6622752084945221)	(225, 0.0)	(230, 0.0)	(235, 0.0)	(240, 0.00010259084633173605)	(245, 0.0)	(250, 0.0)
Negative_S96_R1_16S	(1, 0.0)	(2, 0.009978546125829466)	(3, 0.0)	(4, 0.0)	(5, 0.0)	(6, 0.0)	(7, 0.0)	(8, 0.0)	(9, 0.0)	(10, 0.0)	(15, 0.0)	(20, 0.0)	(25, 0.0)	(30, 0.0)	(35, 0.0)	(40, 0.0)	(45, 0.0)	(50, 0.0)	(55, 0.0)	(60, 0.0)	(65, 0.0)	(70, 0.0)	(75, 0.0)	(80, 0.0)	(85, 0.0)	(90, 0.0)	(95, 0.0)	(100, 0.0)	(105, 0.0)	(110, 0.0)	(115, 0.0)	(120, 0.0)	(125, 0.0)	(130, 0.0)	(135, 0.0)	(140, 0.0)	(145, 0.6246569874769247)	(150, 0.36421693359277557)	(155, 0.0)	(160, 0.0)	(165, 0.0)	(170, 0.0)	(175, 1.0028438856458615)	(180, 0.0)	(185, 0.0)	(190, 0.0)	(195, 0.0)	(200, 0.0)	(205, 0.6246569874769247)	(210, 0.0)	(215, 0.0)	(220, 0.6166741505762611)	(225, 0.0)	(230, 0.0)	(235, 0.0)	(240, 0.0)	(245, 0.0)	(250, 0.0)
Undetermined_S0_R1_16S	(1, 0.0)	(2, 0.0059467079565362424)	(3, 0.0028620519576912397)	(4, 0.0)	(5, 0.0)	(6, 0.0)	(7, 0.0)	(8, 0.0)	(9, 0.0)	(10, 0.0)	(15, 6.360115461536089e-06)	(20, 0.0004515681977690623)	(25, 0.004210396435536891)	(30, 0.03825609450113957)	(35, 0.12877961786518272)	(40, 0.20902519464338354)	(45, 0.2978696475255812)	(50, 0.3846216224209334)	(55, 0.4977044753270451)	(60, 0.5533618457309474)	(65, 0.6108064085795413)	(70, 0.7516066446670273)	(75, 0.8613249964939864)	(80, 0.9347525294974205)	(85, 0.9948874211862443)	(90, 1.0290666816765393)	(95, 0.9770981782403277)	(100, 1.1275721499448101)	(105, 1.1886292583755567)	(110, 1.2122125665069323)	(115, 1.2238770182633896)	(120, 1.2019028193437824)	(125, 1.1702866853844864)	(130, 1.2602568787033759)	(135, 1.2306378209990023)	(140, 1.1790509244904832)	(145, 1.7788161726287979)	(150, 1.4729709403144504)	(155, 1.0510090800188387)	(160, 1.167182949039257)	(165, 1.215411704584085)	(170, 1.2530635881163785)	(175, 2.288484025138992)	(180, 1.2941817345752096)	(185, 1.2475938888194575)	(190, 1.3208878593981996)	(195, 1.38531582902356)	(200, 1.4231585160196998)	(205, 2.0977441624475253)	(210, 1.4392432480219246)	(215, 1.3754830905200253)	(220, 2.093273001278065)	(225, 1.52414442931797)	(230, 1.5352237504519657)	(235, 1.5456098190006542)	(240, 1.4904230971409054)	(245, 1.410132999554474)	(250, 1.4582154724436869)
