Sample	0	1	2	3	4	5	6	7	8	9	10	11	12	13	14	15	16	17	18	19	20	21	22	23	24	25	26	27	28	29	30	31	32	33	34	35	36	37
012024-BEL-CBC-T1-561-OANN_S95_R1_16S	(15.0, 2.0)	(16.0, 3.0)	(17.0, 5.0)	(18.0, 11.0)	(19.0, 12.0)	(20.0, 11.0)	(21.0, 14.0)	(22.0, 12.0)	(23.0, 16.0)	(24.0, 20.0)	(25.0, 18.0)	(26.0, 22.0)	(27.0, 32.0)	(28.0, 33.0)	(29.0, 38.0)	(30.0, 65.0)	(31.0, 71.0)	(32.0, 68.0)	(33.0, 76.0)	(34.0, 106.0)	(35.0, 154.0)	(36.0, 187.0)	(37.0, 302.0)	(38.0, 606.0)	(39.0, 3717.0)	(40.0, 77.0)												
012024-BEL-CBC-T2-587-SSID_S63_R1_16S	(16.0, 7.0)	(17.0, 45.0)	(18.0, 203.0)	(19.0, 401.0)	(20.0, 601.0)	(21.0, 963.0)	(22.0, 778.0)	(23.0, 721.0)	(24.0, 1085.0)	(25.0, 1215.0)	(26.0, 1163.0)	(27.0, 1278.0)	(28.0, 1400.0)	(29.0, 1679.0)	(30.0, 2091.0)	(31.0, 2403.0)	(32.0, 2770.0)	(33.0, 3467.0)	(34.0, 4696.0)	(35.0, 6728.0)	(36.0, 10874.0)	(37.0, 15932.0)	(38.0, 36319.0)	(39.0, 620991.0)	(40.0, 66189.0)													
012024-BEL-CBC-T2-589-SSID_S52_R1_16S	(16.0, 9.0)	(17.0, 62.0)	(18.0, 241.0)	(19.0, 435.0)	(20.0, 538.0)	(21.0, 698.0)	(22.0, 636.0)	(23.0, 655.0)	(24.0, 826.0)	(25.0, 990.0)	(26.0, 1066.0)	(27.0, 1073.0)	(28.0, 1289.0)	(29.0, 1609.0)	(30.0, 2241.0)	(31.0, 2401.0)	(32.0, 2655.0)	(33.0, 3339.0)	(34.0, 4466.0)	(35.0, 6170.0)	(36.0, 9635.0)	(37.0, 17061.0)	(38.0, 41305.0)	(39.0, 573195.0)	(40.0, 55358.0)													
012024-BEL-CBC-T2-603-MCAV_S39_R1_16S	(16.0, 13.0)	(17.0, 60.0)	(18.0, 269.0)	(19.0, 518.0)	(20.0, 586.0)	(21.0, 855.0)	(22.0, 733.0)	(23.0, 745.0)	(24.0, 902.0)	(25.0, 1230.0)	(26.0, 1261.0)	(27.0, 1301.0)	(28.0, 1664.0)	(29.0, 2534.0)	(30.0, 3248.0)	(31.0, 3623.0)	(32.0, 4246.0)	(33.0, 4598.0)	(34.0, 6208.0)	(35.0, 8222.0)	(36.0, 12173.0)	(37.0, 18623.0)	(38.0, 47426.0)	(39.0, 812920.0)	(40.0, 57347.0)													
012024-BEL-CBC-T3-629-OFAV_S35_R1_16S	(16.0, 2.0)	(17.0, 21.0)	(18.0, 48.0)	(19.0, 83.0)	(20.0, 122.0)	(21.0, 211.0)	(22.0, 193.0)	(23.0, 178.0)	(24.0, 195.0)	(25.0, 229.0)	(26.0, 352.0)	(27.0, 344.0)	(28.0, 433.0)	(29.0, 790.0)	(30.0, 1020.0)	(31.0, 1124.0)	(32.0, 1304.0)	(33.0, 1616.0)	(34.0, 2232.0)	(35.0, 3083.0)	(36.0, 5000.0)	(37.0, 9807.0)	(38.0, 34822.0)	(39.0, 153238.0)	(40.0, 983.0)													
012024-BEL-CBC-T3-635-OFAV_S82_R1_16S	(16.0, 10.0)	(17.0, 72.0)	(18.0, 267.0)	(19.0, 471.0)	(20.0, 727.0)	(21.0, 1085.0)	(22.0, 934.0)	(23.0, 762.0)	(24.0, 911.0)	(25.0, 1035.0)	(26.0, 1331.0)	(27.0, 1528.0)	(28.0, 1851.0)	(29.0, 3173.0)	(30.0, 4955.0)	(31.0, 4829.0)	(32.0, 6044.0)	(33.0, 6066.0)	(34.0, 7429.0)	(35.0, 9854.0)	(36.0, 14181.0)	(37.0, 23141.0)	(38.0, 61995.0)	(39.0, 966196.0)	(40.0, 65178.0)													
012024-BEL-CBC-T3-639-OFAV_S1_R1_16S	(16.0, 8.0)	(17.0, 46.0)	(18.0, 135.0)	(19.0, 251.0)	(20.0, 359.0)	(21.0, 609.0)	(22.0, 667.0)	(23.0, 656.0)	(24.0, 783.0)	(25.0, 898.0)	(26.0, 1209.0)	(27.0, 1342.0)	(28.0, 1679.0)	(29.0, 2974.0)	(30.0, 4111.0)	(31.0, 4353.0)	(32.0, 5399.0)	(33.0, 5786.0)	(34.0, 7268.0)	(35.0, 9513.0)	(36.0, 14109.0)	(37.0, 23264.0)	(38.0, 65088.0)	(39.0, 953689.0)	(40.0, 38266.0)													
012024-BEL-CBC-T4-667-OFAV_S24_R1_16S	(16.0, 8.0)	(17.0, 52.0)	(18.0, 226.0)	(19.0, 565.0)	(20.0, 886.0)	(21.0, 1457.0)	(22.0, 1373.0)	(23.0, 1267.0)	(24.0, 1369.0)	(25.0, 1638.0)	(26.0, 2113.0)	(27.0, 2336.0)	(28.0, 2861.0)	(29.0, 5596.0)	(30.0, 7147.0)	(31.0, 9156.0)	(32.0, 12453.0)	(33.0, 11223.0)	(34.0, 12684.0)	(35.0, 15878.0)	(36.0, 24415.0)	(37.0, 38265.0)	(38.0, 88520.0)	(39.0, 1642388.0)	(40.0, 26341.0)													
022024-BEL-CBC-T1-774-MCAV_S80_R1_16S	(16.0, 6.0)	(17.0, 59.0)	(18.0, 229.0)	(19.0, 368.0)	(20.0, 457.0)	(21.0, 644.0)	(22.0, 559.0)	(23.0, 530.0)	(24.0, 590.0)	(25.0, 790.0)	(26.0, 874.0)	(27.0, 934.0)	(28.0, 1151.0)	(29.0, 2090.0)	(30.0, 2982.0)	(31.0, 3049.0)	(32.0, 3833.0)	(33.0, 4113.0)	(34.0, 4981.0)	(35.0, 6511.0)	(36.0, 9870.0)	(37.0, 15752.0)	(38.0, 40162.0)	(39.0, 710738.0)	(40.0, 48131.0)													
022024-BEL-CBC-T2-807-SSID_S31_R1_16S	(16.0, 5.0)	(17.0, 29.0)	(18.0, 143.0)	(19.0, 423.0)	(20.0, 545.0)	(21.0, 767.0)	(22.0, 684.0)	(23.0, 748.0)	(24.0, 882.0)	(25.0, 1182.0)	(26.0, 1440.0)	(27.0, 1392.0)	(28.0, 1531.0)	(29.0, 1753.0)	(30.0, 2077.0)	(31.0, 2604.0)	(32.0, 3220.0)	(33.0, 4222.0)	(34.0, 5758.0)	(35.0, 8834.0)	(36.0, 15708.0)	(37.0, 32532.0)	(38.0, 69673.0)	(39.0, 671834.0)	(40.0, 31967.0)													
022024-BEL-CBC-T3-842-MCAV_S22_R1_16S	(16.0, 13.0)	(17.0, 39.0)	(18.0, 162.0)	(19.0, 375.0)	(20.0, 579.0)	(21.0, 856.0)	(22.0, 837.0)	(23.0, 834.0)	(24.0, 899.0)	(25.0, 1045.0)	(26.0, 1296.0)	(27.0, 1446.0)	(28.0, 1948.0)	(29.0, 3770.0)	(30.0, 4311.0)	(31.0, 5157.0)	(32.0, 5471.0)	(33.0, 5979.0)	(34.0, 7680.0)	(35.0, 10289.0)	(36.0, 15720.0)	(37.0, 25183.0)	(38.0, 60386.0)	(39.0, 1097226.0)	(40.0, 19416.0)													
022024-BEL-CBC-T3-843-MCAV_S73_R1_16S	(16.0, 7.0)	(17.0, 18.0)	(18.0, 59.0)	(19.0, 101.0)	(20.0, 137.0)	(21.0, 204.0)	(22.0, 200.0)	(23.0, 201.0)	(24.0, 221.0)	(25.0, 261.0)	(26.0, 315.0)	(27.0, 385.0)	(28.0, 475.0)	(29.0, 785.0)	(30.0, 1228.0)	(31.0, 1202.0)	(32.0, 1502.0)	(33.0, 1608.0)	(34.0, 2180.0)	(35.0, 2919.0)	(36.0, 4843.0)	(37.0, 8304.0)	(38.0, 27022.0)	(39.0, 226125.0)	(40.0, 3983.0)													
022024-BEL-CBC-T3-852-OFAV_S18_R1_16S	(16.0, 2.0)	(17.0, 21.0)	(18.0, 54.0)	(19.0, 134.0)	(20.0, 277.0)	(21.0, 437.0)	(22.0, 388.0)	(23.0, 349.0)	(24.0, 440.0)	(25.0, 504.0)	(26.0, 590.0)	(27.0, 668.0)	(28.0, 818.0)	(29.0, 1633.0)	(30.0, 2087.0)	(31.0, 2492.0)	(32.0, 3484.0)	(33.0, 3192.0)	(34.0, 3688.0)	(35.0, 4818.0)	(36.0, 7546.0)	(37.0, 11828.0)	(38.0, 26271.0)	(39.0, 419050.0)	(40.0, 3179.0)													
042024-BEL-CBC-T1-924-MCAV_S38_R1_16S	(16.0, 20.0)	(17.0, 94.0)	(18.0, 383.0)	(19.0, 572.0)	(20.0, 633.0)	(21.0, 653.0)	(22.0, 638.0)	(23.0, 697.0)	(24.0, 950.0)	(25.0, 1102.0)	(26.0, 1125.0)	(27.0, 1332.0)	(28.0, 1489.0)	(29.0, 1893.0)	(30.0, 2983.0)	(31.0, 3764.0)	(32.0, 4065.0)	(33.0, 4528.0)	(34.0, 5808.0)	(35.0, 8000.0)	(36.0, 11562.0)	(37.0, 18276.0)	(38.0, 46484.0)	(39.0, 697478.0)	(40.0, 57426.0)													
042024-BEL-CBC-T1-931-SSID_S45_R1_16S	(15.0, 1.0)	(16.0, 4.0)	(17.0, 37.0)	(18.0, 132.0)	(19.0, 273.0)	(20.0, 356.0)	(21.0, 482.0)	(22.0, 416.0)	(23.0, 491.0)	(24.0, 656.0)	(25.0, 808.0)	(26.0, 770.0)	(27.0, 892.0)	(28.0, 1036.0)	(29.0, 1209.0)	(30.0, 1664.0)	(31.0, 2067.0)	(32.0, 2293.0)	(33.0, 2891.0)	(34.0, 4171.0)	(35.0, 8326.0)	(36.0, 16655.0)	(37.0, 16423.0)	(38.0, 30562.0)	(39.0, 413331.0)	(40.0, 42235.0)												
042024-BEL-CBC-T2-1016-MCAV_S68_R1_16S	(15.0, 1.0)	(16.0, 18.0)	(17.0, 53.0)	(18.0, 211.0)	(19.0, 391.0)	(20.0, 545.0)	(21.0, 655.0)	(22.0, 732.0)	(23.0, 741.0)	(24.0, 854.0)	(25.0, 993.0)	(26.0, 1286.0)	(27.0, 1414.0)	(28.0, 1808.0)	(29.0, 2902.0)	(30.0, 4121.0)	(31.0, 4322.0)	(32.0, 5726.0)	(33.0, 6175.0)	(34.0, 7535.0)	(35.0, 9830.0)	(36.0, 16077.0)	(37.0, 26393.0)	(38.0, 60255.0)	(39.0, 1112422.0)	(40.0, 79358.0)												
042024-BEL-CBC-T2-1025-SSID_S59_R1_16S	(16.0, 15.0)	(17.0, 79.0)	(18.0, 264.0)	(19.0, 496.0)	(20.0, 818.0)	(21.0, 1263.0)	(22.0, 889.0)	(23.0, 919.0)	(24.0, 1281.0)	(25.0, 1432.0)	(26.0, 1471.0)	(27.0, 1633.0)	(28.0, 1816.0)	(29.0, 2206.0)	(30.0, 3047.0)	(31.0, 3674.0)	(32.0, 4070.0)	(33.0, 5250.0)	(34.0, 7437.0)	(35.0, 12206.0)	(36.0, 19842.0)	(37.0, 27879.0)	(38.0, 67622.0)	(39.0, 756492.0)	(40.0, 41464.0)													
042024-BEL-CBC-T2-1035-SSID_S4_R1_16S	(16.0, 2.0)	(17.0, 10.0)	(18.0, 50.0)	(19.0, 125.0)	(20.0, 177.0)	(21.0, 261.0)	(22.0, 211.0)	(23.0, 227.0)	(24.0, 263.0)	(25.0, 329.0)	(26.0, 399.0)	(27.0, 395.0)	(28.0, 498.0)	(29.0, 680.0)	(30.0, 943.0)	(31.0, 1261.0)	(32.0, 1531.0)	(33.0, 2016.0)	(34.0, 3010.0)	(35.0, 5269.0)	(36.0, 11324.0)	(37.0, 21148.0)	(38.0, 41197.0)	(39.0, 133277.0)	(40.0, 825.0)													
042024-BEL-CBC-T3-950-PSTR_S84_R1_16S	(16.0, 42.0)	(17.0, 225.0)	(18.0, 1058.0)	(19.0, 1757.0)	(20.0, 2080.0)	(21.0, 2694.0)	(22.0, 2347.0)	(23.0, 2237.0)	(24.0, 2602.0)	(25.0, 3098.0)	(26.0, 3694.0)	(27.0, 4228.0)	(28.0, 4921.0)	(29.0, 8111.0)	(30.0, 11979.0)	(31.0, 12685.0)	(32.0, 16291.0)	(33.0, 17311.0)	(34.0, 21877.0)	(35.0, 29049.0)	(36.0, 44794.0)	(37.0, 75311.0)	(38.0, 178480.0)	(39.0, 2909822.0)	(40.0, 170898.0)													
042024-BEL-CBC-T3-956-MCAV_S94_R1_16S	(16.0, 3.0)	(17.0, 14.0)	(18.0, 29.0)	(19.0, 78.0)	(20.0, 116.0)	(21.0, 228.0)	(22.0, 199.0)	(23.0, 168.0)	(24.0, 228.0)	(25.0, 243.0)	(26.0, 328.0)	(27.0, 376.0)	(28.0, 455.0)	(29.0, 764.0)	(30.0, 1114.0)	(31.0, 1132.0)	(32.0, 1496.0)	(33.0, 1625.0)	(34.0, 1843.0)	(35.0, 2595.0)	(36.0, 3842.0)	(37.0, 6006.0)	(38.0, 16350.0)	(39.0, 284109.0)	(40.0, 7982.0)													
042024-BEL-CBC-T3-959-SSID_S7_R1_16S	(16.0, 2.0)	(17.0, 8.0)	(18.0, 29.0)	(19.0, 47.0)	(20.0, 87.0)	(21.0, 142.0)	(22.0, 126.0)	(23.0, 114.0)	(24.0, 123.0)	(25.0, 156.0)	(26.0, 208.0)	(27.0, 197.0)	(28.0, 229.0)	(29.0, 266.0)	(30.0, 362.0)	(31.0, 503.0)	(32.0, 638.0)	(33.0, 777.0)	(34.0, 1119.0)	(35.0, 1582.0)	(36.0, 3074.0)	(37.0, 6608.0)	(38.0, 10040.0)	(39.0, 94591.0)	(40.0, 5361.0)													
052022-BEL-CBC-T1-53-PAST_S53_R1_16S	(15.0, 1.0)	(16.0, 8.0)	(17.0, 75.0)	(18.0, 270.0)	(19.0, 677.0)	(20.0, 809.0)	(21.0, 960.0)	(22.0, 861.0)	(23.0, 889.0)	(24.0, 1468.0)	(25.0, 1832.0)	(26.0, 1634.0)	(27.0, 1776.0)	(28.0, 2017.0)	(29.0, 2330.0)	(30.0, 2997.0)	(31.0, 3623.0)	(32.0, 4232.0)	(33.0, 5369.0)	(34.0, 7333.0)	(35.0, 10699.0)	(36.0, 17670.0)	(37.0, 35524.0)	(38.0, 80225.0)	(39.0, 750000.0)	(40.0, 70077.0)												
052022-BEL-CBC-T1-54-MCAV_S19_R1_16S	(16.0, 1.0)	(17.0, 1.0)	(18.0, 14.0)	(19.0, 29.0)	(20.0, 32.0)	(21.0, 67.0)	(22.0, 70.0)	(23.0, 59.0)	(24.0, 81.0)	(25.0, 64.0)	(26.0, 88.0)	(27.0, 103.0)	(28.0, 130.0)	(29.0, 220.0)	(30.0, 210.0)	(31.0, 257.0)	(32.0, 291.0)	(33.0, 402.0)	(34.0, 534.0)	(35.0, 973.0)	(36.0, 3251.0)	(37.0, 4237.0)	(38.0, 3920.0)	(39.0, 31324.0)	(40.0, 470.0)													
052022-BEL-CBC-T1-55-PSTR_S67_R1_16S	(16.0, 4.0)	(17.0, 13.0)	(18.0, 60.0)	(19.0, 98.0)	(20.0, 115.0)	(21.0, 149.0)	(22.0, 149.0)	(23.0, 133.0)	(24.0, 190.0)	(25.0, 231.0)	(26.0, 272.0)	(27.0, 361.0)	(28.0, 474.0)	(29.0, 724.0)	(30.0, 941.0)	(31.0, 1126.0)	(32.0, 1405.0)	(33.0, 1801.0)	(34.0, 2729.0)	(35.0, 4897.0)	(36.0, 10258.0)	(37.0, 17269.0)	(38.0, 47831.0)	(39.0, 124669.0)	(40.0, 735.0)													
052022-BEL-CBC-T1-62-MCAV_S92_R1_16S	(16.0, 1.0)	(17.0, 13.0)	(18.0, 49.0)	(19.0, 91.0)	(20.0, 153.0)	(21.0, 193.0)	(22.0, 208.0)	(23.0, 202.0)	(24.0, 219.0)	(25.0, 309.0)	(26.0, 377.0)	(27.0, 390.0)	(28.0, 502.0)	(29.0, 858.0)	(30.0, 1237.0)	(31.0, 1330.0)	(32.0, 1679.0)	(33.0, 1742.0)	(34.0, 2113.0)	(35.0, 2801.0)	(36.0, 4221.0)	(37.0, 6943.0)	(38.0, 19599.0)	(39.0, 305531.0)	(40.0, 9164.0)													
052022-BEL-CBC-T1-63-OFAV_S60_R1_16S	(16.0, 18.0)	(17.0, 77.0)	(18.0, 285.0)	(19.0, 471.0)	(20.0, 723.0)	(21.0, 1202.0)	(22.0, 1083.0)	(23.0, 936.0)	(24.0, 1084.0)	(25.0, 1361.0)	(26.0, 1678.0)	(27.0, 1865.0)	(28.0, 2335.0)	(29.0, 3751.0)	(30.0, 5249.0)	(31.0, 5671.0)	(32.0, 6932.0)	(33.0, 7423.0)	(34.0, 9344.0)	(35.0, 12986.0)	(36.0, 21553.0)	(37.0, 31695.0)	(38.0, 80653.0)	(39.0, 1125460.0)	(40.0, 10601.0)													
052022-BEL-CBC-T2-10-MCAV_S3_R1_16S	(16.0, 6.0)	(17.0, 15.0)	(18.0, 99.0)	(19.0, 294.0)	(20.0, 350.0)	(21.0, 354.0)	(22.0, 383.0)	(23.0, 395.0)	(24.0, 510.0)	(25.0, 614.0)	(26.0, 689.0)	(27.0, 733.0)	(28.0, 944.0)	(29.0, 1162.0)	(30.0, 1400.0)	(31.0, 1809.0)	(32.0, 2406.0)	(33.0, 2908.0)	(34.0, 3929.0)	(35.0, 6223.0)	(36.0, 13094.0)	(37.0, 26577.0)	(38.0, 43352.0)	(39.0, 393985.0)	(40.0, 13287.0)													
052022-BEL-CBC-T2-11-PAST_S86_R1_16S	(16.0, 13.0)	(17.0, 103.0)	(18.0, 388.0)	(19.0, 734.0)	(20.0, 1339.0)	(21.0, 1590.0)	(22.0, 2466.0)	(23.0, 2988.0)	(24.0, 2043.0)	(25.0, 2327.0)	(26.0, 2242.0)	(27.0, 2393.0)	(28.0, 2728.0)	(29.0, 3301.0)	(30.0, 3873.0)	(31.0, 4636.0)	(32.0, 5815.0)	(33.0, 7255.0)	(34.0, 9835.0)	(35.0, 14738.0)	(36.0, 25435.0)	(37.0, 52286.0)	(38.0, 114368.0)	(39.0, 917845.0)	(40.0, 74709.0)													
052022-BEL-CBC-T2-59-OFAV_S61_R1_16S	(15.0, 1.0)	(16.0, 13.0)	(17.0, 77.0)	(18.0, 307.0)	(19.0, 592.0)	(20.0, 704.0)	(21.0, 916.0)	(22.0, 858.0)	(23.0, 845.0)	(24.0, 1082.0)	(25.0, 1327.0)	(26.0, 1496.0)	(27.0, 1590.0)	(28.0, 2004.0)	(29.0, 2789.0)	(30.0, 3877.0)	(31.0, 4820.0)	(32.0, 5403.0)	(33.0, 5802.0)	(34.0, 7400.0)	(35.0, 9947.0)	(36.0, 15103.0)	(37.0, 23553.0)	(38.0, 61072.0)	(39.0, 933686.0)	(40.0, 54786.0)												
052022-BEL-CBC-T3-16-SSID_S12_R1_16S	(16.0, 5.0)	(17.0, 33.0)	(18.0, 225.0)	(19.0, 508.0)	(20.0, 649.0)	(21.0, 748.0)	(22.0, 670.0)	(23.0, 663.0)	(24.0, 779.0)	(25.0, 1005.0)	(26.0, 1194.0)	(27.0, 1310.0)	(28.0, 1409.0)	(29.0, 1692.0)	(30.0, 2708.0)	(31.0, 5998.0)	(32.0, 5609.0)	(33.0, 5177.0)	(34.0, 5952.0)	(35.0, 7627.0)	(36.0, 12167.0)	(37.0, 24657.0)	(38.0, 62256.0)	(39.0, 615753.0)	(40.0, 48662.0)													
052022-BEL-CBC-T3-25-PAST_S69_R1_16S	(16.0, 8.0)	(17.0, 94.0)	(18.0, 400.0)	(19.0, 631.0)	(20.0, 798.0)	(21.0, 779.0)	(22.0, 912.0)	(23.0, 1101.0)	(24.0, 1147.0)	(25.0, 1193.0)	(26.0, 1106.0)	(27.0, 1328.0)	(28.0, 1466.0)	(29.0, 1769.0)	(30.0, 2099.0)	(31.0, 2483.0)	(32.0, 3093.0)	(33.0, 3890.0)	(34.0, 5274.0)	(35.0, 7890.0)	(36.0, 14700.0)	(37.0, 29515.0)	(38.0, 55552.0)	(39.0, 647656.0)	(40.0, 63376.0)													
052022-BEL-CBC-T3-6-SSID_S77_R1_16S	(15.0, 1.0)	(16.0, 9.0)	(17.0, 60.0)	(18.0, 273.0)	(19.0, 418.0)	(20.0, 483.0)	(21.0, 513.0)	(22.0, 676.0)	(23.0, 769.0)	(24.0, 736.0)	(25.0, 965.0)	(26.0, 950.0)	(27.0, 993.0)	(28.0, 1120.0)	(29.0, 1358.0)	(30.0, 1733.0)	(31.0, 2888.0)	(32.0, 3180.0)	(33.0, 3431.0)	(34.0, 4409.0)	(35.0, 6510.0)	(36.0, 10170.0)	(37.0, 16564.0)	(38.0, 37992.0)	(39.0, 486941.0)	(40.0, 39524.0)												
052022-BEL-CBC-T3-65-OFAV_S5_R1_16S	(16.0, 3.0)	(17.0, 14.0)	(18.0, 63.0)	(19.0, 201.0)	(20.0, 332.0)	(21.0, 509.0)	(22.0, 413.0)	(23.0, 407.0)	(24.0, 484.0)	(25.0, 548.0)	(26.0, 725.0)	(27.0, 776.0)	(28.0, 1000.0)	(29.0, 1765.0)	(30.0, 2087.0)	(31.0, 2741.0)	(32.0, 3777.0)	(33.0, 3614.0)	(34.0, 4295.0)	(35.0, 5601.0)	(36.0, 9666.0)	(37.0, 20482.0)	(38.0, 36608.0)	(39.0, 511278.0)	(40.0, 32897.0)													
062019-BEL-CBC-T1-12-PAST_S36_R1_16S	(16.0, 15.0)	(17.0, 58.0)	(18.0, 263.0)	(19.0, 484.0)	(20.0, 671.0)	(21.0, 803.0)	(22.0, 666.0)	(23.0, 764.0)	(24.0, 1186.0)	(25.0, 1509.0)	(26.0, 1396.0)	(27.0, 1499.0)	(28.0, 1565.0)	(29.0, 1926.0)	(30.0, 2480.0)	(31.0, 2924.0)	(32.0, 3599.0)	(33.0, 4632.0)	(34.0, 6606.0)	(35.0, 11207.0)	(36.0, 28206.0)	(37.0, 38060.0)	(38.0, 65487.0)	(39.0, 482602.0)	(40.0, 41007.0)													
062019-BEL-CBC-T2-16-MCAV_S33_R1_16S	(16.0, 2.0)	(17.0, 17.0)	(18.0, 46.0)	(19.0, 115.0)	(20.0, 192.0)	(21.0, 315.0)	(22.0, 223.0)	(23.0, 223.0)	(24.0, 264.0)	(25.0, 302.0)	(26.0, 379.0)	(27.0, 467.0)	(28.0, 557.0)	(29.0, 920.0)	(30.0, 1108.0)	(31.0, 1203.0)	(32.0, 1463.0)	(33.0, 1834.0)	(34.0, 2374.0)	(35.0, 4344.0)	(36.0, 12905.0)	(37.0, 11284.0)	(38.0, 19424.0)	(39.0, 202254.0)	(40.0, 3727.0)													
062019-BEL-CBC-T2-2-PAST_S76_R1_16S	(16.0, 15.0)	(17.0, 98.0)	(18.0, 431.0)	(19.0, 718.0)	(20.0, 709.0)	(21.0, 707.0)	(22.0, 735.0)	(23.0, 761.0)	(24.0, 931.0)	(25.0, 1128.0)	(26.0, 1181.0)	(27.0, 1212.0)	(28.0, 1462.0)	(29.0, 1723.0)	(30.0, 2224.0)	(31.0, 2575.0)	(32.0, 4134.0)	(33.0, 5956.0)	(34.0, 6119.0)	(35.0, 9502.0)	(36.0, 15161.0)	(37.0, 24613.0)	(38.0, 49068.0)	(39.0, 605881.0)	(40.0, 50348.0)													
062019-BEL-CBC-T3-16-MCAV_S47_R1_16S	(16.0, 7.0)	(17.0, 40.0)	(18.0, 173.0)	(19.0, 350.0)	(20.0, 512.0)	(21.0, 854.0)	(22.0, 882.0)	(23.0, 772.0)	(24.0, 949.0)	(25.0, 1169.0)	(26.0, 1464.0)	(27.0, 1567.0)	(28.0, 1969.0)	(29.0, 3458.0)	(30.0, 4175.0)	(31.0, 4771.0)	(32.0, 5701.0)	(33.0, 6335.0)	(34.0, 7918.0)	(35.0, 11853.0)	(36.0, 22529.0)	(37.0, 27247.0)	(38.0, 65610.0)	(39.0, 1016935.0)	(40.0, 5844.0)													
062019-BEL-CBC-T3-27-SSID_S17_R1_16S	(17.0, 5.0)	(18.0, 25.0)	(19.0, 55.0)	(20.0, 113.0)	(21.0, 140.0)	(22.0, 108.0)	(23.0, 101.0)	(24.0, 118.0)	(25.0, 155.0)	(26.0, 206.0)	(27.0, 212.0)	(28.0, 217.0)	(29.0, 301.0)	(30.0, 375.0)	(31.0, 430.0)	(32.0, 538.0)	(33.0, 597.0)	(34.0, 881.0)	(35.0, 1477.0)	(36.0, 3116.0)	(37.0, 4727.0)	(38.0, 7450.0)	(39.0, 93548.0)	(40.0, 4370.0)														
062024-BEL-CBC-T1-1341-SSID_S56_R1_16S	(15.0, 1.0)	(16.0, 21.0)	(17.0, 108.0)	(18.0, 463.0)	(19.0, 947.0)	(20.0, 1139.0)	(21.0, 1431.0)	(22.0, 1229.0)	(23.0, 1347.0)	(24.0, 1828.0)	(25.0, 2077.0)	(26.0, 2231.0)	(27.0, 2507.0)	(28.0, 2965.0)	(29.0, 3450.0)	(30.0, 5392.0)	(31.0, 7063.0)	(32.0, 6790.0)	(33.0, 8319.0)	(34.0, 11288.0)	(35.0, 16026.0)	(36.0, 25312.0)	(37.0, 44426.0)	(38.0, 108034.0)	(39.0, 1071263.0)	(40.0, 100958.0)												
062024-BEL-CBC-T2-1369-SSID_S10_R1_16S	(16.0, 10.0)	(17.0, 55.0)	(18.0, 252.0)	(19.0, 665.0)	(20.0, 820.0)	(21.0, 737.0)	(22.0, 783.0)	(23.0, 946.0)	(24.0, 1206.0)	(25.0, 1146.0)	(26.0, 1310.0)	(27.0, 1411.0)	(28.0, 1599.0)	(29.0, 2024.0)	(30.0, 2416.0)	(31.0, 3106.0)	(32.0, 3875.0)	(33.0, 4973.0)	(34.0, 7370.0)	(35.0, 11345.0)	(36.0, 20688.0)	(37.0, 36491.0)	(38.0, 90368.0)	(39.0, 598305.0)	(40.0, 29331.0)													
062024-BEL-CBC-T2-1378-PAST_S54_R1_16S	(15.0, 1.0)	(16.0, 21.0)	(17.0, 83.0)	(18.0, 354.0)	(19.0, 778.0)	(20.0, 1065.0)	(21.0, 1282.0)	(22.0, 1088.0)	(23.0, 1175.0)	(24.0, 1762.0)	(25.0, 2329.0)	(26.0, 2173.0)	(27.0, 2234.0)	(28.0, 2581.0)	(29.0, 3183.0)	(30.0, 3908.0)	(31.0, 4874.0)	(32.0, 5810.0)	(33.0, 7278.0)	(34.0, 10024.0)	(35.0, 15298.0)	(36.0, 26150.0)	(37.0, 50689.0)	(38.0, 112368.0)	(39.0, 765412.0)	(40.0, 73102.0)												
062024-BEL-CBC-T2-1387-OFAV_S44_R1_16S	(16.0, 1.0)	(17.0, 20.0)	(18.0, 60.0)	(19.0, 84.0)	(20.0, 128.0)	(21.0, 213.0)	(22.0, 219.0)	(23.0, 174.0)	(24.0, 211.0)	(25.0, 288.0)	(26.0, 346.0)	(27.0, 363.0)	(28.0, 440.0)	(29.0, 685.0)	(30.0, 1051.0)	(31.0, 1145.0)	(32.0, 1468.0)	(33.0, 1518.0)	(34.0, 1890.0)	(35.0, 2585.0)	(36.0, 3877.0)	(37.0, 5849.0)	(38.0, 15225.0)	(39.0, 224322.0)	(40.0, 3645.0)													
062024-BEL-CBC-T3-1412-MCAV_S13_R1_16S	(16.0, 2.0)	(17.0, 12.0)	(18.0, 44.0)	(19.0, 141.0)	(20.0, 264.0)	(21.0, 404.0)	(22.0, 285.0)	(23.0, 267.0)	(24.0, 281.0)	(25.0, 357.0)	(26.0, 412.0)	(27.0, 475.0)	(28.0, 637.0)	(29.0, 1152.0)	(30.0, 1380.0)	(31.0, 1553.0)	(32.0, 1757.0)	(33.0, 1946.0)	(34.0, 2390.0)	(35.0, 3232.0)	(36.0, 4627.0)	(37.0, 8017.0)	(38.0, 20551.0)	(39.0, 339903.0)	(40.0, 10710.0)													
062024-BEL-CBC-T3-1421-OFAV_S55_R1_16S	(16.0, 17.0)	(17.0, 87.0)	(18.0, 295.0)	(19.0, 569.0)	(20.0, 819.0)	(21.0, 1406.0)	(22.0, 1504.0)	(23.0, 1256.0)	(24.0, 1502.0)	(25.0, 1729.0)	(26.0, 2149.0)	(27.0, 2304.0)	(28.0, 2872.0)	(29.0, 4671.0)	(30.0, 6732.0)	(31.0, 7105.0)	(32.0, 8624.0)	(33.0, 9308.0)	(34.0, 11509.0)	(35.0, 15043.0)	(36.0, 22405.0)	(37.0, 36522.0)	(38.0, 96773.0)	(39.0, 1471492.0)	(40.0, 50763.0)													
062024-BEL-CBC-T3-1445-SSID_S58_R1_16S	(16.0, 22.0)	(17.0, 76.0)	(18.0, 358.0)	(19.0, 711.0)	(20.0, 998.0)	(21.0, 1328.0)	(22.0, 1035.0)	(23.0, 1054.0)	(24.0, 1588.0)	(25.0, 1811.0)	(26.0, 1797.0)	(27.0, 1888.0)	(28.0, 2248.0)	(29.0, 2632.0)	(30.0, 3798.0)	(31.0, 4411.0)	(32.0, 4829.0)	(33.0, 5911.0)	(34.0, 8049.0)	(35.0, 12318.0)	(36.0, 21088.0)	(37.0, 28860.0)	(38.0, 72513.0)	(39.0, 930904.0)	(40.0, 66448.0)													
062024-BEL-CBC-T3-1448-PAST_S40_R1_16S	(16.0, 9.0)	(17.0, 49.0)	(18.0, 210.0)	(19.0, 459.0)	(20.0, 697.0)	(21.0, 753.0)	(22.0, 629.0)	(23.0, 635.0)	(24.0, 964.0)	(25.0, 1221.0)	(26.0, 1076.0)	(27.0, 1194.0)	(28.0, 1288.0)	(29.0, 1463.0)	(30.0, 1865.0)	(31.0, 2145.0)	(32.0, 2629.0)	(33.0, 3240.0)	(34.0, 4570.0)	(35.0, 6649.0)	(36.0, 10632.0)	(37.0, 19654.0)	(38.0, 44160.0)	(39.0, 399387.0)	(40.0, 27132.0)													
062024-BEL-CBC-T4-1464-MCAV_S43_R1_16S	(16.0, 3.0)	(17.0, 16.0)	(18.0, 50.0)	(19.0, 88.0)	(20.0, 159.0)	(21.0, 281.0)	(22.0, 263.0)	(23.0, 212.0)	(24.0, 266.0)	(25.0, 328.0)	(26.0, 419.0)	(27.0, 453.0)	(28.0, 562.0)	(29.0, 970.0)	(30.0, 1170.0)	(31.0, 1268.0)	(32.0, 1666.0)	(33.0, 1765.0)	(34.0, 2386.0)	(35.0, 3230.0)	(36.0, 4751.0)	(37.0, 7485.0)	(38.0, 21627.0)	(39.0, 275197.0)	(40.0, 1252.0)													
062024-BEL-CBC-T4-1467-MCAV_S57_R1_16S	(16.0, 12.0)	(17.0, 33.0)	(18.0, 138.0)	(19.0, 265.0)	(20.0, 430.0)	(21.0, 740.0)	(22.0, 662.0)	(23.0, 603.0)	(24.0, 721.0)	(25.0, 894.0)	(26.0, 1054.0)	(27.0, 1170.0)	(28.0, 1462.0)	(29.0, 2423.0)	(30.0, 3114.0)	(31.0, 3681.0)	(32.0, 4171.0)	(33.0, 4799.0)	(34.0, 6151.0)	(35.0, 8382.0)	(36.0, 13110.0)	(37.0, 23136.0)	(38.0, 78226.0)	(39.0, 634663.0)	(40.0, 2905.0)													
062024-BEL-CBC-T4-1470-PSTR_S11_R1_16S	(16.0, 2.0)	(17.0, 6.0)	(18.0, 29.0)	(19.0, 111.0)	(20.0, 225.0)	(21.0, 332.0)	(22.0, 248.0)	(23.0, 256.0)	(24.0, 285.0)	(25.0, 311.0)	(26.0, 442.0)	(27.0, 454.0)	(28.0, 607.0)	(29.0, 1079.0)	(30.0, 1145.0)	(31.0, 1423.0)	(32.0, 1625.0)	(33.0, 1877.0)	(34.0, 2390.0)	(35.0, 3328.0)	(36.0, 5304.0)	(37.0, 10966.0)	(38.0, 27428.0)	(39.0, 301359.0)	(40.0, 8151.0)													
082024-BEL-CBC-T1-1480-SSID_S70_R1_16S	(16.0, 6.0)	(17.0, 31.0)	(18.0, 115.0)	(19.0, 171.0)	(20.0, 238.0)	(21.0, 344.0)	(22.0, 480.0)	(23.0, 585.0)	(24.0, 514.0)	(25.0, 621.0)	(26.0, 540.0)	(27.0, 513.0)	(28.0, 600.0)	(29.0, 707.0)	(30.0, 807.0)	(31.0, 953.0)	(32.0, 1231.0)	(33.0, 1472.0)	(34.0, 2107.0)	(35.0, 2868.0)	(36.0, 4681.0)	(37.0, 8439.0)	(38.0, 16557.0)	(39.0, 261159.0)	(40.0, 25511.0)													
082024-BEL-CBC-T1-1483-MCAV_S91_R1_16S	(16.0, 8.0)	(17.0, 16.0)	(18.0, 67.0)	(19.0, 97.0)	(20.0, 140.0)	(21.0, 191.0)	(22.0, 143.0)	(23.0, 168.0)	(24.0, 204.0)	(25.0, 232.0)	(26.0, 248.0)	(27.0, 328.0)	(28.0, 421.0)	(29.0, 651.0)	(30.0, 895.0)	(31.0, 925.0)	(32.0, 1251.0)	(33.0, 1408.0)	(34.0, 1726.0)	(35.0, 2342.0)	(36.0, 3802.0)	(37.0, 6459.0)	(38.0, 19986.0)	(39.0, 210386.0)	(40.0, 3442.0)													
082024-BEL-CBC-T2-1507-OFAV_S28_R1_16S	(16.0, 6.0)	(17.0, 34.0)	(18.0, 109.0)	(19.0, 334.0)	(20.0, 500.0)	(21.0, 955.0)	(22.0, 872.0)	(23.0, 667.0)	(24.0, 730.0)	(25.0, 926.0)	(26.0, 1204.0)	(27.0, 1338.0)	(28.0, 1687.0)	(29.0, 3329.0)	(30.0, 3919.0)	(31.0, 5301.0)	(32.0, 7637.0)	(33.0, 6904.0)	(34.0, 7653.0)	(35.0, 9758.0)	(36.0, 14423.0)	(37.0, 24592.0)	(38.0, 57155.0)	(39.0, 1006820.0)	(40.0, 25454.0)													
082024-BEL-CBC-T2-1509-SSID_S48_R1_16S	(16.0, 12.0)	(17.0, 54.0)	(18.0, 202.0)	(19.0, 372.0)	(20.0, 526.0)	(21.0, 804.0)	(22.0, 610.0)	(23.0, 598.0)	(24.0, 834.0)	(25.0, 1033.0)	(26.0, 1014.0)	(27.0, 1157.0)	(28.0, 1269.0)	(29.0, 1514.0)	(30.0, 2013.0)	(31.0, 2524.0)	(32.0, 2982.0)	(33.0, 3406.0)	(34.0, 4735.0)	(35.0, 7762.0)	(36.0, 14314.0)	(37.0, 16637.0)	(38.0, 34622.0)	(39.0, 544121.0)	(40.0, 58459.0)													
082024-BEL-CBC-T2-1516-OFAV_S41_R1_16S	(15.0, 1.0)	(16.0, 1.0)	(17.0, 18.0)	(18.0, 62.0)	(19.0, 99.0)	(20.0, 177.0)	(21.0, 294.0)	(22.0, 288.0)	(23.0, 260.0)	(24.0, 330.0)	(25.0, 375.0)	(26.0, 468.0)	(27.0, 553.0)	(28.0, 654.0)	(29.0, 1197.0)	(30.0, 1587.0)	(31.0, 1656.0)	(32.0, 2032.0)	(33.0, 2228.0)	(34.0, 2703.0)	(35.0, 3784.0)	(36.0, 5570.0)	(37.0, 8918.0)	(38.0, 24800.0)	(39.0, 322268.0)	(40.0, 620.0)												
082024-BEL-CBC-T3-1555-SSID_S65_R1_16S	(16.0, 3.0)	(17.0, 27.0)	(18.0, 82.0)	(19.0, 193.0)	(20.0, 258.0)	(21.0, 437.0)	(22.0, 551.0)	(23.0, 417.0)	(24.0, 473.0)	(25.0, 535.0)	(26.0, 440.0)	(27.0, 509.0)	(28.0, 518.0)	(29.0, 658.0)	(30.0, 858.0)	(31.0, 925.0)	(32.0, 1200.0)	(33.0, 1581.0)	(34.0, 2412.0)	(35.0, 4303.0)	(36.0, 10993.0)	(37.0, 18636.0)	(38.0, 24502.0)	(39.0, 172773.0)	(40.0, 2954.0)													
082024-BEL-CBC-T3-1563-SSID_S8_R1_16S	(16.0, 2.0)	(17.0, 39.0)	(18.0, 219.0)	(19.0, 474.0)	(20.0, 680.0)	(21.0, 940.0)	(22.0, 686.0)	(23.0, 742.0)	(24.0, 894.0)	(25.0, 1186.0)	(26.0, 1311.0)	(27.0, 1404.0)	(28.0, 1436.0)	(29.0, 1686.0)	(30.0, 2029.0)	(31.0, 2355.0)	(32.0, 2903.0)	(33.0, 3646.0)	(34.0, 5017.0)	(35.0, 7158.0)	(36.0, 12559.0)	(37.0, 26557.0)	(38.0, 51221.0)	(39.0, 700040.0)	(40.0, 56598.0)													
082024-BEL-CBC-T4-1605-MCAV_S42_R1_16S	(16.0, 3.0)	(17.0, 16.0)	(18.0, 70.0)	(19.0, 125.0)	(20.0, 215.0)	(21.0, 347.0)	(22.0, 330.0)	(23.0, 301.0)	(24.0, 360.0)	(25.0, 446.0)	(26.0, 585.0)	(27.0, 611.0)	(28.0, 799.0)	(29.0, 1227.0)	(30.0, 1605.0)	(31.0, 1805.0)	(32.0, 2130.0)	(33.0, 2600.0)	(34.0, 3367.0)	(35.0, 4655.0)	(36.0, 6929.0)	(37.0, 12934.0)	(38.0, 46137.0)	(39.0, 316053.0)	(40.0, 763.0)													
082024-BEL-CBC-T4-1610-MCAV_S72_R1_16S	(15.0, 1.0)	(16.0, 9.0)	(17.0, 78.0)	(18.0, 271.0)	(19.0, 451.0)	(20.0, 635.0)	(21.0, 899.0)	(22.0, 902.0)	(23.0, 725.0)	(24.0, 876.0)	(25.0, 1137.0)	(26.0, 1414.0)	(27.0, 1593.0)	(28.0, 1943.0)	(29.0, 3313.0)	(30.0, 5006.0)	(31.0, 4927.0)	(32.0, 6149.0)	(33.0, 6510.0)	(34.0, 8150.0)	(35.0, 10480.0)	(36.0, 16161.0)	(37.0, 25266.0)	(38.0, 61889.0)	(39.0, 1168752.0)	(40.0, 83120.0)												
092023-BEL-CBC-T1-172-PAST_S83_R1_16S	(15.0, 1.0)	(16.0, 34.0)	(17.0, 162.0)	(18.0, 692.0)	(19.0, 1192.0)	(20.0, 1669.0)	(21.0, 2143.0)	(22.0, 2684.0)	(23.0, 2192.0)	(24.0, 2343.0)	(25.0, 2367.0)	(26.0, 2636.0)	(27.0, 2945.0)	(28.0, 3527.0)	(29.0, 4260.0)	(30.0, 5622.0)	(31.0, 7329.0)	(32.0, 10236.0)	(33.0, 14935.0)	(34.0, 23549.0)	(35.0, 38858.0)	(36.0, 70222.0)	(37.0, 146157.0)	(38.0, 417705.0)	(39.0, 682857.0)	(40.0, 3195.0)												
092023-BEL-CBC-T1-178-OANN_S87_R1_16S	(15.0, 2.0)	(16.0, 18.0)	(17.0, 128.0)	(18.0, 560.0)	(19.0, 986.0)	(20.0, 1148.0)	(21.0, 912.0)	(22.0, 903.0)	(23.0, 952.0)	(24.0, 1288.0)	(25.0, 1554.0)	(26.0, 1558.0)	(27.0, 1800.0)	(28.0, 2041.0)	(29.0, 2470.0)	(30.0, 3042.0)	(31.0, 4687.0)	(32.0, 7356.0)	(33.0, 6140.0)	(34.0, 7561.0)	(35.0, 10691.0)	(36.0, 15962.0)	(37.0, 25317.0)	(38.0, 59774.0)	(39.0, 944005.0)	(40.0, 77262.0)												
092023-BEL-CBC-T2-171-OFAV_S66_R1_16S	(16.0, 13.0)	(17.0, 76.0)	(18.0, 335.0)	(19.0, 460.0)	(20.0, 495.0)	(21.0, 570.0)	(22.0, 552.0)	(23.0, 616.0)	(24.0, 740.0)	(25.0, 755.0)	(26.0, 958.0)	(27.0, 1061.0)	(28.0, 1247.0)	(29.0, 2094.0)	(30.0, 2800.0)	(31.0, 2841.0)	(32.0, 3404.0)	(33.0, 3880.0)	(34.0, 4912.0)	(35.0, 6687.0)	(36.0, 10665.0)	(37.0, 18465.0)	(38.0, 45292.0)	(39.0, 632570.0)	(40.0, 42484.0)													
092023-BEL-CBC-T2-172-OFAV_S71_R1_16S	(16.0, 12.0)	(17.0, 85.0)	(18.0, 355.0)	(19.0, 629.0)	(20.0, 665.0)	(21.0, 598.0)	(22.0, 667.0)	(23.0, 719.0)	(24.0, 999.0)	(25.0, 1062.0)	(26.0, 1160.0)	(27.0, 1340.0)	(28.0, 1496.0)	(29.0, 1901.0)	(30.0, 2439.0)	(31.0, 4787.0)	(32.0, 8747.0)	(33.0, 5449.0)	(34.0, 5750.0)	(35.0, 8021.0)	(36.0, 11976.0)	(37.0, 19945.0)	(38.0, 46755.0)	(39.0, 675691.0)	(40.0, 67426.0)													
092023-BEL-CBC-T2-176-MCAV_S51_R1_16S	(15.0, 2.0)	(16.0, 11.0)	(17.0, 57.0)	(18.0, 165.0)	(19.0, 287.0)	(20.0, 460.0)	(21.0, 650.0)	(22.0, 591.0)	(23.0, 634.0)	(24.0, 786.0)	(25.0, 872.0)	(26.0, 1024.0)	(27.0, 1201.0)	(28.0, 1545.0)	(29.0, 2472.0)	(30.0, 3292.0)	(31.0, 3574.0)	(32.0, 4372.0)	(33.0, 5170.0)	(34.0, 6776.0)	(35.0, 9226.0)	(36.0, 15226.0)	(37.0, 29442.0)	(38.0, 102898.0)	(39.0, 595132.0)	(40.0, 6354.0)												
092023-BEL-CBC-T2-182-PAST_S32_R1_16S	(16.0, 3.0)	(17.0, 37.0)	(18.0, 182.0)	(19.0, 487.0)	(20.0, 807.0)	(21.0, 917.0)	(22.0, 738.0)	(23.0, 682.0)	(24.0, 841.0)	(25.0, 916.0)	(26.0, 1195.0)	(27.0, 1367.0)	(28.0, 1431.0)	(29.0, 1677.0)	(30.0, 1981.0)	(31.0, 2320.0)	(32.0, 2947.0)	(33.0, 3829.0)	(34.0, 5318.0)	(35.0, 7947.0)	(36.0, 14810.0)	(37.0, 32725.0)	(38.0, 70956.0)	(39.0, 556825.0)	(40.0, 25382.0)													
092023-BEL-CBC-T3-176-MCAV_S34_R1_16S	(15.0, 1.0)	(16.0, 9.0)	(17.0, 48.0)	(18.0, 176.0)	(19.0, 294.0)	(20.0, 431.0)	(21.0, 619.0)	(22.0, 477.0)	(23.0, 468.0)	(24.0, 590.0)	(25.0, 687.0)	(26.0, 766.0)	(27.0, 872.0)	(28.0, 1058.0)	(29.0, 1581.0)	(30.0, 2111.0)	(31.0, 2269.0)	(32.0, 2739.0)	(33.0, 2989.0)	(34.0, 4006.0)	(35.0, 5219.0)	(36.0, 7610.0)	(37.0, 12240.0)	(38.0, 32700.0)	(39.0, 454228.0)	(40.0, 17877.0)												
092023-BEL-CBC-T3-181-PAST_S37_R1_16S	(15.0, 2.0)	(16.0, 7.0)	(17.0, 57.0)	(18.0, 234.0)	(19.0, 524.0)	(20.0, 810.0)	(21.0, 884.0)	(22.0, 782.0)	(23.0, 729.0)	(24.0, 1064.0)	(25.0, 1352.0)	(26.0, 1281.0)	(27.0, 1386.0)	(28.0, 1508.0)	(29.0, 1792.0)	(30.0, 2175.0)	(31.0, 2591.0)	(32.0, 3097.0)	(33.0, 3833.0)	(34.0, 4877.0)	(35.0, 6683.0)	(36.0, 10537.0)	(37.0, 15642.0)	(38.0, 38799.0)	(39.0, 646424.0)	(40.0, 48856.0)												
092023-BEL-CBC-T4-93-PSTR_S6_R1_16S	(16.0, 1.0)	(17.0, 2.0)	(18.0, 19.0)	(19.0, 39.0)	(20.0, 54.0)	(21.0, 80.0)	(22.0, 45.0)	(23.0, 46.0)	(24.0, 55.0)	(25.0, 57.0)	(26.0, 59.0)	(27.0, 64.0)	(28.0, 95.0)	(29.0, 115.0)	(30.0, 170.0)	(31.0, 191.0)	(32.0, 229.0)	(33.0, 295.0)	(34.0, 404.0)	(35.0, 586.0)	(36.0, 1177.0)	(37.0, 2830.0)	(38.0, 3538.0)	(39.0, 19741.0)	(40.0, 1155.0)													
102019-BEL-CBC-T3-35-PSTR_S21_R1_16S	(16.0, 3.0)	(17.0, 31.0)	(18.0, 93.0)	(19.0, 278.0)	(20.0, 528.0)	(21.0, 1034.0)	(22.0, 871.0)	(23.0, 737.0)	(24.0, 888.0)	(25.0, 1034.0)	(26.0, 1311.0)	(27.0, 1429.0)	(28.0, 1885.0)	(29.0, 3894.0)	(30.0, 4464.0)	(31.0, 5282.0)	(32.0, 5172.0)	(33.0, 5895.0)	(34.0, 7484.0)	(35.0, 10579.0)	(36.0, 19473.0)	(37.0, 34043.0)	(38.0, 61122.0)	(39.0, 1032834.0)	(40.0, 5891.0)													
112023-BEL-CBC-T1-273-PAST_S29_R1_16S	(15.0, 1.0)	(16.0, 8.0)	(17.0, 37.0)	(18.0, 158.0)	(19.0, 464.0)	(20.0, 1061.0)	(21.0, 1427.0)	(22.0, 931.0)	(23.0, 961.0)	(24.0, 1120.0)	(25.0, 1248.0)	(26.0, 1692.0)	(27.0, 1839.0)	(28.0, 2016.0)	(29.0, 2097.0)	(30.0, 2593.0)	(31.0, 2998.0)	(32.0, 3810.0)	(33.0, 4728.0)	(34.0, 6363.0)	(35.0, 9256.0)	(36.0, 15080.0)	(37.0, 29007.0)	(38.0, 65203.0)	(39.0, 820025.0)	(40.0, 11874.0)												
112023-BEL-CBC-T1-277-OFAV-OANN_S23_R1_16S	(16.0, 1.0)	(17.0, 13.0)	(18.0, 34.0)	(19.0, 87.0)	(20.0, 123.0)	(21.0, 254.0)	(22.0, 224.0)	(23.0, 202.0)	(24.0, 221.0)	(25.0, 230.0)	(26.0, 315.0)	(27.0, 358.0)	(28.0, 441.0)	(29.0, 842.0)	(30.0, 1030.0)	(31.0, 1412.0)	(32.0, 1896.0)	(33.0, 1791.0)	(34.0, 2092.0)	(35.0, 2691.0)	(36.0, 3969.0)	(37.0, 6156.0)	(38.0, 13961.0)	(39.0, 237399.0)	(40.0, 4346.0)													
112023-BEL-CBC-T1-278-PSTR_S14_R1_16S	(17.0, 9.0)	(18.0, 22.0)	(19.0, 77.0)	(20.0, 110.0)	(21.0, 139.0)	(22.0, 134.0)	(23.0, 145.0)	(24.0, 156.0)	(25.0, 162.0)	(26.0, 201.0)	(27.0, 240.0)	(28.0, 269.0)	(29.0, 587.0)	(30.0, 618.0)	(31.0, 738.0)	(32.0, 796.0)	(33.0, 865.0)	(34.0, 1208.0)	(35.0, 1596.0)	(36.0, 2519.0)	(37.0, 4963.0)	(38.0, 12089.0)	(39.0, 143973.0)	(40.0, 5300.0)														
112023-BEL-CBC-T2-311-MCAV_S79_R1_16S	(16.0, 2.0)	(17.0, 19.0)	(18.0, 73.0)	(19.0, 104.0)	(20.0, 138.0)	(21.0, 191.0)	(22.0, 208.0)	(23.0, 203.0)	(24.0, 216.0)	(25.0, 268.0)	(26.0, 350.0)	(27.0, 344.0)	(28.0, 451.0)	(29.0, 709.0)	(30.0, 1005.0)	(31.0, 1114.0)	(32.0, 1386.0)	(33.0, 1500.0)	(34.0, 1879.0)	(35.0, 2483.0)	(36.0, 3971.0)	(37.0, 5955.0)	(38.0, 15220.0)	(39.0, 258771.0)	(40.0, 17343.0)													
112023-BEL-CBC-T2-312-OFAV_S74_R1_16S	(15.0, 1.0)	(16.0, 4.0)	(17.0, 69.0)	(18.0, 237.0)	(19.0, 416.0)	(20.0, 462.0)	(21.0, 528.0)	(22.0, 500.0)	(23.0, 510.0)	(24.0, 582.0)	(25.0, 690.0)	(26.0, 848.0)	(27.0, 994.0)	(28.0, 1154.0)	(29.0, 1706.0)	(30.0, 2291.0)	(31.0, 2625.0)	(32.0, 3114.0)	(33.0, 3633.0)	(34.0, 4975.0)	(35.0, 7049.0)	(36.0, 10821.0)	(37.0, 17990.0)	(38.0, 44052.0)	(39.0, 516723.0)	(40.0, 36972.0)												
112023-BEL-CBC-T3-348-SSID_S85_R1_16S	(16.0, 10.0)	(17.0, 106.0)	(18.0, 451.0)	(19.0, 874.0)	(20.0, 1185.0)	(21.0, 1724.0)	(22.0, 2180.0)	(23.0, 2440.0)	(24.0, 1899.0)	(25.0, 2506.0)	(26.0, 2028.0)	(27.0, 1973.0)	(28.0, 2165.0)	(29.0, 2682.0)	(30.0, 2986.0)	(31.0, 3580.0)	(32.0, 4625.0)	(33.0, 5806.0)	(34.0, 7550.0)	(35.0, 10499.0)	(36.0, 16691.0)	(37.0, 29325.0)	(38.0, 65744.0)	(39.0, 1021673.0)	(40.0, 70467.0)													
112023-BEL-CBC-T3-350-OFAV_S93_R1_16S	(15.0, 1.0)	(16.0, 8.0)	(17.0, 63.0)	(18.0, 195.0)	(19.0, 377.0)	(20.0, 555.0)	(21.0, 819.0)	(22.0, 846.0)	(23.0, 733.0)	(24.0, 900.0)	(25.0, 1053.0)	(26.0, 1403.0)	(27.0, 1563.0)	(28.0, 1860.0)	(29.0, 3261.0)	(30.0, 4895.0)	(31.0, 4900.0)	(32.0, 6152.0)	(33.0, 6317.0)	(34.0, 7883.0)	(35.0, 10452.0)	(36.0, 14781.0)	(37.0, 24692.0)	(38.0, 65743.0)	(39.0, 1163950.0)	(40.0, 59673.0)												
112023-BEL-CBC-T3-356-MCAV_S49_R1_16S	(15.0, 1.0)	(16.0, 11.0)	(17.0, 46.0)	(18.0, 130.0)	(19.0, 276.0)	(20.0, 501.0)	(21.0, 753.0)	(22.0, 730.0)	(23.0, 641.0)	(24.0, 864.0)	(25.0, 918.0)	(26.0, 1217.0)	(27.0, 1263.0)	(28.0, 1727.0)	(29.0, 2689.0)	(30.0, 3468.0)	(31.0, 3919.0)	(32.0, 4904.0)	(33.0, 5631.0)	(34.0, 7581.0)	(35.0, 10241.0)	(36.0, 16060.0)	(37.0, 30875.0)	(38.0, 105471.0)	(39.0, 675324.0)	(40.0, 7378.0)												
112023-BEL-CBC-T3-358-SSID_S46_R1_16S	(16.0, 14.0)	(17.0, 75.0)	(18.0, 296.0)	(19.0, 407.0)	(20.0, 587.0)	(21.0, 699.0)	(22.0, 677.0)	(23.0, 775.0)	(24.0, 1083.0)	(25.0, 1243.0)	(26.0, 1262.0)	(27.0, 1397.0)	(28.0, 1537.0)	(29.0, 1935.0)	(30.0, 2741.0)	(31.0, 3562.0)	(32.0, 3657.0)	(33.0, 4368.0)	(34.0, 5624.0)	(35.0, 8986.0)	(36.0, 13130.0)	(37.0, 17740.0)	(38.0, 42272.0)	(39.0, 696334.0)	(40.0, 77660.0)													
112023-BEL-CBC-T4-400-OFAV_S88_R1_16S	(16.0, 11.0)	(17.0, 69.0)	(18.0, 296.0)	(19.0, 534.0)	(20.0, 708.0)	(21.0, 1054.0)	(22.0, 726.0)	(23.0, 629.0)	(24.0, 736.0)	(25.0, 851.0)	(26.0, 1127.0)	(27.0, 1237.0)	(28.0, 1478.0)	(29.0, 2595.0)	(30.0, 4129.0)	(31.0, 3762.0)	(32.0, 4502.0)	(33.0, 4890.0)	(34.0, 5954.0)	(35.0, 7699.0)	(36.0, 10921.0)	(37.0, 17824.0)	(38.0, 47348.0)	(39.0, 783742.0)	(40.0, 60060.0)													
122022-BEL-CBC-T1-123-OANN_S30_R1_16S	(16.0, 11.0)	(17.0, 46.0)	(18.0, 139.0)	(19.0, 344.0)	(20.0, 562.0)	(21.0, 900.0)	(22.0, 821.0)	(23.0, 749.0)	(24.0, 909.0)	(25.0, 998.0)	(26.0, 1339.0)	(27.0, 1394.0)	(28.0, 1788.0)	(29.0, 3387.0)	(30.0, 4236.0)	(31.0, 5514.0)	(32.0, 7921.0)	(33.0, 7414.0)	(34.0, 8316.0)	(35.0, 10833.0)	(36.0, 16898.0)	(37.0, 33596.0)	(38.0, 70055.0)	(39.0, 1053932.0)	(40.0, 29167.0)													
122022-BEL-CBC-T1-151-MCAV_S62_R1_16S	(16.0, 2.0)	(17.0, 13.0)	(18.0, 59.0)	(19.0, 107.0)	(20.0, 109.0)	(21.0, 126.0)	(22.0, 120.0)	(23.0, 138.0)	(24.0, 204.0)	(25.0, 262.0)	(26.0, 242.0)	(27.0, 256.0)	(28.0, 299.0)	(29.0, 354.0)	(30.0, 605.0)	(31.0, 708.0)	(32.0, 837.0)	(33.0, 1043.0)	(34.0, 1247.0)	(35.0, 1970.0)	(36.0, 3682.0)	(37.0, 4150.0)	(38.0, 8053.0)	(39.0, 126142.0)	(40.0, 8326.0)													
122022-BEL-CBC-T2-100-PAST_S15_R1_16S	(15.0, 2.0)	(16.0, 6.0)	(17.0, 34.0)	(18.0, 135.0)	(19.0, 321.0)	(20.0, 651.0)	(21.0, 810.0)	(22.0, 613.0)	(23.0, 630.0)	(24.0, 753.0)	(25.0, 859.0)	(26.0, 1112.0)	(27.0, 1246.0)	(28.0, 1363.0)	(29.0, 1558.0)	(30.0, 1729.0)	(31.0, 2359.0)	(32.0, 3060.0)	(33.0, 3358.0)	(34.0, 4469.0)	(35.0, 6538.0)	(36.0, 10966.0)	(37.0, 21728.0)	(38.0, 49962.0)	(39.0, 527554.0)	(40.0, 24276.0)												
122022-BEL-CBC-T2-83-PAST_S75_R1_16S	(16.0, 10.0)	(17.0, 48.0)	(18.0, 183.0)	(19.0, 313.0)	(20.0, 541.0)	(21.0, 669.0)	(22.0, 928.0)	(23.0, 720.0)	(24.0, 734.0)	(25.0, 751.0)	(26.0, 805.0)	(27.0, 909.0)	(28.0, 1065.0)	(29.0, 1265.0)	(30.0, 1694.0)	(31.0, 2120.0)	(32.0, 2874.0)	(33.0, 3977.0)	(34.0, 5913.0)	(35.0, 9739.0)	(36.0, 18395.0)	(37.0, 42384.0)	(38.0, 133999.0)	(39.0, 247763.0)	(40.0, 1409.0)													
122022-BEL-CBC-T2-88-MCAV_S89_R1_16S	(16.0, 3.0)	(17.0, 29.0)	(18.0, 104.0)	(19.0, 192.0)	(20.0, 265.0)	(21.0, 335.0)	(22.0, 383.0)	(23.0, 369.0)	(24.0, 465.0)	(25.0, 578.0)	(26.0, 605.0)	(27.0, 737.0)	(28.0, 844.0)	(29.0, 1436.0)	(30.0, 1866.0)	(31.0, 2116.0)	(32.0, 2755.0)	(33.0, 3235.0)	(34.0, 4260.0)	(35.0, 5951.0)	(36.0, 10082.0)	(37.0, 21780.0)	(38.0, 72201.0)	(39.0, 391161.0)	(40.0, 3428.0)													
122022-BEL-CBC-T2-90-SSID_S64_R1_16S	(16.0, 6.0)	(17.0, 55.0)	(18.0, 272.0)	(19.0, 479.0)	(20.0, 852.0)	(21.0, 1304.0)	(22.0, 1814.0)	(23.0, 2071.0)	(24.0, 1660.0)	(25.0, 1998.0)	(26.0, 1744.0)	(27.0, 1607.0)	(28.0, 1848.0)	(29.0, 2087.0)	(30.0, 2605.0)	(31.0, 3037.0)	(32.0, 3748.0)	(33.0, 4642.0)	(34.0, 6625.0)	(35.0, 14715.0)	(36.0, 35817.0)	(37.0, 30256.0)	(38.0, 45124.0)	(39.0, 741838.0)	(40.0, 61652.0)													
122022-BEL-CBC-T2-93-OFAV_S9_R1_16S	(16.0, 1.0)	(17.0, 11.0)	(18.0, 43.0)	(19.0, 109.0)	(20.0, 185.0)	(21.0, 313.0)	(22.0, 278.0)	(23.0, 228.0)	(24.0, 308.0)	(25.0, 335.0)	(26.0, 419.0)	(27.0, 460.0)	(28.0, 610.0)	(29.0, 1076.0)	(30.0, 1346.0)	(31.0, 1708.0)	(32.0, 2416.0)	(33.0, 2364.0)	(34.0, 2772.0)	(35.0, 3632.0)	(36.0, 5744.0)	(37.0, 11958.0)	(38.0, 29856.0)	(39.0, 286935.0)	(40.0, 8820.0)													
122022-BEL-CBC-T2-94-PAST_S16_R1_16S	(16.0, 6.0)	(17.0, 44.0)	(18.0, 290.0)	(19.0, 580.0)	(20.0, 727.0)	(21.0, 724.0)	(22.0, 628.0)	(23.0, 665.0)	(24.0, 749.0)	(25.0, 885.0)	(26.0, 1110.0)	(27.0, 1232.0)	(28.0, 1318.0)	(29.0, 1543.0)	(30.0, 1845.0)	(31.0, 2268.0)	(32.0, 2762.0)	(33.0, 3543.0)	(34.0, 4708.0)	(35.0, 6996.0)	(36.0, 12949.0)	(37.0, 23670.0)	(38.0, 53942.0)	(39.0, 596503.0)	(40.0, 56538.0)													
122022-BEL-CBC-T4-34-PSTR_S25_R1_16S	(16.0, 1.0)	(17.0, 3.0)	(18.0, 7.0)	(19.0, 22.0)	(20.0, 27.0)	(21.0, 33.0)	(22.0, 58.0)	(23.0, 53.0)	(24.0, 60.0)	(25.0, 79.0)	(26.0, 80.0)	(27.0, 118.0)	(28.0, 127.0)	(29.0, 167.0)	(30.0, 195.0)	(31.0, 243.0)	(32.0, 287.0)	(33.0, 424.0)	(34.0, 652.0)	(35.0, 1192.0)	(36.0, 3569.0)	(37.0, 11051.0)	(38.0, 8622.0)	(39.0, 15224.0)	(40.0, 347.0)													
122023-BEL-CBC-T1-509-MCAV_S26_R1_16S	(16.0, 1.0)	(17.0, 5.0)	(18.0, 23.0)	(19.0, 65.0)	(20.0, 154.0)	(21.0, 207.0)	(22.0, 165.0)	(23.0, 146.0)	(24.0, 190.0)	(25.0, 238.0)	(26.0, 312.0)	(27.0, 394.0)	(28.0, 548.0)	(29.0, 798.0)	(30.0, 1054.0)	(31.0, 1297.0)	(32.0, 1821.0)	(33.0, 2519.0)	(34.0, 4240.0)	(35.0, 7479.0)	(36.0, 14773.0)	(37.0, 32248.0)	(38.0, 67581.0)	(39.0, 48905.0)	(40.0, 47.0)													
122023-BEL-CBC-T2-514-SSID_S81_R1_16S	(16.0, 6.0)	(17.0, 61.0)	(18.0, 206.0)	(19.0, 420.0)	(20.0, 786.0)	(21.0, 1178.0)	(22.0, 1855.0)	(23.0, 1400.0)	(24.0, 1344.0)	(25.0, 1455.0)	(26.0, 1192.0)	(27.0, 1256.0)	(28.0, 1341.0)	(29.0, 1579.0)	(30.0, 1937.0)	(31.0, 2374.0)	(32.0, 2917.0)	(33.0, 3685.0)	(34.0, 5144.0)	(35.0, 7470.0)	(36.0, 13314.0)	(37.0, 27111.0)	(38.0, 70043.0)	(39.0, 523160.0)	(40.0, 8455.0)													
122023-BEL-CBC-T2-516-MCAV_S20_R1_16S	(15.0, 1.0)	(16.0, 6.0)	(17.0, 26.0)	(18.0, 71.0)	(19.0, 192.0)	(20.0, 378.0)	(21.0, 645.0)	(22.0, 583.0)	(23.0, 531.0)	(24.0, 583.0)	(25.0, 775.0)	(26.0, 903.0)	(27.0, 1033.0)	(28.0, 1375.0)	(29.0, 2779.0)	(30.0, 3074.0)	(31.0, 3497.0)	(32.0, 4001.0)	(33.0, 4288.0)	(34.0, 5433.0)	(35.0, 7204.0)	(36.0, 11463.0)	(37.0, 18510.0)	(38.0, 43304.0)	(39.0, 749892.0)	(40.0, 3706.0)												
122023-BEL-CBC-T2-520-PAST_S2_R1_16S	(16.0, 8.0)	(17.0, 39.0)	(18.0, 180.0)	(19.0, 523.0)	(20.0, 1055.0)	(21.0, 1302.0)	(22.0, 969.0)	(23.0, 987.0)	(24.0, 1206.0)	(25.0, 1340.0)	(26.0, 1860.0)	(27.0, 2054.0)	(28.0, 2209.0)	(29.0, 2489.0)	(30.0, 2928.0)	(31.0, 3776.0)	(32.0, 4472.0)	(33.0, 5692.0)	(34.0, 8154.0)	(35.0, 12609.0)	(36.0, 23678.0)	(37.0, 52913.0)	(38.0, 95202.0)	(39.0, 816564.0)	(40.0, 21036.0)													
122023-BEL-CBC-T2-521-OFAV_S90_R1_16S	(16.0, 5.0)	(17.0, 40.0)	(18.0, 123.0)	(19.0, 208.0)	(20.0, 329.0)	(21.0, 561.0)	(22.0, 525.0)	(23.0, 484.0)	(24.0, 599.0)	(25.0, 675.0)	(26.0, 873.0)	(27.0, 1008.0)	(28.0, 1190.0)	(29.0, 2185.0)	(30.0, 3145.0)	(31.0, 3167.0)	(32.0, 4046.0)	(33.0, 4341.0)	(34.0, 5268.0)	(35.0, 6863.0)	(36.0, 9931.0)	(37.0, 16444.0)	(38.0, 45749.0)	(39.0, 685670.0)	(40.0, 23527.0)													
122023-BEL-CBC-T3-527-OFAV_S78_R1_16S	(16.0, 18.0)	(17.0, 57.0)	(18.0, 241.0)	(19.0, 420.0)	(20.0, 493.0)	(21.0, 644.0)	(22.0, 596.0)	(23.0, 636.0)	(24.0, 847.0)	(25.0, 993.0)	(26.0, 1118.0)	(27.0, 1255.0)	(28.0, 1470.0)	(29.0, 2372.0)	(30.0, 3149.0)	(31.0, 3397.0)	(32.0, 4369.0)	(33.0, 4724.0)	(34.0, 5836.0)	(35.0, 7802.0)	(36.0, 11368.0)	(37.0, 19516.0)	(38.0, 51375.0)	(39.0, 818554.0)	(40.0, 72297.0)													
122023-BEL-CBC-T3-534-SSID_S27_R1_16S	(16.0, 1.0)	(17.0, 9.0)	(18.0, 21.0)	(19.0, 67.0)	(20.0, 97.0)	(21.0, 112.0)	(22.0, 82.0)	(23.0, 90.0)	(24.0, 117.0)	(25.0, 146.0)	(26.0, 180.0)	(27.0, 179.0)	(28.0, 204.0)	(29.0, 275.0)	(30.0, 344.0)	(31.0, 388.0)	(32.0, 543.0)	(33.0, 671.0)	(34.0, 917.0)	(35.0, 1446.0)	(36.0, 2851.0)	(37.0, 6499.0)	(38.0, 11214.0)	(39.0, 81291.0)	(40.0, 2193.0)													
122023-BEL-CBC-T4-536-PSTR_S50_R1_16S	(16.0, 9.0)	(17.0, 71.0)	(18.0, 268.0)	(19.0, 535.0)	(20.0, 659.0)	(21.0, 1107.0)	(22.0, 990.0)	(23.0, 949.0)	(24.0, 1070.0)	(25.0, 1336.0)	(26.0, 1573.0)	(27.0, 1762.0)	(28.0, 2197.0)	(29.0, 3440.0)	(30.0, 4685.0)	(31.0, 5268.0)	(32.0, 6293.0)	(33.0, 6862.0)	(34.0, 8864.0)	(35.0, 11749.0)	(36.0, 17002.0)	(37.0, 28945.0)	(38.0, 75549.0)	(39.0, 954419.0)	(40.0, 34093.0)													
Negative_S96_R1_16S	(17.0, 3.0)	(18.0, 15.0)	(19.0, 19.0)	(20.0, 26.0)	(21.0, 27.0)	(22.0, 35.0)	(23.0, 30.0)	(24.0, 41.0)	(25.0, 32.0)	(26.0, 48.0)	(27.0, 50.0)	(28.0, 66.0)	(29.0, 104.0)	(30.0, 138.0)	(31.0, 138.0)	(32.0, 150.0)	(33.0, 189.0)	(34.0, 241.0)	(35.0, 268.0)	(36.0, 450.0)	(37.0, 792.0)	(38.0, 2880.0)	(39.0, 13685.0)	(40.0, 616.0)														
Undetermined_S0_R1_16S	(3.0, 3.0)	(4.0, 25.0)	(5.0, 402.0)	(6.0, 2371.0)	(7.0, 4327.0)	(8.0, 3411.0)	(9.0, 3927.0)	(10.0, 3383.0)	(11.0, 2985.0)	(12.0, 3168.0)	(13.0, 2339.0)	(14.0, 1994.0)	(15.0, 1715.0)	(16.0, 3456.0)	(17.0, 10857.0)	(18.0, 32650.0)	(19.0, 54139.0)	(20.0, 57042.0)	(21.0, 68786.0)	(22.0, 22440.0)	(23.0, 13718.0)	(24.0, 14990.0)	(25.0, 15074.0)	(26.0, 14214.0)	(27.0, 14309.0)	(28.0, 17083.0)	(29.0, 38604.0)	(30.0, 53374.0)	(31.0, 27320.0)	(32.0, 26481.0)	(33.0, 28635.0)	(34.0, 33962.0)	(35.0, 44550.0)	(36.0, 62352.0)	(37.0, 107382.0)	(38.0, 323290.0)	(39.0, 1992965.0)	(40.0, 36874.0)
