Sample	0	1	2	3	4	5	6	7	8	9	10	11	12	13	14	15
012024-BEL-CBC-T1-561-OANN_S95_R1_16S	(1.0, 17.04825642831983)	(2.0, 1.620288834096513)	(3.0, 1.1623811201127159)	(4.0, 0.8453680873547023)	(5.0, 1.8492426910884114)	(6.0, 1.585065163790067)	(7.0, 2.095808383233533)	(8.0, 3.6632617118703767)	(9.0, 3.170130327580134)	('>10', 61.394857344135254)	('>50', 1.3737231419513913)	('>100', 4.191616766467066)	('>500', 0.0)	('>1k', 0.0)	('>5k', 0.0)	('>10k+', 0.0)
012024-BEL-CBC-T2-587-SSID_S63_R1_16S	(1.0, 1.8730891238381682)	(2.0, 0.9385216052571496)	(3.0, 0.7052304913654227)	(4.0, 0.5561231583203551)	(5.0, 0.44260260536046603)	(6.0, 0.35204126535875685)	(7.0, 0.2785717838925815)	(8.0, 0.2581635945964217)	(9.0, 0.23992377541297882)	('>10', 3.5038309997844386)	('>50', 2.3637785252277106)	('>100', 8.439806683426893)	('>500', 3.2765347914984586)	('>1k', 10.942488447051591)	('>5k', 18.01035460504414)	('>10k+', 47.818938544564475)
012024-BEL-CBC-T2-589-SSID_S52_R1_16S	(1.0, 3.5184963864425316)	(2.0, 2.0102946206691916)	(3.0, 1.4910303275074077)	(4.0, 1.190186729088279)	(5.0, 0.9320656690747892)	(6.0, 0.7755995235956168)	(7.0, 0.6942755919681628)	(8.0, 0.637403788431396)	(9.0, 0.6082810291323754)	('>10', 9.684416438973395)	('>50', 4.947434793180329)	('>100', 14.622235226724802)	('>500', 4.35234142863619)	('>1k', 30.217060716831995)	('>5k', 18.159002023482284)	('>10k+', 6.159875706261256)
012024-BEL-CBC-T2-603-MCAV_S39_R1_16S	(1.0, 1.6329989256586015)	(2.0, 0.7355960072833285)	(3.0, 0.49268388639217997)	(4.0, 0.3671927408819687)	(5.0, 0.2824559545245913)	(6.0, 0.20942091485466127)	(7.0, 0.16947357271475477)	(8.0, 0.1331578071330216)	(9.0, 0.14163148576875936)	('>10', 2.1787441806507584)	('>50', 1.1819772925587988)	('>100', 8.868915217818936)	('>500', 8.872950302883572)	('>1k', 25.476619203978597)	('>5k', 18.331996711405672)	('>10k+', 30.9241857954918)
012024-BEL-CBC-T3-629-OFAV_S35_R1_16S	(1.0, 3.037299360713793)	(2.0, 1.2951294669548818)	(3.0, 0.855447730304006)	(4.0, 0.6015729200202364)	(5.0, 0.44612059053488484)	(6.0, 0.2980269512026859)	(7.0, 0.2833095708963805)	(8.0, 0.26123350043692223)	(9.0, 0.1614312652347882)	('>10', 2.9733707400082783)	('>50', 1.6069539621947293)	('>100', 10.599273329347376)	('>500', 2.245320332980729)	('>1k', 55.8966104033482)	('>5k', 19.438899875822106)	('>10k+', 0.0)
012024-BEL-CBC-T3-635-OFAV_S82_R1_16S	(1.0, 1.7244568315702793)	(2.0, 0.8439011000612319)	(3.0, 0.6073351491733705)	(4.0, 0.45235531344355057)	(5.0, 0.33487468592301683)	(6.0, 0.2700956483182365)	(7.0, 0.22997825214839213)	(8.0, 0.19999577711619265)	(9.0, 0.18014822322163807)	('>10', 1.7228521357234856)	('>50', 0.9760773632313507)	('>100', 0.7484639260150757)	('>500', 0.0)	('>1k', 50.710077912206245)	('>5k', 37.16838749181816)	('>10k+', 3.8310001900297714)
012024-BEL-CBC-T3-639-OFAV_S1_R1_16S	(1.0, 1.4898526165421695)	(2.0, 0.851669464717426)	(3.0, 0.5868904173618028)	(4.0, 0.42399659682335167)	(5.0, 0.34049272535979314)	(6.0, 0.27256924081501177)	(7.0, 0.19422965490318278)	(8.0, 0.17506052717727152)	(9.0, 0.15204006785346033)	('>10', 2.1115800788122496)	('>50', 0.30819405809558653)	('>100', 0.15011440205451035)	('>500', 0.29576476066600027)	('>1k', 47.57637453149427)	('>5k', 40.92705052771996)	('>10k+', 4.14412032960396)
012024-BEL-CBC-T4-667-OFAV_S24_R1_16S	(1.0, 0.3514783922454883)	(2.0, 0.12794357918498267)	(3.0, 0.08559236987211401)	(4.0, 0.0682644956044261)	(5.0, 0.05444407624892878)	(6.0, 0.04742916642454758)	(7.0, 0.04910436877066846)	(8.0, 0.043974061585673255)	(9.0, 0.03486514882864094)	('>10', 0.7990715190996626)	('>50', 0.5885195242215937)	('>100', 1.5070539106290017)	('>500', 0.2549972071235886)	('>1k', 1.540034456818257)	('>5k', 0.3748788750178645)	('>10k+', 94.07234884832457)
022024-BEL-CBC-T1-774-MCAV_S80_R1_16S	(1.0, 1.9281989939527788)	(2.0, 0.9173810191493397)	(3.0, 0.5721413585942801)	(4.0, 0.37328238323580437)	(5.0, 0.24144667868276)	(6.0, 0.1808231993604863)	(7.0, 0.15720215079537772)	(8.0, 0.10984369382001226)	(9.0, 0.09529871317647251)	('>10', 1.0727214124223443)	('>50', 1.1518461071232007)	('>100', 6.205354181914655)	('>500', 0.8784004710246531)	('>1k', 68.91400192924624)	('>5k', 17.202057707501602)	('>10k+', 0.0)
022024-BEL-CBC-T2-807-SSID_S31_R1_16S	(1.0, 1.1226194919954928)	(2.0, 0.43188406808279056)	(3.0, 0.30908665938719904)	(4.0, 0.2493159509880191)	(5.0, 0.22094230731214382)	(6.0, 0.20442977697618359)	(7.0, 0.19291751991097186)	(8.0, 0.19349894703547751)	(9.0, 0.16117159891296384)	('>10', 4.063012746045423)	('>50', 2.2586118078546153)	('>100', 5.111907278653601)	('>500', 3.299947787844219)	('>1k', 11.568422925438949)	('>5k', 9.598896683888539)	('>10k+', 61.013334449673415)
022024-BEL-CBC-T3-842-MCAV_S22_R1_16S	(1.0, 0.607514102022398)	(2.0, 0.23667949992013643)	(3.0, 0.16358267298336554)	(4.0, 0.13281748532752335)	(5.0, 0.12589335102134916)	(6.0, 0.10763881512325353)	(7.0, 0.09087926276853642)	(8.0, 0.11330401591921424)	(9.0, 0.08781061233739103)	('>10', 2.5484748413940483)	('>50', 1.524096380802208)	('>100', 2.932292195320387)	('>500', 1.3627955248061046)	('>1k', 5.087350314772719)	('>5k', 1.4853841753631434)	('>10k+', 83.39348675011821)
022024-BEL-CBC-T3-843-MCAV_S73_R1_16S	(1.0, 3.3543802873876567)	(2.0, 1.4379935627978964)	(3.0, 0.8083437395571346)	(4.0, 0.47557908436955876)	(5.0, 0.379900452011186)	(6.0, 0.3144731519425928)	(7.0, 0.26593031640783016)	(8.0, 0.1941713421390506)	(9.0, 0.15196018080447438)	('>10', 1.1685456496121849)	('>50', 0.03869356455669487)	('>100', 3.949557662205182)	('>500', 30.380428091527868)	('>1k', 57.080042914680696)	('>5k', 0.0)	('>10k+', 0.0)
022024-BEL-CBC-T3-852-OFAV_S18_R1_16S	(1.0, 0.714647231501164)	(2.0, 0.23443668387488611)	(3.0, 0.14211964773762525)	(4.0, 0.1182305901407025)	(5.0, 0.10223706852920335)	(6.0, 0.10932280595201944)	(7.0, 0.09920032391942503)	(8.0, 0.063164287883389)	(9.0, 0.08017005769814758)	('>10', 2.0417046259742886)	('>50', 1.1509262071059825)	('>100', 1.7937038161757264)	('>500', 1.0436278975604818)	('>1k', 2.73995343658265)	('>5k', 0.0)	('>10k+', 89.56655531936431)
042024-BEL-CBC-T1-924-MCAV_S38_R1_16S	(1.0, 4.4826854596854195)	(2.0, 2.5476085348441146)	(3.0, 2.0220080164687397)	(4.0, 1.6092573584645997)	(5.0, 1.4111966787276866)	(6.0, 1.2152003257048816)	(7.0, 1.1102637177377273)	(8.0, 1.0009690867074563)	(9.0, 0.9299791847056328)	('>10', 18.592587920248178)	('>50', 8.106037582214679)	('>100', 21.7265799267164)	('>500', 10.340671250236538)	('>1k', 23.144657694491112)	('>5k', 1.7602972630468314)	('>10k+', 0.0)
042024-BEL-CBC-T1-931-SSID_S45_R1_16S	(1.0, 4.067817016642313)	(2.0, 2.418179396951007)	(3.0, 1.836072392147849)	(4.0, 1.4666688557246603)	(5.0, 1.1510796616446028)	(6.0, 0.9237824733071741)	(7.0, 0.8466181790321081)	(8.0, 0.7121735339240142)	(9.0, 0.6288069086670279)	('>10', 9.693696060242877)	('>50', 4.273770889541958)	('>100', 14.449606972879394)	('>500', 8.211338955563948)	('>1k', 23.90797929880824)	('>5k', 17.49258000550913)	('>10k+', 7.919829399413697)
042024-BEL-CBC-T2-1016-MCAV_S68_R1_16S	(1.0, 2.1250459169939724)	(2.0, 1.0907052106679118)	(3.0, 0.6989049819380764)	(4.0, 0.4654904975989316)	(5.0, 0.3353613648835753)	(6.0, 0.2494017777870314)	(7.0, 0.21028867846801577)	(8.0, 0.19214495939227466)	(9.0, 0.1773474180149284)	('>10', 4.55266065742725)	('>50', 2.408429988295814)	('>100', 2.4647944926376653)	('>500', 0.10142636401356912)	('>1k', 40.85177325110163)	('>5k', 37.29939664698122)	('>10k+', 6.77682779379812)
042024-BEL-CBC-T2-1025-SSID_S59_R1_16S	(1.0, 3.183282912932703)	(2.0, 1.8296638005739103)	(3.0, 1.3755169604541468)	(4.0, 1.0403034564352172)	(5.0, 0.8956323652270474)	(6.0, 0.7627923388666047)	(7.0, 0.6189514978231878)	(8.0, 0.5512861093958373)	(9.0, 0.5034429436519592)	('>10', 6.97679969695869)	('>50', 2.72332432165967)	('>100', 8.213976223710908)	('>500', 7.602704539911683)	('>1k', 12.700751895305453)	('>5k', 15.83878617425913)	('>10k+', 35.182784762833855)
042024-BEL-CBC-T2-1035-SSID_S4_R1_16S	(1.0, 3.15533119222102)	(2.0, 1.2926521993718616)	(3.0, 0.9115992689461825)	(4.0, 0.7612186596163741)	(5.0, 0.6897989602001526)	(6.0, 0.6041840410241851)	(7.0, 0.5340951434604396)	(8.0, 0.5749064002697092)	(9.0, 0.39924055574285355)	('>10', 7.998562733999326)	('>50', 3.024912610678354)	('>100', 7.240892879322888)	('>500', 5.5977961921323)	('>1k', 17.154479479035434)	('>5k', 12.64572280284614)	('>10k+', 37.41460688113278)
042024-BEL-CBC-T3-950-PSTR_S84_R1_16S	(1.0, 1.939831350154652)	(2.0, 1.0792400711805)	(3.0, 0.9131454857129228)	(4.0, 0.7661691015210876)	(5.0, 0.623016182694416)	(6.0, 0.5457816349246385)	(7.0, 0.46146234671573816)	(8.0, 0.4006629162563116)	(9.0, 0.3634671941657517)	('>10', 5.142017972019934)	('>50', 2.1744923294563603)	('>100', 5.783255697080873)	('>500', 2.5707554919516395)	('>1k', 3.8460101410138394)	('>5k', 22.375366485801166)	('>10k+', 51.01532559935017)
042024-BEL-CBC-T3-956-MCAV_S94_R1_16S	(1.0, 2.252182915161338)	(2.0, 0.8656205575827818)	(3.0, 0.4952870763575121)	(4.0, 0.22817613024148642)	(5.0, 0.13431002375325587)	(6.0, 0.10503345677782708)	(7.0, 0.07605871008049547)	(8.0, 0.04829124449555268)	(9.0, 0.029880207531623217)	('>10', 0.30182027809720424)	('>50', 0.016600115295346232)	('>100', 3.096374232999218)	('>500', 20.45556752775992)	('>1k', 71.89479752386644)	('>5k', 0.0)	('>10k+', 0.0)
042024-BEL-CBC-T3-959-SSID_S7_R1_16S	(1.0, 3.7257989223745733)	(2.0, 1.3466361787813812)	(3.0, 1.065757304828743)	(4.0, 0.9178013909438322)	(5.0, 0.8347245409015025)	(6.0, 0.6978455403555689)	(7.0, 0.7698454770589213)	(8.0, 0.5886588231570785)	(9.0, 0.7192081589378823)	('>10', 12.814406317005437)	('>50', 6.418280071841695)	('>100', 14.775811186100057)	('>500', 7.885971089256186)	('>1k', 25.237164626668463)	('>5k', 10.256430543797324)	('>10k+', 11.94565982799136)
052022-BEL-CBC-T1-53-PAST_S53_R1_16S	(1.0, 2.6536942022572245)	(2.0, 1.3789721693994954)	(3.0, 1.0677167426117948)	(4.0, 0.8555288451955239)	(5.0, 0.7051335717332632)	(6.0, 0.6123449702797412)	(7.0, 0.5448714115428622)	(8.0, 0.48557042565151354)	(9.0, 0.45567076889957303)	('>10', 9.159460849389449)	('>50', 5.214898799628447)	('>100', 14.028719616965462)	('>500', 6.8416394579790225)	('>1k', 19.391721383038522)	('>5k', 18.585925633573726)	('>10k+', 18.018131151854377)
052022-BEL-CBC-T1-54-MCAV_S19_R1_16S	(1.0, 4.443922439566072)	(2.0, 1.8792175621423082)	(3.0, 1.230033313402238)	(4.0, 1.0250277611685317)	(5.0, 0.8755445459981208)	(6.0, 0.5509524216280858)	(7.0, 0.6278295037157257)	(8.0, 0.3929273084479371)	(9.0, 0.6342359272230289)	('>10', 6.93388570940463)	('>50', 3.7264030067480998)	('>100', 7.8948492355001285)	('>500', 4.964978218160075)	('>1k', 12.537370803792601)	('>5k', 25.896899291022464)	('>10k+', 26.385922952079955)
052022-BEL-CBC-T1-55-PSTR_S67_R1_16S	(1.0, 8.11968573723423)	(2.0, 3.022609562672526)	(3.0, 1.503919052410979)	(4.0, 0.7995051561620059)	(5.0, 0.5747020319986705)	(6.0, 0.4708402189868626)	(7.0, 0.43945087105440517)	(8.0, 0.42098654874119484)	(9.0, 0.34066674667873004)	('>10', 6.3295696889684905)	('>50', 0.7039522881911427)	('>100', 16.68990093891079)	('>500', 33.14253533609683)	('>1k', 27.441675821893146)	('>5k', 0.0)	('>10k+', 0.0)
052022-BEL-CBC-T1-62-MCAV_S92_R1_16S	(1.0, 3.088421198860874)	(2.0, 1.4236299229006042)	(3.0, 0.8335069806209627)	(4.0, 0.4978815030909217)	(5.0, 0.3695214280752935)	(6.0, 0.2717232756824338)	(7.0, 0.23143710495242062)	(8.0, 0.20226436063068695)	(9.0, 0.15503229839549906)	('>10', 1.9423491005070501)	('>50', 0.1294714176564562)	('>100', 3.103702160172258)	('>500', 17.350836979926374)	('>1k', 70.40022226852817)	('>5k', 0.0)	('>10k+', 0.0)
052022-BEL-CBC-T1-63-OFAV_S60_R1_16S	(1.0, 1.0133119909834567)	(2.0, 0.4761562188070466)	(3.0, 0.38263356204418947)	(4.0, 0.32912781130005486)	(5.0, 0.28476449975869955)	(6.0, 0.2365044108522252)	(7.0, 0.21664583389536854)	(8.0, 0.20682895245631863)	(9.0, 0.18344828826560433)	('>10', 2.1410543480541593)	('>50', 0.8220701479876142)	('>100', 4.008135272129949)	('>500', 0.5265895104748373)	('>1k', 0.9696980597046243)	('>5k', 10.357259546355165)	('>10k+', 77.84577154693069)
052022-BEL-CBC-T2-10-MCAV_S3_R1_16S	(1.0, 2.112244383319302)	(2.0, 0.8864869897850317)	(3.0, 0.6255843636885617)	(4.0, 0.48184544477593405)	(5.0, 0.4025077688848886)	(6.0, 0.3305413196047471)	(7.0, 0.24305649851217612)	(8.0, 0.2653641579925434)	(9.0, 0.1868024006921194)	('>10', 3.6879410612238566)	('>50', 2.5071869459456315)	('>100', 10.867903739539647)	('>500', 10.332131952715521)	('>1k', 37.480553540322546)	('>5k', 9.339344116015349)	('>10k+', 20.250505316982142)
052022-BEL-CBC-T2-11-PAST_S86_R1_16S	(1.0, 2.0668286271854712)	(2.0, 0.9837110199530048)	(3.0, 0.65355051973396)	(4.0, 0.47855350671074115)	(5.0, 0.34171014377314907)	(6.0, 0.2705006173085348)	(7.0, 0.20072483969891275)	(8.0, 0.17204986259906807)	(9.0, 0.15341112748416902)	('>10', 2.4520291528933846)	('>50', 2.1521366840575094)	('>100', 4.1068142896969215)	('>500', 7.1551236608387425)	('>1k', 48.616989923931655)	('>5k', 26.818272332629732)	('>10k+', 3.377593691505038)
052022-BEL-CBC-T2-59-OFAV_S61_R1_16S	(1.0, 2.4173501162229725)	(2.0, 1.2527520722775318)	(3.0, 0.9870619709661858)	(4.0, 0.7989123284066488)	(5.0, 0.6403227928599623)	(6.0, 0.5794482698127275)	(7.0, 0.4905925178720232)	(8.0, 0.46103241085917285)	(9.0, 0.41366606727775096)	('>10', 6.931450374983554)	('>50', 4.235428270689882)	('>100', 21.093636244024385)	('>500', 9.22292881891145)	('>1k', 8.504977851848603)	('>5k', 13.379413183632296)	('>10k+', 28.591026709354857)
052022-BEL-CBC-T3-16-SSID_S12_R1_16S	(1.0, 1.3995809059564857)	(2.0, 0.5845519755875243)	(3.0, 0.4216948044227797)	(4.0, 0.34825427020171995)	(5.0, 0.2953721317322554)	(6.0, 0.3180359053620259)	(7.0, 0.2522738081084294)	(8.0, 0.2358023223556454)	(9.0, 0.2162346926643681)	('>10', 5.063681488526929)	('>50', 2.936259065509452)	('>100', 8.913303015891888)	('>500', 4.0635031506360715)	('>1k', 11.68398030357072)	('>5k', 10.523669401180994)	('>10k+', 52.743802758292716)
052022-BEL-CBC-T3-25-PAST_S69_R1_16S	(1.0, 4.477282908542192)	(2.0, 2.0722420012731946)	(3.0, 1.4203192417419188)	(4.0, 1.052979039445453)	(5.0, 0.9006672482493575)	(6.0, 0.8289911112159009)	(7.0, 0.7666281564614623)	(8.0, 0.7290217621955533)	(9.0, 0.7596727418480183)	('>10', 22.978921557069768)	('>50', 13.705703439983024)	('>100', 28.91860986018438)	('>500', 10.488293683540425)	('>1k', 10.900667248249357)	('>5k', 0.0)	('>10k+', 0.0)
052022-BEL-CBC-T3-6-SSID_S77_R1_16S	(1.0, 6.587640886125145)	(2.0, 4.270025985038528)	(3.0, 3.1755387318401844)	(4.0, 2.3383322680217002)	(5.0, 1.820398094644641)	(6.0, 1.5542843193622262)	(7.0, 1.2905795402350537)	(8.0, 1.128052599628051)	(9.0, 0.9134913420678181)	('>10', 14.118484066899429)	('>50', 8.819977323316191)	('>100', 29.227065553603378)	('>500', 20.253233675839052)	('>1k', 4.502895613378601)	('>5k', 0.0)	('>10k+', 0.0)
052022-BEL-CBC-T3-65-OFAV_S5_R1_16S	(1.0, 1.0829535551300513)	(2.0, 0.43574277744632867)	(3.0, 0.27878166944146837)	(4.0, 0.20178482740525328)	(5.0, 0.16008471214426054)	(6.0, 0.16305213607669072)	(7.0, 0.15305660283061007)	(8.0, 0.1311913738548086)	(9.0, 0.10120477411656667)	('>10', 2.2369691044314575)	('>50', 0.6945333803956357)	('>100', 2.3205255151604125)	('>500', 1.3651711891248597)	('>1k', 9.458898054931703)	('>5k', 3.114233326982005)	('>10k+', 78.10181700052789)
062019-BEL-CBC-T1-12-PAST_S36_R1_16S	(1.0, 2.408753385790756)	(2.0, 1.2198137547079464)	(3.0, 0.9189339851203876)	(4.0, 0.7529855706352779)	(5.0, 0.6189118300779715)	(6.0, 0.512853497995326)	(7.0, 0.4182300265145831)	(8.0, 0.38649828834430366)	(9.0, 0.3704894835016402)	('>10', 6.853483701750249)	('>50', 2.855713499567619)	('>100', 4.876539239438834)	('>500', 6.825754164790634)	('>1k', 40.18067079751006)	('>5k', 17.028794408353164)	('>10k+', 13.771574365901246)
062019-BEL-CBC-T2-16-MCAV_S33_R1_16S	(1.0, 3.0499131389551106)	(2.0, 1.6484797437035144)	(3.0, 1.1472426318520579)	(4.0, 0.8543216189996314)	(5.0, 0.6241962533183927)	(6.0, 0.54823984177001)	(7.0, 0.484316129080777)	(8.0, 0.40008723706672883)	(9.0, 0.4264087658211189)	('>10', 6.586774559866438)	('>50', 0.7166976257981064)	('>100', 0.24027795534364635)	('>500', 1.1021200111302465)	('>1k', 44.92144903776011)	('>5k', 37.24947544953411)	('>10k+', 0.0)
062019-BEL-CBC-T2-2-PAST_S76_R1_16S	(1.0, 4.222039339998374)	(2.0, 1.8239961797935462)	(3.0, 1.2653163862472567)	(4.0, 1.0556368365439324)	(5.0, 0.9531465902625377)	(6.0, 0.935747378688125)	(7.0, 0.9396844265626271)	(8.0, 0.9255872551410225)	(9.0, 1.0081382589612289)	('>10', 30.790635414126637)	('>50', 20.64651406161099)	('>100', 33.95462488823864)	('>500', 1.4789329838250833)	('>1k', 0.0)	('>5k', 0.0)	('>10k+', 0.0)
062019-BEL-CBC-T3-16-MCAV_S47_R1_16S	(1.0, 0.8962487134183343)	(2.0, 0.4252843890287692)	(3.0, 0.3442339349115402)	(4.0, 0.3034153504698747)	(5.0, 0.26611705462482105)	(6.0, 0.2323390473763792)	(7.0, 0.2065235976678926)	(8.0, 0.1837255381850733)	(9.0, 0.15690429173469764)	('>10', 2.2744416989918563)	('>50', 0.7084999882657047)	('>100', 2.262120688903715)	('>500', 0.10057967418890874)	('>1k', 2.182830379084792)	('>5k', 11.05244894743371)	('>10k+', 78.40428670571393)
062019-BEL-CBC-T3-27-SSID_S17_R1_16S	(1.0, 2.418144468201065)	(2.0, 1.1403177797342055)	(3.0, 0.8527229279335932)	(4.0, 0.6942522953087662)	(5.0, 0.5030813734121494)	(6.0, 0.45780404980505596)	(7.0, 0.3228105479394625)	(8.0, 0.30184882404728963)	(9.0, 0.21884039743428502)	('>10', 4.763342137257368)	('>50', 2.5623611285792145)	('>100', 6.472980337902989)	('>500', 5.496164004527732)	('>1k', 25.103760533266257)	('>5k', 23.93828868486144)	('>10k+', 24.753280509789125)
062024-BEL-CBC-T1-1341-SSID_S56_R1_16S	(1.0, 1.9785295962821086)	(2.0, 1.1185919116229677)	(3.0, 0.901714898553569)	(4.0, 0.7197456917248171)	(5.0, 0.5782919708540847)	(6.0, 0.5009059907543381)	(7.0, 0.4155991630538021)	(8.0, 0.3588915019118683)	(9.0, 0.3330961752119528)	('>10', 4.524065707987089)	('>50', 2.1496339236584503)	('>100', 5.267994518493077)	('>500', 2.3759038002544486)	('>1k', 17.791835919291472)	('>5k', 22.545606207701447)	('>10k+', 38.439593022644516)
062024-BEL-CBC-T2-1369-SSID_S10_R1_16S	(1.0, 0.897919223800339)	(2.0, 0.36019054298907005)	(3.0, 0.2579051960956222)	(4.0, 0.24207532098116002)	(5.0, 0.18934966002298986)	(6.0, 0.16146472616751417)	(7.0, 0.1525756424493931)	(8.0, 0.1295614393983673)	(9.0, 0.1271260739961424)	('>10', 2.343552126561069)	('>50', 1.2141514212792488)	('>100', 3.447381495119528)	('>500', 1.3539413953669608)	('>1k', 7.616970600268864)	('>5k', 4.650695540358876)	('>10k+', 76.85513959514485)
062024-BEL-CBC-T2-1378-PAST_S54_R1_16S	(1.0, 1.8675423872762373)	(2.0, 1.0558691971485505)	(3.0, 0.7802582961803507)	(4.0, 0.5618151964070128)	(5.0, 0.45341554781547766)	(6.0, 0.3424588729724152)	(7.0, 0.30364686736887475)	(8.0, 0.24912741479166628)	(9.0, 0.21451623802992087)	('>10', 3.3894296187656505)	('>50', 1.9836131146223548)	('>100', 2.3287203362124234)	('>500', 1.8410589010997038)	('>1k', 23.206017778638238)	('>5k', 19.309749027873412)	('>10k+', 42.112761204797714)
062024-BEL-CBC-T2-1387-OFAV_S44_R1_16S	(1.0, 3.3197018889645498)	(2.0, 1.7998021120587495)	(3.0, 1.373552991456207)	(4.0, 1.027813413491744)	(5.0, 0.8333113875857294)	(6.0, 0.6591248537472677)	(7.0, 0.5556663293291749)	(8.0, 0.5086397273209509)	(9.0, 0.40969575669564756)	('>10', 7.797763038595673)	('>50', 3.552577622109275)	('>100', 2.2508812785216343)	('>500', 1.3498515840440621)	('>1k', 50.75186131290749)	('>5k', 23.80975670317185)	('>10k+', 0.0)
062024-BEL-CBC-T3-1412-MCAV_S13_R1_16S	(1.0, 1.0985556351188501)	(2.0, 0.4795421146260345)	(3.0, 0.32634811963103705)	(4.0, 0.25149763347712945)	(5.0, 0.20708634502581094)	(6.0, 0.19012023483092524)	(7.0, 0.16242555495397942)	(8.0, 0.17165711491296137)	(9.0, 0.16167705009244035)	('>10', 2.7916736319202395)	('>50', 0.999752993395692)	('>100', 2.199855788063344)	('>500', 1.9565917080631439)	('>1k', 2.772212505520223)	('>5k', 0.0)	('>10k+', 86.23100357036819)
062024-BEL-CBC-T3-1421-OFAV_S55_R1_16S	(1.0, 0.9265096821769649)	(2.0, 0.407748472792491)	(3.0, 0.2982151473493504)	(4.0, 0.23260895294106937)	(5.0, 0.20740206298194663)	(6.0, 0.1720668966961335)	(7.0, 0.15533817062845387)	(8.0, 0.13747143598474157)	(9.0, 0.13365910725503227)	('>10', 1.9956687393596197)	('>50', 1.0215333982756893)	('>100', 4.397151336932475)	('>500', 2.2030708023415664)	('>1k', 1.0709798709043072)	('>5k', 2.7216613104396354)	('>10k+', 83.91891461294053)
062024-BEL-CBC-T3-1445-SSID_S58_R1_16S	(1.0, 2.809866785645994)	(2.0, 1.5761361463445729)	(3.0, 1.2026260437249028)	(4.0, 0.9725710157860072)	(5.0, 0.7886629698089956)	(6.0, 0.6771623430428964)	(7.0, 0.5907323602524062)	(8.0, 0.5024327023179722)	(9.0, 0.45586079418701003)	('>10', 6.624089064525039)	('>50', 3.0145962139078333)	('>100', 9.09698939809208)	('>500', 6.154375677226082)	('>1k', 19.955892663649692)	('>5k', 11.914674825249113)	('>10k+', 33.6633309962394)
062024-BEL-CBC-T3-1448-PAST_S40_R1_16S	(1.0, 2.35362580015393)	(2.0, 1.2269339790880593)	(3.0, 0.8317846483077096)	(4.0, 0.5916915394867751)	(5.0, 0.4383247921007678)	(6.0, 0.4122317959114715)	(7.0, 0.31536858703609844)	(8.0, 0.24178258339434214)	(9.0, 0.20273694880892043)	('>10', 3.3710649321394377)	('>50', 2.766045315462447)	('>100', 3.265003472808845)	('>500', 4.116686377203357)	('>1k', 21.58885697659139)	('>5k', 35.5059976347356)	('>10k+', 22.771864616770852)
062024-BEL-CBC-T4-1464-MCAV_S43_R1_16S	(1.0, 1.9719701596049923)	(2.0, 1.0317092556165552)	(3.0, 0.7539885904372029)	(4.0, 0.5106377755341903)	(5.0, 0.40200449876790223)	(6.0, 0.2964399586334302)	(7.0, 0.2792550334952603)	(8.0, 0.25531888776709516)	(9.0, 0.243043941239831)	('>10', 3.0150337407592667)	('>50', 0.31270426278205526)	('>100', 0.1792142192980572)	('>500', 0.4385224646865132)	('>1k', 32.545793222388276)	('>5k', 43.23266854268766)	('>10k+', 14.531695446301713)
062024-BEL-CBC-T4-1467-MCAV_S57_R1_16S	(1.0, 1.2254317764788227)	(2.0, 0.48200064317197283)	(3.0, 0.39119989406579275)	(4.0, 0.32133376211464854)	(5.0, 0.29321075232203997)	(6.0, 0.22548852694701396)	(7.0, 0.21363398470259604)	(8.0, 0.18967267591068737)	(9.0, 0.17025140457408772)	('>10', 2.0634470234379436)	('>50', 1.3148452919181028)	('>100', 4.783433907774183)	('>500', 0.3650946786977659)	('>1k', 5.589164443939996)	('>5k', 21.59657983845033)	('>10k+', 60.77521139549401)
062024-BEL-CBC-T4-1470-PSTR_S11_R1_16S	(1.0, 1.3395310558417686)	(2.0, 0.5457749815232428)	(3.0, 0.3053740968046716)	(4.0, 0.23715222411426623)	(5.0, 0.1813835504070301)	(6.0, 0.15918436961094581)	(7.0, 0.128863537304099)	(8.0, 0.15810148274284413)	(9.0, 0.11207879084852308)	('>10', 1.7605033258162939)	('>50', 0.8118944293592287)	('>100', 1.7085247561474133)	('>500', 0.611289637043394)	('>1k', 4.1750703199659975)	('>5k', 4.844294404452831)	('>10k+', 82.92097903801745)
082024-BEL-CBC-T1-1480-SSID_S70_R1_16S	(1.0, 8.114716981132075)	(2.0, 4.83622641509434)	(3.0, 3.332830188679245)	(4.0, 2.3885283018867924)	(5.0, 1.717735849056604)	(6.0, 1.4092075471698113)	(7.0, 1.107320754716981)	(8.0, 1.050566037735849)	(9.0, 0.9319245283018868)	('>10', 14.597735849056603)	('>50', 8.31788679245283)	('>100', 16.13222641509434)	('>500', 21.636226415094338)	('>1k', 14.426867924528302)	('>5k', 0.0)	('>10k+', 0.0)
082024-BEL-CBC-T1-1483-MCAV_S91_R1_16S	(1.0, 3.2206812347379628)	(2.0, 1.0910400100181579)	(3.0, 0.5787834199486569)	(4.0, 0.2723686682111327)	(5.0, 0.1819704464341619)	(6.0, 0.12914031682424396)	(7.0, 0.09313756183081835)	(8.0, 0.12835764823743034)	(9.0, 0.10213825057917476)	('>10', 6.18269050153403)	('>50', 6.54467472293532)	('>100', 14.892226535595768)	('>500', 38.26153653496963)	('>1k', 28.32125414814351)	('>5k', 0.0)	('>10k+', 0.0)
082024-BEL-CBC-T2-1507-OFAV_S28_R1_16S	(1.0, 0.6329997200388732)	(2.0, 0.24071582084856133)	(3.0, 0.1608719224363892)	(4.0, 0.10284976744618785)	(5.0, 0.0943071469592923)	(6.0, 0.061405371024615435)	(7.0, 0.06927134830462815)	(8.0, 0.050071597309328295)	(9.0, 0.05785299418848065)	('>10', 1.0159797751345463)	('>50', 0.6229346523364914)	('>100', 3.0380434185029777)	('>500', 1.2073006418806622)	('>1k', 2.628505117537154)	('>5k', 0.4987706238734948)	('>10k+', 89.51812008217831)
082024-BEL-CBC-T2-1509-SSID_S48_R1_16S	(1.0, 3.544743676362009)	(2.0, 2.1756792583533597)	(3.0, 1.7412275825500947)	(4.0, 1.4344887353294165)	(5.0, 1.1944570351808932)	(6.0, 1.0074489647563907)	(7.0, 0.8860077482916984)	(8.0, 0.8073275235399259)	(9.0, 0.7029907037604016)	('>10', 9.802814813547823)	('>50', 3.8613175516766587)	('>100', 9.20016990367374)	('>500', 3.6754497743645005)	('>1k', 12.630456658884166)	('>5k', 23.131843540382054)	('>10k+', 24.20357652934687)
082024-BEL-CBC-T2-1516-OFAV_S41_R1_16S	(1.0, 1.3267076701763783)	(2.0, 0.6525910700551001)	(3.0, 0.4780242713476819)	(4.0, 0.3822094119067682)	(5.0, 0.28088191671719914)	(6.0, 0.24413101172616375)	(7.0, 0.1911047059533841)	(8.0, 0.12810315454018056)	(9.0, 0.12285302525574693)	('>10', 1.3458706420645608)	('>50', 0.7205802442885156)	('>100', 0.3286580932055452)	('>500', 0.0)	('>1k', 28.39374919607395)	('>5k', 39.458134156553605)	('>10k+', 25.946401430135218)
082024-BEL-CBC-T3-1555-SSID_S65_R1_16S	(1.0, 12.009925356768655)	(2.0, 5.964960729050755)	(3.0, 3.4442287542946253)	(4.0, 2.106904701955019)	(5.0, 1.354380721090977)	(6.0, 0.9941601215084593)	(7.0, 0.7448078688098506)	(8.0, 0.54581340004386)	(9.0, 0.5921100723690088)	('>10', 9.839667313737117)	('>50', 3.3820937467003467)	('>100', 19.530291831480113)	('>500', 26.29407321372006)	('>1k', 13.196582168471155)	('>5k', 0.0)	('>10k+', 0.0)
082024-BEL-CBC-T3-1563-SSID_S8_R1_16S	(1.0, 1.0220213159261586)	(2.0, 0.39873801007505255)	(3.0, 0.30483725002324835)	(4.0, 0.24087586274158468)	(5.0, 0.229648597952782)	(6.0, 0.21910177345420978)	(7.0, 0.1817909642065726)	(8.0, 0.17872898290053552)	(9.0, 0.16636765096134873)	('>10', 3.5115255244493535)	('>50', 1.572497510722605)	('>100', 3.4925866030379393)	('>500', 2.5310110662272534)	('>1k', 9.037154307980884)	('>5k', 5.107384818469871)	('>10k+', 71.80572976087059)
082024-BEL-CBC-T4-1605-MCAV_S42_R1_16S	(1.0, 1.744998306186992)	(2.0, 0.7512122508425793)	(3.0, 0.5474601459399179)	(4.0, 0.39167880359929086)	(5.0, 0.30538088538202285)	(6.0, 0.3011772618585456)	(7.0, 0.1886685146125372)	(8.0, 0.17605764404210547)	(9.0, 0.14687955134973404)	('>10', 3.7281195213803713)	('>50', 2.2007205505263183)	('>100', 2.724195315185219)	('>500', 0.6975542329252521)	('>1k', 26.156923738851123)	('>5k', 34.60348702934871)	('>10k+', 25.33548624796928)
082024-BEL-CBC-T4-1610-MCAV_S72_R1_16S	(1.0, 1.6868026742149225)	(2.0, 0.9044012825229663)	(3.0, 0.5858972095980809)	(4.0, 0.4185283878363061)	(5.0, 0.2690235826285199)	(6.0, 0.20586152409834566)	(7.0, 0.15085169534479326)	(8.0, 0.1383752393388329)	(9.0, 0.11356410523607086)	('>10', 1.7282018236892456)	('>50', 1.701760243631159)	('>100', 1.2857838581597085)	('>500', 0.045085375112447604)	('>1k', 35.465035086488065)	('>5k', 46.05244223081869)	('>10k+', 9.248385681281842)
092023-BEL-CBC-T1-172-PAST_S83_R1_16S	(1.0, 5.878247044637649)	(2.0, 2.268325873582388)	(3.0, 1.5169414922539486)	(4.0, 1.1421276855428966)	(5.0, 0.885111762956293)	(6.0, 0.7672647340839485)	(7.0, 0.6489462883107726)	(8.0, 0.5805288915231852)	(9.0, 0.5249083297378246)	('>10', 10.819548650158895)	('>50', 6.643162759720216)	('>100', 15.285652236898953)	('>500', 6.6187706144495015)	('>1k', 39.73045137360875)	('>5k', 6.690012262534789)	('>10k+', 0.0)
092023-BEL-CBC-T1-178-OANN_S87_R1_16S	(1.0, 4.611561957220022)	(2.0, 2.0050728099892474)	(3.0, 1.3829619954546568)	(4.0, 1.1311479477500317)	(5.0, 0.9526512718604416)	(6.0, 0.9760109775904123)	(7.0, 0.937106449501952)	(8.0, 0.9269131233652375)	(9.0, 0.9311603425888685)	('>10', 29.706665193380456)	('>50', 18.33201750180523)	('>100', 31.24135538764729)	('>500', 5.867958079368641)	('>1k', 0.9974169624775128)	('>5k', 0.0)	('>10k+', 0.0)
092023-BEL-CBC-T2-171-OFAV_S66_R1_16S	(1.0, 4.2504069022873265)	(2.0, 2.2482945819493554)	(3.0, 1.445332231253157)	(4.0, 1.0275877199695909)	(5.0, 0.7736245682243754)	(6.0, 0.5625200900032143)	(7.0, 0.466980963605843)	(8.0, 0.3836871725010587)	(9.0, 0.3547320567571291)	('>10', 10.203553188124067)	('>50', 7.222579377834923)	('>100', 17.523457470419864)	('>500', 7.356257621445664)	('>1k', 45.529559729174004)	('>5k', 0.6514263264504345)	('>10k+', 0.0)
092023-BEL-CBC-T2-172-OFAV_S71_R1_16S	(1.0, 4.810435215051907)	(2.0, 2.5197024430338657)	(3.0, 1.9163690866769352)	(4.0, 1.611191309973592)	(5.0, 1.4499110137980415)	(6.0, 1.2729746717410675)	(7.0, 1.2587000416727103)	(8.0, 1.2036736451188823)	(9.0, 1.1842187057515248)	('>10', 31.258792136060247)	('>50', 18.489790185961592)	('>100', 31.381162553501085)	('>500', 1.643078991658551)	('>1k', 0.0)	('>5k', 0.0)	('>10k+', 0.0)
092023-BEL-CBC-T2-176-MCAV_S51_R1_16S	(1.0, 2.4447785271496896)	(2.0, 1.2569756595082926)	(3.0, 0.9527668485608147)	(4.0, 0.7432288294019709)	(5.0, 0.6103110377307286)	(6.0, 0.49531758263813414)	(7.0, 0.4029188898524272)	(8.0, 0.37767334537545805)	(9.0, 0.35217534545371926)	('>10', 4.23860068996073)	('>50', 1.7305820738962332)	('>100', 6.6152162470226035)	('>500', 4.809528678307387)	('>1k', 10.784644145116438)	('>5k', 20.589508709081706)	('>10k+', 43.59577339094366)
092023-BEL-CBC-T2-182-PAST_S32_R1_16S	(1.0, 1.043568013906997)	(2.0, 0.4354085180356367)	(3.0, 0.31535202086049546)	(4.0, 0.2379400260756193)	(5.0, 0.1942090395480226)	(6.0, 0.16378748370273793)	(7.0, 0.15115710560625814)	(8.0, 0.1336375488917862)	(9.0, 0.1075619295958279)	('>10', 1.827602129508909)	('>50', 0.8713602781399392)	('>100', 2.6897272924815296)	('>500', 2.3952900912646675)	('>1k', 12.90661668839635)	('>5k', 14.015781182094742)	('>10k+', 62.511000651890484)
092023-BEL-CBC-T3-176-MCAV_S34_R1_16S	(1.0, 2.6005995670799633)	(2.0, 1.4038202023312474)	(3.0, 1.0645485585936438)	(4.0, 0.7977321511053952)	(5.0, 0.7037214820718575)	(6.0, 0.5694981569199279)	(7.0, 0.5008468205736644)	(8.0, 0.46806082617083133)	(9.0, 0.38473730448407345)	('>10', 5.95871862914693)	('>50', 3.1516216387563056)	('>100', 10.338999936601668)	('>500', 2.1876047204586415)	('>1k', 14.86183692137701)	('>5k', 33.19101917346689)	('>10k+', 21.816633910861945)
092023-BEL-CBC-T3-181-PAST_S37_R1_16S	(1.0, 2.6238620173232188)	(2.0, 1.4895857152549357)	(3.0, 1.1341506622474953)	(4.0, 0.8287202579134241)	(5.0, 0.678455032251742)	(6.0, 0.511102790962979)	(7.0, 0.4142344891359247)	(8.0, 0.3276686526134339)	(9.0, 0.3030432477391114)	('>10', 4.918547704183554)	('>50', 3.6282267446973715)	('>100', 4.86213542465003)	('>500', 4.590502132107758)	('>1k', 31.222751863866744)	('>5k', 27.01457170641492)	('>10k+', 15.45244155863736)
092023-BEL-CBC-T4-93-PSTR_S6_R1_16S	(1.0, 12.01726414790479)	(2.0, 5.366057912197636)	(3.0, 3.1790511160498602)	(4.0, 2.3190646439269496)	(5.0, 2.190227719264341)	(6.0, 2.0678326408348635)	(7.0, 1.5331594034850389)	(8.0, 1.5718104808838211)	(9.0, 1.0725673978162142)	('>10', 20.456082713305634)	('>50', 10.393918897155926)	('>100', 17.231938673623862)	('>500', 7.971784713498889)	('>1k', 12.629239540052179)	('>5k', 0.0)	('>10k+', 0.0)
102019-BEL-CBC-T3-35-PSTR_S21_R1_16S	(1.0, 0.46872344570592456)	(2.0, 0.17492155472930682)	(3.0, 0.11291144907171369)	(4.0, 0.08820688826160306)	(5.0, 0.08331571682604424)	(6.0, 0.0701344243132671)	(7.0, 0.06673547467160758)	(8.0, 0.05968887175597199)	(9.0, 0.04998943009562655)	('>10', 1.002109835814152)	('>50', 0.6454688270722194)	('>100', 1.273030992617647)	('>500', 0.6014482841521901)	('>1k', 3.2923386846064884)	('>5k', 1.0197677937086271)	('>10k+', 90.9912083265976)
112023-BEL-CBC-T1-273-PAST_S29_R1_16S	(1.0, 0.7693735376476805)	(2.0, 0.2929014997003033)	(3.0, 0.20355031506181054)	(4.0, 0.17931089039824663)	(5.0, 0.13083204107111887)	(6.0, 0.12778943546481378)	(7.0, 0.10365143098812675)	(8.0, 0.09898610239179226)	(9.0, 0.0812375696883459)	('>10', 1.7432101720390631)	('>50', 0.9590292871073645)	('>100', 1.5873273448093657)	('>500', 1.0750539808944652)	('>1k', 5.5934247264444)	('>5k', 2.4542671022325626)	('>10k+', 84.60005456406054)
112023-BEL-CBC-T1-277-OFAV-OANN_S23_R1_16S	(1.0, 1.1549941446973808)	(2.0, 0.3520322184456314)	(3.0, 0.2249293079317929)	(4.0, 0.14281225900431294)	(5.0, 0.16066379137985204)	(6.0, 0.16923252692011082)	(7.0, 0.19993716260603808)	(8.0, 0.18851218188569308)	(9.0, 0.1735168946902402)	('>10', 4.4378909485590246)	('>50', 1.649838622147325)	('>100', 4.282939647539345)	('>500', 3.497115192368113)	('>1k', 2.636314301219617)	('>5k', 0.0)	('>10k+', 80.72927080060552)
112023-BEL-CBC-T1-278-PSTR_S14_R1_16S	(1.0, 1.8669877229871803)	(2.0, 0.7144633611431414)	(3.0, 0.47649732076239576)	(4.0, 0.3527097605643356)	(5.0, 0.27696760044314817)	(6.0, 0.2814895204503832)	(7.0, 0.21761740034818783)	(8.0, 0.1944425603111081)	(9.0, 0.21366072034185715)	('>10', 2.9222908046756655)	('>50', 0.8275113613240181)	('>100', 4.765538447624861)	('>500', 1.7392434827827894)	('>1k', 6.317687490108299)	('>5k', 4.420742047073188)	('>10k+', 74.41215039905944)
112023-BEL-CBC-T2-311-MCAV_S79_R1_16S	(1.0, 2.7097542871524003)	(2.0, 1.178070932740369)	(3.0, 0.6833321121492945)	(4.0, 0.4944202508418206)	(5.0, 0.3838765478507692)	(6.0, 0.2962698668059878)	(7.0, 0.29435844831046537)	(8.0, 0.21662742949255026)	(9.0, 0.24083873043583529)	('>10', 5.511256662089881)	('>50', 1.8556687894030959)	('>100', 4.057304326495765)	('>500', 27.88090588493898)	('>1k', 54.19731573129278)	('>5k', 0.0)	('>10k+', 0.0)
112023-BEL-CBC-T2-312-OFAV_S74_R1_16S	(1.0, 3.0000940896522628)	(2.0, 1.2850825409062352)	(3.0, 0.7675894534605263)	(4.0, 0.5220458125552019)	(5.0, 0.3490422583944663)	(6.0, 0.30958530744552665)	(7.0, 0.2985070096790936)	(8.0, 0.22824328548925102)	(9.0, 0.20897008252573046)	('>10', 7.736294021057871)	('>50', 3.3854063914190236)	('>100', 18.642650535855747)	('>500', 17.37623416789843)	('>1k', 45.89025504366063)	('>5k', 0.0)	('>10k+', 0.0)
112023-BEL-CBC-T3-348-SSID_S85_R1_16S	(1.0, 4.935470338120384)	(2.0, 2.9977164625628383)	(3.0, 2.2695105117341554)	(4.0, 1.793467265765121)	(5.0, 1.4114287686849663)	(6.0, 1.118588141388996)	(7.0, 0.9589179037620587)	(8.0, 0.8348094044740578)	(9.0, 0.7113550388810692)	('>10', 10.032040246213993)	('>50', 4.565901207937202)	('>100', 9.449074563684626)	('>500', 1.854123786023904)	('>1k', 44.403216124529614)	('>5k', 12.664380236237024)	('>10k+', 0.0)
112023-BEL-CBC-T3-350-OFAV_S93_R1_16S	(1.0, 1.9964933210418812)	(2.0, 1.184606763913743)	(3.0, 0.7819532563310015)	(4.0, 0.5234712506552428)	(5.0, 0.409233049545397)	(6.0, 0.30540643132151185)	(7.0, 0.22471666395531698)	(8.0, 0.19897691737613654)	(9.0, 0.1730925654790955)	('>10', 3.0680910290475936)	('>50', 1.6704083292663086)	('>100', 1.4876995101494859)	('>500', 0.0)	('>1k', 39.802324530484604)	('>5k', 40.65954485476204)	('>10k+', 7.513981526670643)
112023-BEL-CBC-T3-356-MCAV_S49_R1_16S	(1.0, 1.841791305195107)	(2.0, 0.8608470925733527)	(3.0, 0.6080766446224248)	(4.0, 0.4609010229782046)	(5.0, 0.3823846982673158)	(6.0, 0.30386837355642693)	(7.0, 0.283927719661598)	(8.0, 0.200312932307145)	(9.0, 0.18558404022573727)	('>10', 2.9410198511475505)	('>50', 2.01627202677486)	('>100', 6.593445189827094)	('>500', 1.4553278368129396)	('>1k', 3.8061723121754687)	('>5k', 16.20030840034035)	('>10k+', 61.85976055353443)
112023-BEL-CBC-T3-358-SSID_S46_R1_16S	(1.0, 3.8523254596249585)	(2.0, 2.3115529226032896)	(3.0, 1.7917688086741788)	(4.0, 1.340898879694075)	(5.0, 1.0500404814534137)	(6.0, 0.8783180434677348)	(7.0, 0.7637988831848264)	(8.0, 0.6513066106945355)	(9.0, 0.5948915671333388)	('>10', 9.531439844785437)	('>50', 3.8311557426798384)	('>100', 12.152205760640317)	('>500', 9.377283767669113)	('>1k', 25.82367652672508)	('>5k', 14.686716340431568)	('>10k+', 11.362620360538296)
112023-BEL-CBC-T4-400-OFAV_S88_R1_16S	(1.0, 2.0974532704942037)	(2.0, 0.9631502094753044)	(3.0, 0.6035007404853346)	(4.0, 0.4096036689854001)	(5.0, 0.3126032057926101)	(6.0, 0.2679456049650944)	(7.0, 0.2086444652615793)	(8.0, 0.18112292056555215)	(9.0, 0.17572246651199214)	('>10', 4.377171865296059)	('>50', 1.946863686308395)	('>100', 0.3154072877050355)	('>500', 0.4296476619149595)	('>1k', 63.618075735136806)	('>5k', 23.04706080288135)	('>10k+', 1.046026408220322)
122022-BEL-CBC-T1-123-OANN_S30_R1_16S	(1.0, 0.6273047224660243)	(2.0, 0.23975852891016902)	(3.0, 0.13652916229606848)	(4.0, 0.10560792344852683)	(5.0, 0.08206021078770667)	(6.0, 0.07421097323409993)	(7.0, 0.0593846356328428)	(8.0, 0.0551825185586897)	(9.0, 0.04352759007000093)	('>10', 1.1849177296833586)	('>50', 0.709761359392802)	('>100', 2.5160374194561195)	('>500', 1.218772521960026)	('>1k', 5.462593625943395)	('>5k', 3.258385007480561)	('>10k+', 84.22596607067962)
122022-BEL-CBC-T1-151-MCAV_S62_R1_16S	(1.0, 4.243212996843839)	(2.0, 1.5441296666540922)	(3.0, 1.0524727451054359)	(4.0, 0.9606800206219271)	(5.0, 0.8079017189130736)	(6.0, 0.8487683428269645)	(7.0, 0.6953613238271279)	(8.0, 0.6588957209501175)	(9.0, 0.6111132068354144)	('>10', 16.503200171011105)	('>50', 9.117658153834547)	('>100', 27.151156211098115)	('>500', 22.425717052070365)	('>1k', 13.379732669407874)	('>5k', 0.0)	('>10k+', 0.0)
122022-BEL-CBC-T2-100-PAST_S15_R1_16S	(1.0, 1.4341862685635018)	(2.0, 0.5362622580664533)	(3.0, 0.3648144700732031)	(4.0, 0.27864018784191974)	(5.0, 0.22519411732913772)	(6.0, 0.1981708232496412)	(7.0, 0.21018117617386187)	(8.0, 0.16334079976940122)	(9.0, 0.15538394095710503)	('>10', 4.270130852795109)	('>50', 2.9462897017228853)	('>100', 7.272118566204068)	('>500', 3.2743224659656622)	('>1k', 6.958498225470356)	('>5k', 4.456741711355188)	('>10k+', 67.25572443446251)
122022-BEL-CBC-T2-83-PAST_S75_R1_16S	(1.0, 7.2845194571042216)	(2.0, 3.299611024857682)	(3.0, 2.1416587369159115)	(4.0, 1.4348675314268544)	(5.0, 1.0715597402380594)	(6.0, 0.9190163770220864)	(7.0, 0.8121734194754678)	(8.0, 0.6594213786080365)	(9.0, 0.6235288225572194)	('>10', 9.366287708051619)	('>50', 4.1793960034056195)	('>100', 26.571968748434916)	('>500', 20.376955309594162)	('>1k', 21.259035742308143)	('>5k', 0.0)	('>10k+', 0.0)
122022-BEL-CBC-T2-88-MCAV_S89_R1_16S	(1.0, 5.618454625080925)	(2.0, 2.741536235195552)	(3.0, 1.6782817319776075)	(4.0, 1.0921969610419284)	(5.0, 0.7578354088122168)	(6.0, 0.6969039186564606)	(7.0, 0.5984614798735671)	(8.0, 0.5605697094329563)	(9.0, 0.5329601279561293)	('>10', 10.96957233710347)	('>50', 4.526448074945733)	('>100', 4.871091816139229)	('>500', 11.512053010396436)	('>1k', 53.84363456338779)	('>5k', 0.0)	('>10k+', 0.0)
122022-BEL-CBC-T2-90-SSID_S64_R1_16S	(1.0, 5.356375328561273)	(2.0, 3.2463506967978706)	(3.0, 2.1251095204245263)	(4.0, 1.5465110512307616)	(5.0, 1.137565918897026)	(6.0, 0.8114843530442546)	(7.0, 0.6277793390752343)	(8.0, 0.4909821295729943)	(9.0, 0.40264254186573206)	('>10', 4.8015407250665385)	('>50', 3.3021441206129842)	('>100', 11.315526276636193)	('>500', 4.309938668562265)	('>1k', 51.62658494652097)	('>5k', 8.899464383131376)	('>10k+', 0.0)
122022-BEL-CBC-T2-93-OFAV_S9_R1_16S	(1.0, 1.3115904588494365)	(2.0, 0.4929170799636391)	(3.0, 0.2785092021319216)	(4.0, 0.1514117487780685)	(5.0, 0.13262342958662934)	(6.0, 0.11107212227880207)	(7.0, 0.08896821734769719)	(8.0, 0.09062601021753006)	(9.0, 0.074600679142479)	('>10', 1.9827202723201087)	('>50', 1.6337548732202902)	('>100', 3.231867199739174)	('>500', 2.3720252979191936)	('>1k', 5.140263091728443)	('>5k', 0.0)	('>10k+', 82.90705031677659)
122022-BEL-CBC-T2-94-PAST_S16_R1_16S	(1.0, 1.2018422493478051)	(2.0, 0.5318045669747818)	(3.0, 0.3737318432155625)	(4.0, 0.30352024219781637)	(5.0, 0.22029694998228605)	(6.0, 0.1569132661277336)	(7.0, 0.13887725852684468)	(8.0, 0.14428806080711135)	(9.0, 0.13101871235788592)	('>10', 2.543205900351058)	('>50', 1.210731424522529)	('>100', 2.7765145415311285)	('>500', 1.2185899706914876)	('>1k', 6.0888273374343775)	('>5k', 4.695545750265709)	('>10k+', 78.26429192566589)
122022-BEL-CBC-T4-34-PSTR_S25_R1_16S	(1.0, 5.3446213737951735)	(2.0, 1.8667479655730401)	(3.0, 1.1538190942989142)	(4.0, 0.7223095143172065)	(5.0, 0.6800966206233436)	(6.0, 0.5065547243263526)	(7.0, 0.5253160104125137)	(8.0, 0.3001805773785793)	(9.0, 0.42212893693862713)	('>10', 4.948289205225018)	('>50', 0.6261579231256303)	('>100', 7.63584343706761)	('>500', 18.62526676203654)	('>1k', 37.05823034168992)	('>5k', 19.58443751319153)	('>10k+', 0.0)
122023-BEL-CBC-T1-509-MCAV_S26_R1_16S	(1.0, 2.664542951244533)	(2.0, 0.8790022137033637)	(3.0, 0.49241401652178607)	(4.0, 0.38658819718157766)	(5.0, 0.33745478105933807)	(6.0, 0.25268614005723233)	(7.0, 0.2872415096377085)	(8.0, 0.19005453269261918)	(9.0, 0.18951460504292425)	('>10', 4.650396846822526)	('>50', 2.60515090977809)	('>100', 4.224933858862912)	('>500', 1.9253819988121594)	('>1k', 1.1219696560660872)	('>5k', 0.0)	('>10k+', 79.79266778251714)
122023-BEL-CBC-T2-514-SSID_S81_R1_16S	(1.0, 6.009218922183528)	(2.0, 3.114365540710531)	(3.0, 1.8966027109457415)	(4.0, 1.3264890265989298)	(5.0, 0.9070324810317659)	(6.0, 0.6594192343851379)	(7.0, 0.5025827988977312)	(8.0, 0.4872816832404232)	(9.0, 0.40915771772089876)	('>10', 7.492250132045686)	('>50', 2.751405422185735)	('>100', 1.484649597095142)	('>500', 4.87943750744826)	('>1k', 64.68031702734633)	('>5k', 3.3997901981641605)	('>10k+', 0.0)
122023-BEL-CBC-T2-516-MCAV_S20_R1_16S	(1.0, 0.5715918833952558)	(2.0, 0.21428910284372749)	(3.0, 0.13850111020731198)	(4.0, 0.11200423949931328)	(5.0, 0.085044541355367)	(6.0, 0.06387018616076542)	(7.0, 0.07856495725210094)	(8.0, 0.07868066411108784)	(9.0, 0.07081259769997905)	('>10', 1.5106687509328867)	('>50', 0.7597312361079452)	('>100', 1.406416870985695)	('>500', 0.9866323865812442)	('>1k', 2.320616763841144)	('>5k', 0.0)	('>10k+', 91.60257470902617)
122023-BEL-CBC-T2-520-PAST_S2_R1_16S	(1.0, 1.0569530070679853)	(2.0, 0.4550221256624767)	(3.0, 0.3185531086438215)	(4.0, 0.2693640694289651)	(5.0, 0.2529990735907528)	(6.0, 0.20935908468885348)	(7.0, 0.19816693236271976)	(8.0, 0.19487512285503342)	(9.0, 0.17521831750913477)	('>10', 3.780219986926814)	('>50', 2.3000343288705802)	('>100', 5.420199483656166)	('>500', 2.304454758780902)	('>1k', 5.742420608608552)	('>5k', 3.2023663407775254)	('>10k+', 74.11979365056972)
122023-BEL-CBC-T2-521-OFAV_S90_R1_16S	(1.0, 1.6453762503733371)	(2.0, 0.8191383624087466)	(3.0, 0.5544974270340141)	(4.0, 0.37456117587728105)	(5.0, 0.29071333095050406)	(6.0, 0.20637586357159995)	(7.0, 0.18593412619529082)	(8.0, 0.1429697560211321)	(9.0, 0.1597393250064875)	('>10', 1.608409755237736)	('>50', 0.06022356161164127)	('>100', 0.08164454389220473)	('>500', 0.6350403204089327)	('>1k', 73.71241535651859)	('>5k', 19.522960844892502)	('>10k+', 0.0)
122023-BEL-CBC-T3-527-OFAV_S78_R1_16S	(1.0, 2.15648608303315)	(2.0, 0.9682826746070976)	(3.0, 0.5922764311867136)	(4.0, 0.3962322418200636)	(5.0, 0.2614580280934185)	(6.0, 0.18114601493566654)	(7.0, 0.1726609619484839)	(8.0, 0.16970105974365274)	(9.0, 0.13852342318609795)	('>10', 4.9021900316413545)	('>50', 6.260193163217888)	('>100', 16.374277660532762)	('>500', 2.0804165963689893)	('>1k', 56.128822837026796)	('>5k', 9.217332792657864)	('>10k+', 0.0)
122023-BEL-CBC-T3-534-SSID_S27_R1_16S	(1.0, 4.5380536125235365)	(2.0, 2.1066610877138725)	(3.0, 1.6018265006321801)	(4.0, 1.1497494019301964)	(5.0, 0.8868715719002702)	(6.0, 0.8568543802359533)	(7.0, 0.7131357049946787)	(8.0, 0.5894284908629488)	(9.0, 0.5321229431401622)	('>10', 9.700100966917416)	('>50', 3.7457816749592947)	('>100', 11.346498449111763)	('>500', 12.770041023495274)	('>1k', 21.824317563695573)	('>5k', 16.3548213977096)	('>10k+', 11.283735230177284)
122023-BEL-CBC-T4-536-PSTR_S50_R1_16S	(1.0, 2.286920949478283)	(2.0, 1.3205151770333292)	(3.0, 1.0679707103133722)	(4.0, 0.8682605294542595)	(5.0, 0.7454934833439486)	(6.0, 0.6283689337818833)	(7.0, 0.5517677685208537)	(8.0, 0.49927545214778213)	(9.0, 0.4139540649485549)	('>10', 5.854090168804689)	('>50', 2.526727052778716)	('>100', 6.4807492551477095)	('>500', 0.9836752315774624)	('>1k', 2.901098149517609)	('>5k', 10.356460444816811)	('>10k+', 62.514672628334736)
Negative_S96_R1_16S	(1.0, 9.883749937634088)	(2.0, 2.6044005388414906)	(3.0, 1.1375542583445593)	(4.0, 0.5587985830464501)	(5.0, 0.6236591328643417)	(6.0, 0.2095494686424188)	(7.0, 0.5937234944868532)	(8.0, 0.43905602953649653)	(9.0, 0.4041311180960934)	('>10', 29.476625255700245)	('>50', 2.8388963727984833)	('>100', 13.825275657336725)	('>500', 20.436062465698747)	('>1k', 16.96851768697301)	('>5k', 0.0)	('>10k+', 0.0)
Undetermined_S0_R1_16S	(1.0, 9.021687259346365)	(2.0, 1.7499490081696378)	(3.0, 1.006926058714539)	(4.0, 0.7118628016420344)	(5.0, 0.5527987336458366)	(6.0, 0.42902296148043434)	(7.0, 0.3634078742711193)	(8.0, 0.3330752804380028)	(9.0, 0.29587949650104806)	('>10', 7.18263374587983)	('>50', 8.592616629679743)	('>100', 25.496781042819787)	('>500', 5.155236631246017)	('>1k', 33.24494108423435)	('>5k', 1.4540961657647604)	('>10k+', 4.409085226166488)
