Sample	fastqc-percent_duplicates	fastqc-percent_gc	fastqc-avg_sequence_length	fastqc-median_sequence_length	fastqc-percent_fails	fastqc-total_sequences
012024-BEL-CBC-T1-561-OANN_S95_R1_16S	76.13596336738289	38.0	251.0	251	45.45454545454545	0.005678
012024-BEL-CBC-T2-587-SSID_S63_R1_16S	96.77231731162922	42.0	251.0	251	45.45454545454545	0.783999
012024-BEL-CBC-T2-589-SSID_S52_R1_16S	93.47883723262353	46.0	251.0	251	45.45454545454545	0.727953
012024-BEL-CBC-T2-603-MCAV_S39_R1_16S	97.40342276090608	42.0	251.0	251	45.45454545454545	0.991305
012024-BEL-CBC-T3-629-OFAV_S35_R1_16S	95.40219840868326	38.0	251.0	251	45.45454545454545	0.21742999999999998
012024-BEL-CBC-T3-635-OFAV_S82_R1_16S	97.20766031122653	36.0	251.0	251	45.45454545454545	1.1840249999999999
012024-BEL-CBC-T3-639-OFAV_S1_R1_16S	97.45925903881268	35.0	251.0	251	45.45454545454545	1.1424619999999999
012024-BEL-CBC-T4-667-OFAV_S24_R1_16S	99.44943427893271	37.0	251.0	251	45.45454545454545	1.9102169999999998
022024-BEL-CBC-T1-774-MCAV_S80_R1_16S	97.07587709142277	36.0	251.0	251	45.45454545454545	0.8594029999999999
022024-BEL-CBC-T2-807-SSID_S31_R1_16S	98.08640704782704	47.0	251.0	251	45.45454545454545	0.859953
022024-BEL-CBC-T3-842-MCAV_S22_R1_16S	98.94721685208397	38.0	251.0	251	45.45454545454545	1.2709169999999999
022024-BEL-CBC-T3-843-MCAV_S73_R1_16S	95.16013859331305	35.0	251.0	251	45.45454545454545	0.284285
022024-BEL-CBC-T3-852-OFAV_S18_R1_16S	98.90191314910416	36.0	251.0	251	45.45454545454545	0.49395
042024-BEL-CBC-T1-924-MCAV_S38_R1_16S	91.14197406976277	51.0	251.0	251	36.36363636363637	0.8719549999999999
042024-BEL-CBC-T1-931-SSID_S45_R1_16S	92.43315620205735	46.0	251.0	251	45.45454545454545	0.548181
042024-BEL-CBC-T2-1016-MCAV_S68_R1_16S	96.52518035897795	36.0	251.0	251	45.45454545454545	1.3448179999999998
042024-BEL-CBC-T2-1025-SSID_S59_R1_16S	94.20526897510805	44.0	251.0	251	45.45454545454545	0.963565
042024-BEL-CBC-T2-1035-SSID_S4_R1_16S	94.76018950618379	50.0	251.0	251	45.45454545454545	0.225428
042024-BEL-CBC-T3-950-PSTR_S84_R1_16S	96.32710633573305	39.0	251.0	251	45.45454545454545	3.5275909999999997
042024-BEL-CBC-T3-956-MCAV_S94_R1_16S	96.92897867036095	34.0	251.0	251	45.45454545454545	0.331323
042024-BEL-CBC-T3-959-SSID_S7_R1_16S	93.65451107295729	51.0	251.0	251	45.45454545454545	0.126389
052022-BEL-CBC-T1-53-PAST_S53_R1_16S	95.05011182471625	48.0	251.0	251	45.45454545454545	1.003356
052022-BEL-CBC-T1-54-MCAV_S19_R1_16S	93.04048859656615	46.0	251.0	251	45.45454545454545	0.046827999999999995
052022-BEL-CBC-T1-55-PSTR_S67_R1_16S	88.86139756455589	40.0	251.0	251	45.45454545454545	0.216634
052022-BEL-CBC-T1-62-MCAV_S92_R1_16S	95.42599152601237	35.0	251.0	251	45.45454545454545	0.359925
052022-BEL-CBC-T1-63-OFAV_S60_R1_16S	98.21167894151537	37.0	251.0	251	45.45454545454545	1.334436
052022-BEL-CBC-T2-10-MCAV_S3_R1_16S	96.59623912259126	54.0	251.0	251	45.45454545454545	0.515518
052022-BEL-CBC-T2-11-PAST_S86_R1_16S	96.72579553148273	44.0	251.0	251	36.36363636363637	1.25545
052022-BEL-CBC-T2-59-OFAV_S61_R1_16S	95.51493355554581	43.0	251.0	251	45.45454545454545	1.14005
052022-BEL-CBC-T3-16-SSID_S12_R1_16S	97.54327170768438	50.0	251.0	251	45.45454545454545	0.807456
052022-BEL-CBC-T3-25-PAST_S69_R1_16S	91.74922783108953	52.0	251.0	251	36.36363636363637	0.84826
052022-BEL-CBC-T3-6-SSID_S77_R1_16S	87.61133577230811	50.0	251.0	251	36.36363636363637	0.6226659999999999
052022-BEL-CBC-T3-65-OFAV_S5_R1_16S	98.29982226692447	41.0	251.0	251	45.45454545454545	0.640286
062019-BEL-CBC-T1-12-PAST_S36_R1_16S	95.70520929368296	47.0	251.0	251	45.45454545454545	0.699615
062019-BEL-CBC-T2-16-MCAV_S33_R1_16S	94.76351986523377	38.0	251.0	251	45.45454545454545	0.265942
062019-BEL-CBC-T2-2-PAST_S76_R1_16S	91.63466227749329	56.0	251.0	251	27.27272727272727	0.787392
062019-BEL-CBC-T3-16-MCAV_S47_R1_16S	98.39080902937262	36.0	251.0	251	45.45454545454545	1.193084
062019-BEL-CBC-T3-27-SSID_S17_R1_16S	95.9569026956777	45.0	251.0	251	45.45454545454545	0.119265
062024-BEL-CBC-T1-1341-SSID_S56_R1_16S	96.3319466008699	49.0	251.0	251	45.45454545454545	1.426615
062024-BEL-CBC-T2-1369-SSID_S10_R1_16S	98.50590332573499	54.0	251.0	251	36.36363636363637	0.821232
062024-BEL-CBC-T2-1378-PAST_S54_R1_16S	96.7316638387174	45.0	251.0	251	45.45454545454545	1.095022
062024-BEL-CBC-T2-1387-OFAV_S44_R1_16S	94.12317960023626	39.0	251.0	251	45.45454545454545	0.265807
062024-BEL-CBC-T3-1412-MCAV_S13_R1_16S	98.18911723831646	36.0	251.0	251	45.45454545454545	0.40079899999999996
062024-BEL-CBC-T3-1421-OFAV_S55_R1_16S	98.44929261386913	36.0	251.0	251	45.45454545454545	1.757456
062024-BEL-CBC-T3-1445-SSID_S58_R1_16S	94.84156627785922	45.0	251.0	251	45.45454545454545	1.176675
062024-BEL-CBC-T3-1448-PAST_S40_R1_16S	96.11289444538305	44.0	251.0	251	45.45454545454545	0.53271
062024-BEL-CBC-T4-1464-MCAV_S43_R1_16S	96.71154182534592	35.0	251.0	251	45.45454545454545	0.32586699999999996
062024-BEL-CBC-T4-1467-MCAV_S57_R1_16S	97.99279899614727	36.0	251.0	251	45.45454545454545	0.792945
062024-BEL-CBC-T4-1470-PSTR_S11_R1_16S	97.99882506774811	38.0	251.0	251	45.45454545454545	0.36938299999999996
082024-BEL-CBC-T1-1480-SSID_S70_R1_16S	85.82641509433962	46.0	251.0	251	36.36363636363637	0.33125
082024-BEL-CBC-T1-1483-MCAV_S91_R1_16S	95.4127794126855	37.0	251.0	251	36.36363636363637	0.255536
082024-BEL-CBC-T2-1507-OFAV_S28_R1_16S	99.04229612105824	36.0	251.0	251	45.45454545454545	1.182307
082024-BEL-CBC-T2-1509-SSID_S48_R1_16S	93.0902513491093	45.0	251.0	251	45.45454545454545	0.7015739999999999
082024-BEL-CBC-T2-1516-OFAV_S41_R1_16S	97.83957179945556	36.0	251.0	251	45.45454545454545	0.380943
082024-BEL-CBC-T3-1555-SSID_S65_R1_16S	81.96947668515826	47.0	251.0	251	36.36363636363637	0.24623799999999998
082024-BEL-CBC-T3-1563-SSID_S8_R1_16S	98.24401042434525	48.0	251.0	251	45.45454545454545	0.881782
082024-BEL-CBC-T4-1605-MCAV_S42_R1_16S	97.1887649506816	36.0	251.0	251	45.45454545454545	0.40441299999999997
082024-BEL-CBC-T4-1610-MCAV_S72_R1_16S	97.28651259661278	35.0	251.0	251	45.45454545454545	1.4106569999999998
092023-BEL-CBC-T1-172-PAST_S83_R1_16S	90.96841955191428	46.0	251.0	251	36.36363636363637	1.449512
092023-BEL-CBC-T1-178-OANN_S87_R1_16S	91.17355856187079	56.0	251.0	251	27.27272727272727	1.1781169999999999
092023-BEL-CBC-T2-171-OFAV_S66_R1_16S	92.80803396039654	43.0	251.0	251	36.36363636363637	0.783972
092023-BEL-CBC-T2-172-OFAV_S71_R1_16S	90.04033734174155	53.0	251.0	251	36.36363636363637	0.868674
092023-BEL-CBC-T2-176-MCAV_S51_R1_16S	95.77629418128068	38.0	251.0	251	45.45454545454545	0.792219
092023-BEL-CBC-T2-182-PAST_S32_R1_16S	98.33088874402434	47.0	251.0	251	45.45454545454545	0.73632
092023-BEL-CBC-T3-176-MCAV_S34_R1_16S	95.32555043337288	39.0	251.0	251	45.45454545454545	0.552065
092023-BEL-CBC-T3-181-PAST_S37_R1_16S	95.34567283893226	47.0	251.0	251	45.45454545454545	0.7959259999999999
092023-BEL-CBC-T4-93-PSTR_S6_R1_16S	81.04808838213032	53.0	251.0	251	45.45454545454545	0.031046999999999998
102019-BEL-CBC-T3-35-PSTR_S21_R1_16S	99.26831391372471	37.0	251.0	251	45.45454545454545	1.2062549999999999
112023-BEL-CBC-T1-273-PAST_S29_R1_16S	98.77697396645223	44.0	251.0	251	45.45454545454545	0.9859969999999999
112023-BEL-CBC-T1-277-OFAV-OANN_S23_R1_16S	98.17521636057239	38.0	251.0	251	45.45454545454545	0.280088
112023-BEL-CBC-T1-278-PSTR_S14_R1_16S	97.14610323543377	39.0	251.0	251	45.45454545454545	0.176916
112023-BEL-CBC-T2-311-MCAV_S79_R1_16S	95.75919949793408	36.0	251.0	251	45.45454545454545	0.313903
112023-BEL-CBC-T2-312-OFAV_S74_R1_16S	95.23936711050678	42.0	251.0	251	36.36363636363637	0.6589459999999999
112023-BEL-CBC-T3-348-SSID_S85_R1_16S	90.92888275868549	45.0	251.0	251	36.36363636363637	1.261169
112023-BEL-CBC-T3-350-OFAV_S93_R1_16S	96.60886069085191	36.0	251.0	251	45.45454545454545	1.3830749999999998
112023-BEL-CBC-T3-356-MCAV_S49_R1_16S	96.97740474655542	37.0	251.0	251	45.45454545454545	0.8826189999999999
112023-BEL-CBC-T3-358-SSID_S46_R1_16S	92.82110125317968	47.0	251.0	251	45.45454545454545	0.888061
112023-BEL-CBC-T4-400-OFAV_S88_R1_16S	96.6893139553964	37.0	251.0	251	45.45454545454545	0.9628819999999999
122022-BEL-CBC-T1-123-OANN_S30_R1_16S	99.05016297078578	38.0	251.0	251	45.45454545454545	1.261269
122022-BEL-CBC-T1-151-MCAV_S62_R1_16S	92.79615727991751	50.0	251.0	251	45.45454545454545	0.159054
122022-BEL-CBC-T2-100-PAST_S15_R1_16S	97.68005020327523	46.0	251.0	251	45.45454545454545	0.666092
122022-BEL-CBC-T2-83-PAST_S75_R1_16S	88.68716715914593	47.0	251.0	251	36.36363636363637	0.47920799999999997
122022-BEL-CBC-T2-88-MCAV_S89_R1_16S	91.06192162687078	40.0	251.0	251	36.36363636363637	0.52518
122022-BEL-CBC-T2-90-SSID_S64_R1_16S	90.99421814815427	45.0	251.0	251	36.36363636363637	0.9678559999999999
122022-BEL-CBC-T2-93-OFAV_S9_R1_16S	98.10265606047628	38.0	251.0	251	45.45454545454545	0.361927
122022-BEL-CBC-T2-94-PAST_S16_R1_16S	98.05159586460111	55.0	251.0	251	45.45454545454545	0.7762249999999999
122022-BEL-CBC-T4-34-PSTR_S25_R1_16S	92.42513074271241	68.0	251.0	251	45.45454545454545	0.042641
122023-BEL-CBC-T1-509-MCAV_S26_R1_16S	96.16651368716592	36.0	251.0	251	45.45454545454545	0.18520999999999999
122023-BEL-CBC-T2-514-SSID_S81_R1_16S	90.54729442436172	43.0	251.0	251	36.36363636363637	0.679689
122023-BEL-CBC-T2-516-MCAV_S20_R1_16S	99.09852786163312	35.0	251.0	251	45.45454545454545	0.8642529999999999
122023-BEL-CBC-T2-520-PAST_S2_R1_16S	98.13730607715061	47.0	251.0	251	45.45454545454545	1.063245
122023-BEL-CBC-T2-521-OFAV_S90_R1_16S	97.38529370002792	35.0	251.0	251	45.45454545454545	0.816956
122023-BEL-CBC-T3-527-OFAV_S78_R1_16S	96.517181738982	39.0	251.0	251	36.36363636363637	1.013547
122023-BEL-CBC-T3-534-SSID_S27_R1_16S	92.42566197003738	50.0	251.0	251	45.45454545454545	0.10993699999999999
122023-BEL-CBC-T4-536-PSTR_S50_R1_16S	95.65211444008908	39.0	251.0	251	45.45454545454545	1.169695
Negative_S96_R1_16S	86.45911290724942	53.0	251.0	251	45.45454545454545	0.020043
Undetermined_S0_R1_16S	88.686030167058	45.0	251.0	251	45.45454545454545	3.1445969999999996
