Sample	0	1	2	3	4	5	6	7	8	9	10	11	12	13	14	15	16	17	18	19	20	21	22	23	24	25	26	27	28	29	30	31	32	33	34	35	36	37	38
012024-BEL-CBC-T1-561-OANN_S95_R2_16S	(14.0, 1.0)	(15.0, 6.0)	(16.0, 13.0)	(17.0, 44.0)	(18.0, 34.0)	(19.0, 29.0)	(20.0, 25.0)	(21.0, 29.0)	(22.0, 28.0)	(23.0, 33.0)	(24.0, 36.0)	(25.0, 50.0)	(26.0, 46.0)	(27.0, 44.0)	(28.0, 42.0)	(29.0, 58.0)	(30.0, 59.0)	(31.0, 54.0)	(32.0, 93.0)	(33.0, 96.0)	(34.0, 137.0)	(35.0, 158.0)	(36.0, 239.0)	(37.0, 369.0)	(38.0, 946.0)	(39.0, 2985.0)	(40.0, 24.0)												
012024-BEL-CBC-T2-587-SSID_S63_R2_16S	(14.0, 1.0)	(15.0, 48.0)	(16.0, 310.0)	(17.0, 421.0)	(18.0, 499.0)	(19.0, 727.0)	(20.0, 1020.0)	(21.0, 1154.0)	(22.0, 1190.0)	(23.0, 1258.0)	(24.0, 1487.0)	(25.0, 1803.0)	(26.0, 2274.0)	(27.0, 2985.0)	(28.0, 3950.0)	(29.0, 5114.0)	(30.0, 6161.0)	(31.0, 7064.0)	(32.0, 8233.0)	(33.0, 9018.0)	(34.0, 10511.0)	(35.0, 12553.0)	(36.0, 16799.0)	(37.0, 27677.0)	(38.0, 104220.0)	(39.0, 553444.0)	(40.0, 4078.0)												
012024-BEL-CBC-T2-589-SSID_S52_R2_16S	(14.0, 1.0)	(15.0, 34.0)	(16.0, 299.0)	(17.0, 498.0)	(18.0, 555.0)	(19.0, 739.0)	(20.0, 950.0)	(21.0, 1091.0)	(22.0, 1135.0)	(23.0, 1269.0)	(24.0, 1361.0)	(25.0, 1631.0)	(26.0, 2033.0)	(27.0, 2520.0)	(28.0, 3262.0)	(29.0, 3984.0)	(30.0, 5062.0)	(31.0, 5778.0)	(32.0, 7040.0)	(33.0, 8300.0)	(34.0, 9972.0)	(35.0, 12473.0)	(36.0, 17915.0)	(37.0, 34583.0)	(38.0, 133875.0)	(39.0, 469953.0)	(40.0, 1640.0)												
012024-BEL-CBC-T2-603-MCAV_S39_R2_16S	(15.0, 49.0)	(16.0, 364.0)	(17.0, 640.0)	(18.0, 739.0)	(19.0, 928.0)	(20.0, 1307.0)	(21.0, 1422.0)	(22.0, 1804.0)	(23.0, 2151.0)	(24.0, 2399.0)	(25.0, 3624.0)	(26.0, 4242.0)	(27.0, 5420.0)	(28.0, 7609.0)	(29.0, 9717.0)	(30.0, 11267.0)	(31.0, 12351.0)	(32.0, 13714.0)	(33.0, 14740.0)	(34.0, 16368.0)	(35.0, 19682.0)	(36.0, 25523.0)	(37.0, 39522.0)	(38.0, 136049.0)	(39.0, 652007.0)	(40.0, 7667.0)													
012024-BEL-CBC-T3-629-OFAV_S35_R2_16S	(14.0, 2.0)	(15.0, 14.0)	(16.0, 58.0)	(17.0, 103.0)	(18.0, 81.0)	(19.0, 94.0)	(20.0, 110.0)	(21.0, 110.0)	(22.0, 131.0)	(23.0, 271.0)	(24.0, 296.0)	(25.0, 431.0)	(26.0, 453.0)	(27.0, 353.0)	(28.0, 415.0)	(29.0, 427.0)	(30.0, 475.0)	(31.0, 512.0)	(32.0, 646.0)	(33.0, 876.0)	(34.0, 1108.0)	(35.0, 1755.0)	(36.0, 3117.0)	(37.0, 7110.0)	(38.0, 28330.0)	(39.0, 167130.0)	(40.0, 3022.0)												
012024-BEL-CBC-T3-635-OFAV_S82_R2_16S	(14.0, 2.0)	(15.0, 52.0)	(16.0, 574.0)	(17.0, 873.0)	(18.0, 790.0)	(19.0, 931.0)	(20.0, 1153.0)	(21.0, 1146.0)	(22.0, 1333.0)	(23.0, 2008.0)	(24.0, 2196.0)	(25.0, 3411.0)	(26.0, 3508.0)	(27.0, 2956.0)	(28.0, 3128.0)	(29.0, 3557.0)	(30.0, 4106.0)	(31.0, 4519.0)	(32.0, 5446.0)	(33.0, 7070.0)	(34.0, 8824.0)	(35.0, 11794.0)	(36.0, 17506.0)	(37.0, 31805.0)	(38.0, 104707.0)	(39.0, 940940.0)	(40.0, 19690.0)												
012024-BEL-CBC-T3-639-OFAV_S1_R2_16S	(15.0, 31.0)	(16.0, 371.0)	(17.0, 731.0)	(18.0, 593.0)	(19.0, 578.0)	(20.0, 709.0)	(21.0, 842.0)	(22.0, 1125.0)	(23.0, 1715.0)	(24.0, 1761.0)	(25.0, 2754.0)	(26.0, 3389.0)	(27.0, 2788.0)	(28.0, 3038.0)	(29.0, 3389.0)	(30.0, 3682.0)	(31.0, 4299.0)	(32.0, 5204.0)	(33.0, 6534.0)	(34.0, 8353.0)	(35.0, 11401.0)	(36.0, 16958.0)	(37.0, 30841.0)	(38.0, 102131.0)	(39.0, 910490.0)	(40.0, 18755.0)													
012024-BEL-CBC-T4-667-OFAV_S24_R2_16S	(14.0, 2.0)	(15.0, 57.0)	(16.0, 621.0)	(17.0, 1332.0)	(18.0, 1290.0)	(19.0, 1397.0)	(20.0, 2011.0)	(21.0, 2275.0)	(22.0, 2750.0)	(23.0, 3302.0)	(24.0, 3668.0)	(25.0, 5920.0)	(26.0, 5682.0)	(27.0, 4959.0)	(28.0, 5574.0)	(29.0, 6171.0)	(30.0, 6902.0)	(31.0, 8162.0)	(32.0, 10106.0)	(33.0, 12754.0)	(34.0, 16969.0)	(35.0, 23881.0)	(36.0, 37145.0)	(37.0, 73556.0)	(38.0, 261098.0)	(39.0, 1391609.0)	(40.0, 21024.0)												
022024-BEL-CBC-T1-774-MCAV_S80_R2_16S	(14.0, 1.0)	(15.0, 43.0)	(16.0, 340.0)	(17.0, 555.0)	(18.0, 605.0)	(19.0, 747.0)	(20.0, 912.0)	(21.0, 954.0)	(22.0, 1076.0)	(23.0, 1546.0)	(24.0, 1594.0)	(25.0, 2568.0)	(26.0, 2369.0)	(27.0, 2139.0)	(28.0, 2491.0)	(29.0, 2633.0)	(30.0, 2981.0)	(31.0, 3400.0)	(32.0, 4168.0)	(33.0, 5254.0)	(34.0, 7242.0)	(35.0, 10074.0)	(36.0, 16272.0)	(37.0, 31069.0)	(38.0, 86824.0)	(39.0, 653360.0)	(40.0, 18186.0)												
022024-BEL-CBC-T2-807-SSID_S31_R2_16S	(14.0, 3.0)	(15.0, 59.0)	(16.0, 434.0)	(17.0, 784.0)	(18.0, 806.0)	(19.0, 937.0)	(20.0, 1262.0)	(21.0, 1544.0)	(22.0, 1664.0)	(23.0, 1704.0)	(24.0, 2055.0)	(25.0, 2514.0)	(26.0, 3084.0)	(27.0, 3821.0)	(28.0, 4861.0)	(29.0, 6012.0)	(30.0, 7111.0)	(31.0, 7848.0)	(32.0, 9110.0)	(33.0, 10330.0)	(34.0, 12270.0)	(35.0, 16059.0)	(36.0, 23106.0)	(37.0, 46111.0)	(38.0, 196075.0)	(39.0, 499387.0)	(40.0, 1002.0)												
022024-BEL-CBC-T3-842-MCAV_S22_R2_16S	(15.0, 43.0)	(16.0, 432.0)	(17.0, 879.0)	(18.0, 802.0)	(19.0, 925.0)	(20.0, 1193.0)	(21.0, 1409.0)	(22.0, 1945.0)	(23.0, 2166.0)	(24.0, 2532.0)	(25.0, 4187.0)	(26.0, 3379.0)	(27.0, 3292.0)	(28.0, 3923.0)	(29.0, 4181.0)	(30.0, 4936.0)	(31.0, 5697.0)	(32.0, 6945.0)	(33.0, 9031.0)	(34.0, 11903.0)	(35.0, 16604.0)	(36.0, 26776.0)	(37.0, 52446.0)	(38.0, 176138.0)	(39.0, 918685.0)	(40.0, 10468.0)													
022024-BEL-CBC-T3-843-MCAV_S73_R2_16S	(15.0, 6.0)	(16.0, 85.0)	(17.0, 156.0)	(18.0, 107.0)	(19.0, 111.0)	(20.0, 123.0)	(21.0, 144.0)	(22.0, 224.0)	(23.0, 372.0)	(24.0, 346.0)	(25.0, 665.0)	(26.0, 567.0)	(27.0, 472.0)	(28.0, 473.0)	(29.0, 606.0)	(30.0, 598.0)	(31.0, 623.0)	(32.0, 837.0)	(33.0, 1093.0)	(34.0, 1455.0)	(35.0, 1975.0)	(36.0, 3127.0)	(37.0, 6173.0)	(38.0, 22286.0)	(39.0, 235005.0)	(40.0, 6656.0)													
022024-BEL-CBC-T3-852-OFAV_S18_R2_16S	(15.0, 18.0)	(16.0, 165.0)	(17.0, 394.0)	(18.0, 326.0)	(19.0, 308.0)	(20.0, 399.0)	(21.0, 514.0)	(22.0, 644.0)	(23.0, 770.0)	(24.0, 936.0)	(25.0, 1537.0)	(26.0, 1445.0)	(27.0, 1194.0)	(28.0, 1308.0)	(29.0, 1497.0)	(30.0, 1797.0)	(31.0, 1958.0)	(32.0, 2441.0)	(33.0, 3108.0)	(34.0, 4080.0)	(35.0, 5496.0)	(36.0, 8473.0)	(37.0, 15900.0)	(38.0, 55717.0)	(39.0, 377570.0)	(40.0, 5955.0)													
042024-BEL-CBC-T1-924-MCAV_S38_R2_16S	(14.0, 1.0)	(15.0, 69.0)	(16.0, 391.0)	(17.0, 569.0)	(18.0, 756.0)	(19.0, 997.0)	(20.0, 1260.0)	(21.0, 1367.0)	(22.0, 1535.0)	(23.0, 1643.0)	(24.0, 1786.0)	(25.0, 2275.0)	(26.0, 2603.0)	(27.0, 3105.0)	(28.0, 3712.0)	(29.0, 4436.0)	(30.0, 5020.0)	(31.0, 5794.0)	(32.0, 6951.0)	(33.0, 8364.0)	(34.0, 10900.0)	(35.0, 14882.0)	(36.0, 23525.0)	(37.0, 50953.0)	(38.0, 206259.0)	(39.0, 510608.0)	(40.0, 2194.0)												
042024-BEL-CBC-T1-931-SSID_S45_R2_16S	(15.0, 29.0)	(16.0, 204.0)	(17.0, 300.0)	(18.0, 372.0)	(19.0, 521.0)	(20.0, 698.0)	(21.0, 744.0)	(22.0, 854.0)	(23.0, 888.0)	(24.0, 1046.0)	(25.0, 1286.0)	(26.0, 1589.0)	(27.0, 1923.0)	(28.0, 2453.0)	(29.0, 3021.0)	(30.0, 3617.0)	(31.0, 4006.0)	(32.0, 4853.0)	(33.0, 5607.0)	(34.0, 7022.0)	(35.0, 8952.0)	(36.0, 13533.0)	(37.0, 27009.0)	(38.0, 108193.0)	(39.0, 347562.0)	(40.0, 1899.0)													
042024-BEL-CBC-T2-1016-MCAV_S68_R2_16S	(14.0, 2.0)	(15.0, 54.0)	(16.0, 540.0)	(17.0, 885.0)	(18.0, 885.0)	(19.0, 1070.0)	(20.0, 1193.0)	(21.0, 1435.0)	(22.0, 1903.0)	(23.0, 2524.0)	(24.0, 2719.0)	(25.0, 4323.0)	(26.0, 4378.0)	(27.0, 4834.0)	(28.0, 6021.0)	(29.0, 7231.0)	(30.0, 8360.0)	(31.0, 9452.0)	(32.0, 10928.0)	(33.0, 12330.0)	(34.0, 14481.0)	(35.0, 17794.0)	(36.0, 24223.0)	(37.0, 39463.0)	(38.0, 128297.0)	(39.0, 1026228.0)	(40.0, 13265.0)												
042024-BEL-CBC-T2-1025-SSID_S59_R2_16S	(14.0, 3.0)	(15.0, 42.0)	(16.0, 363.0)	(17.0, 449.0)	(18.0, 479.0)	(19.0, 710.0)	(20.0, 1111.0)	(21.0, 1153.0)	(22.0, 1204.0)	(23.0, 1299.0)	(24.0, 1495.0)	(25.0, 1957.0)	(26.0, 2686.0)	(27.0, 3605.0)	(28.0, 5058.0)	(29.0, 6594.0)	(30.0, 7761.0)	(31.0, 8774.0)	(32.0, 10006.0)	(33.0, 11407.0)	(34.0, 13196.0)	(35.0, 16594.0)	(36.0, 23071.0)	(37.0, 43650.0)	(38.0, 168439.0)	(39.0, 629515.0)	(40.0, 2944.0)												
042024-BEL-CBC-T2-1035-SSID_S4_R2_16S	(15.0, 6.0)	(16.0, 74.0)	(17.0, 119.0)	(18.0, 109.0)	(19.0, 133.0)	(20.0, 214.0)	(21.0, 301.0)	(22.0, 354.0)	(23.0, 454.0)	(24.0, 651.0)	(25.0, 811.0)	(26.0, 1082.0)	(27.0, 1545.0)	(28.0, 2065.0)	(29.0, 2395.0)	(30.0, 2709.0)	(31.0, 2900.0)	(32.0, 3125.0)	(33.0, 3377.0)	(34.0, 3801.0)	(35.0, 4654.0)	(36.0, 7199.0)	(37.0, 18370.0)	(38.0, 70143.0)	(39.0, 98745.0)	(40.0, 92.0)													
042024-BEL-CBC-T3-950-PSTR_S84_R2_16S	(14.0, 1.0)	(15.0, 163.0)	(16.0, 1241.0)	(17.0, 2435.0)	(18.0, 2722.0)	(19.0, 3563.0)	(20.0, 4244.0)	(21.0, 4141.0)	(22.0, 4714.0)	(23.0, 6438.0)	(24.0, 7183.0)	(25.0, 9855.0)	(26.0, 11545.0)	(27.0, 10631.0)	(28.0, 12241.0)	(29.0, 13721.0)	(30.0, 15016.0)	(31.0, 16399.0)	(32.0, 19528.0)	(33.0, 24207.0)	(34.0, 30687.0)	(35.0, 41004.0)	(36.0, 62434.0)	(37.0, 122998.0)	(38.0, 438139.0)	(39.0, 2634324.0)	(40.0, 28017.0)												
042024-BEL-CBC-T3-956-MCAV_S94_R2_16S	(15.0, 13.0)	(16.0, 142.0)	(17.0, 187.0)	(18.0, 153.0)	(19.0, 186.0)	(20.0, 257.0)	(21.0, 262.0)	(22.0, 409.0)	(23.0, 539.0)	(24.0, 585.0)	(25.0, 884.0)	(26.0, 820.0)	(27.0, 708.0)	(28.0, 782.0)	(29.0, 890.0)	(30.0, 1062.0)	(31.0, 1151.0)	(32.0, 1442.0)	(33.0, 1724.0)	(34.0, 2361.0)	(35.0, 3041.0)	(36.0, 4708.0)	(37.0, 8407.0)	(38.0, 26562.0)	(39.0, 265792.0)	(40.0, 8256.0)													
042024-BEL-CBC-T3-959-SSID_S7_R2_16S	(15.0, 13.0)	(16.0, 85.0)	(17.0, 155.0)	(18.0, 132.0)	(19.0, 148.0)	(20.0, 202.0)	(21.0, 268.0)	(22.0, 287.0)	(23.0, 282.0)	(24.0, 364.0)	(25.0, 399.0)	(26.0, 473.0)	(27.0, 571.0)	(28.0, 623.0)	(29.0, 721.0)	(30.0, 804.0)	(31.0, 915.0)	(32.0, 1088.0)	(33.0, 1311.0)	(34.0, 1609.0)	(35.0, 2145.0)	(36.0, 3505.0)	(37.0, 7573.0)	(38.0, 32754.0)	(39.0, 69823.0)	(40.0, 139.0)													
052022-BEL-CBC-T1-53-PAST_S53_R2_16S	(14.0, 2.0)	(15.0, 54.0)	(16.0, 461.0)	(17.0, 815.0)	(18.0, 1030.0)	(19.0, 1455.0)	(20.0, 1962.0)	(21.0, 2389.0)	(22.0, 2800.0)	(23.0, 2982.0)	(24.0, 3319.0)	(25.0, 3810.0)	(26.0, 4617.0)	(27.0, 5850.0)	(28.0, 7775.0)	(29.0, 10135.0)	(30.0, 12632.0)	(31.0, 15005.0)	(32.0, 17725.0)	(33.0, 19812.0)	(34.0, 22069.0)	(35.0, 25438.0)	(36.0, 32417.0)	(37.0, 52397.0)	(38.0, 195021.0)	(39.0, 560455.0)	(40.0, 929.0)												
052022-BEL-CBC-T1-54-MCAV_S19_R2_16S	(14.0, 1.0)	(15.0, 5.0)	(16.0, 40.0)	(17.0, 70.0)	(18.0, 60.0)	(19.0, 46.0)	(20.0, 72.0)	(21.0, 80.0)	(22.0, 92.0)	(23.0, 93.0)	(24.0, 114.0)	(25.0, 181.0)	(26.0, 186.0)	(27.0, 221.0)	(28.0, 273.0)	(29.0, 287.0)	(30.0, 328.0)	(31.0, 307.0)	(32.0, 383.0)	(33.0, 507.0)	(34.0, 620.0)	(35.0, 784.0)	(36.0, 1253.0)	(37.0, 2786.0)	(38.0, 11416.0)	(39.0, 26352.0)	(40.0, 271.0)												
052022-BEL-CBC-T1-55-PSTR_S67_R2_16S	(15.0, 10.0)	(16.0, 55.0)	(17.0, 86.0)	(18.0, 69.0)	(19.0, 86.0)	(20.0, 69.0)	(21.0, 74.0)	(22.0, 98.0)	(23.0, 209.0)	(24.0, 238.0)	(25.0, 333.0)	(26.0, 442.0)	(27.0, 389.0)	(28.0, 454.0)	(29.0, 610.0)	(30.0, 673.0)	(31.0, 724.0)	(32.0, 893.0)	(33.0, 1083.0)	(34.0, 1168.0)	(35.0, 1592.0)	(36.0, 2217.0)	(37.0, 4940.0)	(38.0, 25829.0)	(39.0, 169166.0)	(40.0, 5127.0)													
052022-BEL-CBC-T1-62-MCAV_S92_R2_16S	(14.0, 1.0)	(15.0, 16.0)	(16.0, 132.0)	(17.0, 242.0)	(18.0, 185.0)	(19.0, 201.0)	(20.0, 262.0)	(21.0, 333.0)	(22.0, 388.0)	(23.0, 586.0)	(24.0, 626.0)	(25.0, 992.0)	(26.0, 973.0)	(27.0, 819.0)	(28.0, 974.0)	(29.0, 993.0)	(30.0, 1108.0)	(31.0, 1362.0)	(32.0, 1629.0)	(33.0, 2085.0)	(34.0, 2684.0)	(35.0, 3694.0)	(36.0, 5442.0)	(37.0, 10418.0)	(38.0, 35727.0)	(39.0, 284656.0)	(40.0, 3397.0)												
052022-BEL-CBC-T1-63-OFAV_S60_R2_16S	(14.0, 1.0)	(15.0, 39.0)	(16.0, 400.0)	(17.0, 737.0)	(18.0, 656.0)	(19.0, 824.0)	(20.0, 1168.0)	(21.0, 1308.0)	(22.0, 1480.0)	(23.0, 2112.0)	(24.0, 2303.0)	(25.0, 3327.0)	(26.0, 3661.0)	(27.0, 3252.0)	(28.0, 3513.0)	(29.0, 3849.0)	(30.0, 4156.0)	(31.0, 4891.0)	(32.0, 6085.0)	(33.0, 7643.0)	(34.0, 10115.0)	(35.0, 13747.0)	(36.0, 21076.0)	(37.0, 39781.0)	(38.0, 139994.0)	(39.0, 1043862.0)	(40.0, 14456.0)												
052022-BEL-CBC-T2-10-MCAV_S3_R2_16S	(14.0, 1.0)	(15.0, 38.0)	(16.0, 212.0)	(17.0, 361.0)	(18.0, 335.0)	(19.0, 421.0)	(20.0, 563.0)	(21.0, 739.0)	(22.0, 868.0)	(23.0, 924.0)	(24.0, 1155.0)	(25.0, 1454.0)	(26.0, 1739.0)	(27.0, 2140.0)	(28.0, 2722.0)	(29.0, 3197.0)	(30.0, 3653.0)	(31.0, 4246.0)	(32.0, 5042.0)	(33.0, 6236.0)	(34.0, 8039.0)	(35.0, 10915.0)	(36.0, 18924.0)	(37.0, 43263.0)	(38.0, 159469.0)	(39.0, 238328.0)	(40.0, 534.0)												
052022-BEL-CBC-T2-11-PAST_S86_R2_16S	(15.0, 86.0)	(16.0, 550.0)	(17.0, 884.0)	(18.0, 1081.0)	(19.0, 1487.0)	(20.0, 1998.0)	(21.0, 2140.0)	(22.0, 2111.0)	(23.0, 2180.0)	(24.0, 2286.0)	(25.0, 2736.0)	(26.0, 3157.0)	(27.0, 3695.0)	(28.0, 4582.0)	(29.0, 5158.0)	(30.0, 6202.0)	(31.0, 6902.0)	(32.0, 8402.0)	(33.0, 10169.0)	(34.0, 12879.0)	(35.0, 17603.0)	(36.0, 27109.0)	(37.0, 53583.0)	(38.0, 223926.0)	(39.0, 852671.0)	(40.0, 1873.0)													
052022-BEL-CBC-T2-59-OFAV_S61_R2_16S	(15.0, 61.0)	(16.0, 428.0)	(17.0, 691.0)	(18.0, 843.0)	(19.0, 1077.0)	(20.0, 1418.0)	(21.0, 1621.0)	(22.0, 1766.0)	(23.0, 2219.0)	(24.0, 2557.0)	(25.0, 3448.0)	(26.0, 4384.0)	(27.0, 5127.0)	(28.0, 6606.0)	(29.0, 8193.0)	(30.0, 9491.0)	(31.0, 10691.0)	(32.0, 12298.0)	(33.0, 13832.0)	(34.0, 16278.0)	(35.0, 19968.0)	(36.0, 27798.0)	(37.0, 49167.0)	(38.0, 177736.0)	(39.0, 754557.0)	(40.0, 7795.0)													
052022-BEL-CBC-T3-16-SSID_S12_R2_16S	(15.0, 68.0)	(16.0, 575.0)	(17.0, 1144.0)	(18.0, 1189.0)	(19.0, 1410.0)	(20.0, 2027.0)	(21.0, 2393.0)	(22.0, 2897.0)	(23.0, 3535.0)	(24.0, 4504.0)	(25.0, 6168.0)	(26.0, 8448.0)	(27.0, 11369.0)	(28.0, 14548.0)	(29.0, 16689.0)	(30.0, 18493.0)	(31.0, 19001.0)	(32.0, 19681.0)	(33.0, 20143.0)	(34.0, 20994.0)	(35.0, 22212.0)	(36.0, 25301.0)	(37.0, 46376.0)	(38.0, 184778.0)	(39.0, 353076.0)	(40.0, 437.0)													
052022-BEL-CBC-T3-25-PAST_S69_R2_16S	(14.0, 4.0)	(15.0, 81.0)	(16.0, 467.0)	(17.0, 775.0)	(18.0, 1061.0)	(19.0, 1471.0)	(20.0, 1873.0)	(21.0, 2004.0)	(22.0, 2151.0)	(23.0, 2204.0)	(24.0, 2430.0)	(25.0, 2628.0)	(26.0, 3042.0)	(27.0, 3591.0)	(28.0, 4195.0)	(29.0, 4900.0)	(30.0, 5652.0)	(31.0, 6487.0)	(32.0, 7544.0)	(33.0, 9314.0)	(34.0, 11227.0)	(35.0, 14922.0)	(36.0, 23077.0)	(37.0, 49936.0)	(38.0, 200318.0)	(39.0, 486187.0)	(40.0, 719.0)												
052022-BEL-CBC-T3-6-SSID_S77_R2_16S	(14.0, 1.0)	(15.0, 50.0)	(16.0, 307.0)	(17.0, 444.0)	(18.0, 582.0)	(19.0, 791.0)	(20.0, 1090.0)	(21.0, 1165.0)	(22.0, 1128.0)	(23.0, 1163.0)	(24.0, 1228.0)	(25.0, 1441.0)	(26.0, 1717.0)	(27.0, 1908.0)	(28.0, 2160.0)	(29.0, 2430.0)	(30.0, 2822.0)	(31.0, 3333.0)	(32.0, 4017.0)	(33.0, 5009.0)	(34.0, 6572.0)	(35.0, 9240.0)	(36.0, 15653.0)	(37.0, 33590.0)	(38.0, 140859.0)	(39.0, 382878.0)	(40.0, 1088.0)												
052022-BEL-CBC-T3-65-OFAV_S5_R2_16S	(15.0, 26.0)	(16.0, 234.0)	(17.0, 518.0)	(18.0, 555.0)	(19.0, 594.0)	(20.0, 847.0)	(21.0, 872.0)	(22.0, 1116.0)	(23.0, 1397.0)	(24.0, 1465.0)	(25.0, 2150.0)	(26.0, 2503.0)	(27.0, 2446.0)	(28.0, 2860.0)	(29.0, 3191.0)	(30.0, 3621.0)	(31.0, 3895.0)	(32.0, 4532.0)	(33.0, 5540.0)	(34.0, 6859.0)	(35.0, 9083.0)	(36.0, 13994.0)	(37.0, 27894.0)	(38.0, 108829.0)	(39.0, 431144.0)	(40.0, 4121.0)													
062019-BEL-CBC-T1-12-PAST_S36_R2_16S	(14.0, 1.0)	(15.0, 28.0)	(16.0, 307.0)	(17.0, 635.0)	(18.0, 726.0)	(19.0, 1022.0)	(20.0, 1404.0)	(21.0, 1565.0)	(22.0, 1705.0)	(23.0, 1943.0)	(24.0, 2279.0)	(25.0, 3110.0)	(26.0, 4010.0)	(27.0, 5663.0)	(28.0, 7785.0)	(29.0, 10137.0)	(30.0, 12946.0)	(31.0, 15057.0)	(32.0, 17855.0)	(33.0, 19461.0)	(34.0, 21054.0)	(35.0, 23139.0)	(36.0, 27698.0)	(37.0, 42479.0)	(38.0, 134170.0)	(39.0, 342923.0)	(40.0, 513.0)												
062019-BEL-CBC-T2-16-MCAV_S33_R2_16S	(14.0, 1.0)	(15.0, 8.0)	(16.0, 73.0)	(17.0, 140.0)	(18.0, 128.0)	(19.0, 136.0)	(20.0, 169.0)	(21.0, 188.0)	(22.0, 250.0)	(23.0, 341.0)	(24.0, 382.0)	(25.0, 643.0)	(26.0, 529.0)	(27.0, 483.0)	(28.0, 608.0)	(29.0, 652.0)	(30.0, 736.0)	(31.0, 814.0)	(32.0, 1066.0)	(33.0, 1303.0)	(34.0, 1709.0)	(35.0, 2494.0)	(36.0, 3833.0)	(37.0, 8707.0)	(38.0, 35305.0)	(39.0, 201895.0)	(40.0, 3349.0)												
062019-BEL-CBC-T2-2-PAST_S76_R2_16S	(14.0, 6.0)	(15.0, 87.0)	(16.0, 436.0)	(17.0, 725.0)	(18.0, 1080.0)	(19.0, 1346.0)	(20.0, 1637.0)	(21.0, 1724.0)	(22.0, 1727.0)	(23.0, 1672.0)	(24.0, 1838.0)	(25.0, 2004.0)	(26.0, 2231.0)	(27.0, 2582.0)	(28.0, 3018.0)	(29.0, 3450.0)	(30.0, 4073.0)	(31.0, 4873.0)	(32.0, 6202.0)	(33.0, 8035.0)	(34.0, 10531.0)	(35.0, 14714.0)	(36.0, 24725.0)	(37.0, 54362.0)	(38.0, 208410.0)	(39.0, 425418.0)	(40.0, 486.0)												
062019-BEL-CBC-T3-16-MCAV_S47_R2_16S	(14.0, 1.0)	(15.0, 30.0)	(16.0, 351.0)	(17.0, 495.0)	(18.0, 473.0)	(19.0, 548.0)	(20.0, 765.0)	(21.0, 915.0)	(22.0, 1317.0)	(23.0, 1863.0)	(24.0, 1787.0)	(25.0, 3172.0)	(26.0, 2897.0)	(27.0, 2701.0)	(28.0, 3380.0)	(29.0, 3733.0)	(30.0, 4554.0)	(31.0, 5024.0)	(32.0, 6134.0)	(33.0, 7428.0)	(34.0, 9527.0)	(35.0, 12586.0)	(36.0, 18350.0)	(37.0, 33491.0)	(38.0, 116157.0)	(39.0, 938668.0)	(40.0, 16737.0)												
062019-BEL-CBC-T3-27-SSID_S17_R2_16S	(15.0, 14.0)	(16.0, 133.0)	(17.0, 227.0)	(18.0, 175.0)	(19.0, 214.0)	(20.0, 239.0)	(21.0, 313.0)	(22.0, 375.0)	(23.0, 407.0)	(24.0, 504.0)	(25.0, 698.0)	(26.0, 899.0)	(27.0, 1328.0)	(28.0, 1851.0)	(29.0, 2381.0)	(30.0, 2918.0)	(31.0, 3175.0)	(32.0, 3357.0)	(33.0, 3461.0)	(34.0, 3694.0)	(35.0, 3904.0)	(36.0, 4309.0)	(37.0, 5844.0)	(38.0, 19746.0)	(39.0, 58905.0)	(40.0, 194.0)													
062024-BEL-CBC-T1-1341-SSID_S56_R2_16S	(14.0, 1.0)	(15.0, 94.0)	(16.0, 589.0)	(17.0, 905.0)	(18.0, 1115.0)	(19.0, 1680.0)	(20.0, 2112.0)	(21.0, 2211.0)	(22.0, 2280.0)	(23.0, 2310.0)	(24.0, 2506.0)	(25.0, 2891.0)	(26.0, 3124.0)	(27.0, 3874.0)	(28.0, 4654.0)	(29.0, 5626.0)	(30.0, 6615.0)	(31.0, 7718.0)	(32.0, 9330.0)	(33.0, 11954.0)	(34.0, 15248.0)	(35.0, 21215.0)	(36.0, 34597.0)	(37.0, 75070.0)	(38.0, 310038.0)	(39.0, 895977.0)	(40.0, 2881.0)												
062024-BEL-CBC-T2-1369-SSID_S10_R2_16S	(14.0, 3.0)	(15.0, 117.0)	(16.0, 441.0)	(17.0, 642.0)	(18.0, 772.0)	(19.0, 944.0)	(20.0, 1241.0)	(21.0, 1409.0)	(22.0, 1417.0)	(23.0, 1344.0)	(24.0, 1445.0)	(25.0, 1576.0)	(26.0, 1862.0)	(27.0, 2019.0)	(28.0, 2521.0)	(29.0, 2883.0)	(30.0, 3423.0)	(31.0, 4043.0)	(32.0, 5207.0)	(33.0, 6516.0)	(34.0, 8919.0)	(35.0, 13257.0)	(36.0, 23138.0)	(37.0, 54196.0)	(38.0, 240012.0)	(39.0, 441561.0)	(40.0, 324.0)												
062024-BEL-CBC-T2-1378-PAST_S54_R2_16S	(14.0, 4.0)	(15.0, 54.0)	(16.0, 458.0)	(17.0, 724.0)	(18.0, 760.0)	(19.0, 1232.0)	(20.0, 1657.0)	(21.0, 1738.0)	(22.0, 1691.0)	(23.0, 1624.0)	(24.0, 1895.0)	(25.0, 2041.0)	(26.0, 2293.0)	(27.0, 2535.0)	(28.0, 3163.0)	(29.0, 3715.0)	(30.0, 4322.0)	(31.0, 5259.0)	(32.0, 6396.0)	(33.0, 7951.0)	(34.0, 10756.0)	(35.0, 14798.0)	(36.0, 23369.0)	(37.0, 48047.0)	(38.0, 204793.0)	(39.0, 741961.0)	(40.0, 1786.0)												
062024-BEL-CBC-T2-1387-OFAV_S44_R2_16S	(15.0, 12.0)	(16.0, 97.0)	(17.0, 155.0)	(18.0, 178.0)	(19.0, 188.0)	(20.0, 233.0)	(21.0, 330.0)	(22.0, 333.0)	(23.0, 494.0)	(24.0, 553.0)	(25.0, 775.0)	(26.0, 861.0)	(27.0, 826.0)	(28.0, 1102.0)	(29.0, 1144.0)	(30.0, 1364.0)	(31.0, 1471.0)	(32.0, 1794.0)	(33.0, 2115.0)	(34.0, 2624.0)	(35.0, 3630.0)	(36.0, 5193.0)	(37.0, 9433.0)	(38.0, 32842.0)	(39.0, 195773.0)	(40.0, 2287.0)													
062024-BEL-CBC-T3-1412-MCAV_S13_R2_16S	(14.0, 3.0)	(15.0, 14.0)	(16.0, 154.0)	(17.0, 292.0)	(18.0, 273.0)	(19.0, 305.0)	(20.0, 428.0)	(21.0, 468.0)	(22.0, 654.0)	(23.0, 659.0)	(24.0, 705.0)	(25.0, 1297.0)	(26.0, 1029.0)	(27.0, 1089.0)	(28.0, 1193.0)	(29.0, 1300.0)	(30.0, 1482.0)	(31.0, 1759.0)	(32.0, 2112.0)	(33.0, 2808.0)	(34.0, 3482.0)	(35.0, 4927.0)	(36.0, 7780.0)	(37.0, 14941.0)	(38.0, 51166.0)	(39.0, 296950.0)	(40.0, 3529.0)												
062024-BEL-CBC-T3-1421-OFAV_S55_R2_16S	(14.0, 4.0)	(15.0, 48.0)	(16.0, 546.0)	(17.0, 917.0)	(18.0, 860.0)	(19.0, 945.0)	(20.0, 1443.0)	(21.0, 1640.0)	(22.0, 1996.0)	(23.0, 2963.0)	(24.0, 3075.0)	(25.0, 4481.0)	(26.0, 5260.0)	(27.0, 4681.0)	(28.0, 5538.0)	(29.0, 6773.0)	(30.0, 7950.0)	(31.0, 9364.0)	(32.0, 11754.0)	(33.0, 14104.0)	(34.0, 17245.0)	(35.0, 21089.0)	(36.0, 29906.0)	(37.0, 49859.0)	(38.0, 164788.0)	(39.0, 1368039.0)	(40.0, 22188.0)												
062024-BEL-CBC-T3-1445-SSID_S58_R2_16S	(14.0, 2.0)	(15.0, 72.0)	(16.0, 443.0)	(17.0, 639.0)	(18.0, 652.0)	(19.0, 929.0)	(20.0, 1295.0)	(21.0, 1519.0)	(22.0, 1642.0)	(23.0, 1689.0)	(24.0, 1930.0)	(25.0, 2277.0)	(26.0, 2968.0)	(27.0, 3774.0)	(28.0, 5114.0)	(29.0, 6358.0)	(30.0, 8084.0)	(31.0, 9661.0)	(32.0, 11826.0)	(33.0, 13449.0)	(34.0, 16271.0)	(35.0, 20534.0)	(36.0, 30620.0)	(37.0, 54902.0)	(38.0, 200044.0)	(39.0, 775892.0)	(40.0, 4089.0)												
062024-BEL-CBC-T3-1448-PAST_S40_R2_16S	(14.0, 1.0)	(15.0, 36.0)	(16.0, 243.0)	(17.0, 454.0)	(18.0, 514.0)	(19.0, 705.0)	(20.0, 1028.0)	(21.0, 1112.0)	(22.0, 1046.0)	(23.0, 1091.0)	(24.0, 1194.0)	(25.0, 1252.0)	(26.0, 1585.0)	(27.0, 2017.0)	(28.0, 2334.0)	(29.0, 2920.0)	(30.0, 3391.0)	(31.0, 3860.0)	(32.0, 4567.0)	(33.0, 5389.0)	(34.0, 6715.0)	(35.0, 8865.0)	(36.0, 13339.0)	(37.0, 25884.0)	(38.0, 109064.0)	(39.0, 333688.0)	(40.0, 416.0)												
062024-BEL-CBC-T4-1464-MCAV_S43_R2_16S	(15.0, 12.0)	(16.0, 95.0)	(17.0, 150.0)	(18.0, 122.0)	(19.0, 159.0)	(20.0, 249.0)	(21.0, 211.0)	(22.0, 316.0)	(23.0, 517.0)	(24.0, 446.0)	(25.0, 866.0)	(26.0, 726.0)	(27.0, 670.0)	(28.0, 785.0)	(29.0, 972.0)	(30.0, 1057.0)	(31.0, 1277.0)	(32.0, 1513.0)	(33.0, 1944.0)	(34.0, 2482.0)	(35.0, 3356.0)	(36.0, 5035.0)	(37.0, 9270.0)	(38.0, 33318.0)	(39.0, 255689.0)	(40.0, 4630.0)													
062024-BEL-CBC-T4-1467-MCAV_S57_R2_16S	(15.0, 22.0)	(16.0, 194.0)	(17.0, 327.0)	(18.0, 224.0)	(19.0, 279.0)	(20.0, 311.0)	(21.0, 411.0)	(22.0, 626.0)	(23.0, 932.0)	(24.0, 924.0)	(25.0, 1736.0)	(26.0, 1527.0)	(27.0, 1277.0)	(28.0, 1514.0)	(29.0, 1656.0)	(30.0, 1972.0)	(31.0, 2122.0)	(32.0, 2592.0)	(33.0, 3531.0)	(34.0, 4658.0)	(35.0, 6425.0)	(36.0, 10276.0)	(37.0, 20709.0)	(38.0, 76345.0)	(39.0, 640620.0)	(40.0, 11735.0)													
062024-BEL-CBC-T4-1470-PSTR_S11_R2_16S	(14.0, 1.0)	(15.0, 13.0)	(16.0, 134.0)	(17.0, 296.0)	(18.0, 250.0)	(19.0, 310.0)	(20.0, 374.0)	(21.0, 503.0)	(22.0, 780.0)	(23.0, 890.0)	(24.0, 1181.0)	(25.0, 1894.0)	(26.0, 2217.0)	(27.0, 2830.0)	(28.0, 3950.0)	(29.0, 4935.0)	(30.0, 5448.0)	(31.0, 5565.0)	(32.0, 5936.0)	(33.0, 6215.0)	(34.0, 6346.0)	(35.0, 6545.0)	(36.0, 7738.0)	(37.0, 13374.0)	(38.0, 49514.0)	(39.0, 239548.0)	(40.0, 2596.0)												
082024-BEL-CBC-T1-1480-SSID_S70_R2_16S	(14.0, 1.0)	(15.0, 40.0)	(16.0, 206.0)	(17.0, 287.0)	(18.0, 333.0)	(19.0, 428.0)	(20.0, 548.0)	(21.0, 575.0)	(22.0, 574.0)	(23.0, 608.0)	(24.0, 668.0)	(25.0, 719.0)	(26.0, 938.0)	(27.0, 943.0)	(28.0, 1104.0)	(29.0, 1288.0)	(30.0, 1589.0)	(31.0, 1795.0)	(32.0, 2133.0)	(33.0, 2606.0)	(34.0, 3442.0)	(35.0, 4734.0)	(36.0, 7724.0)	(37.0, 15950.0)	(38.0, 66552.0)	(39.0, 214682.0)	(40.0, 783.0)												
082024-BEL-CBC-T1-1483-MCAV_S91_R2_16S	(14.0, 1.0)	(15.0, 10.0)	(16.0, 87.0)	(17.0, 126.0)	(18.0, 103.0)	(19.0, 148.0)	(20.0, 176.0)	(21.0, 163.0)	(22.0, 227.0)	(23.0, 311.0)	(24.0, 349.0)	(25.0, 563.0)	(26.0, 479.0)	(27.0, 429.0)	(28.0, 509.0)	(29.0, 551.0)	(30.0, 654.0)	(31.0, 750.0)	(32.0, 963.0)	(33.0, 1292.0)	(34.0, 1788.0)	(35.0, 2741.0)	(36.0, 4785.0)	(37.0, 9710.0)	(38.0, 32074.0)	(39.0, 191496.0)	(40.0, 5051.0)												
082024-BEL-CBC-T2-1507-OFAV_S28_R2_16S	(14.0, 1.0)	(15.0, 26.0)	(16.0, 316.0)	(17.0, 803.0)	(18.0, 767.0)	(19.0, 840.0)	(20.0, 1206.0)	(21.0, 1267.0)	(22.0, 1603.0)	(23.0, 2042.0)	(24.0, 2111.0)	(25.0, 3520.0)	(26.0, 3355.0)	(27.0, 3154.0)	(28.0, 3624.0)	(29.0, 3907.0)	(30.0, 4544.0)	(31.0, 5200.0)	(32.0, 6319.0)	(33.0, 8108.0)	(34.0, 10392.0)	(35.0, 13981.0)	(36.0, 21008.0)	(37.0, 40183.0)	(38.0, 149857.0)	(39.0, 886408.0)	(40.0, 7765.0)												
082024-BEL-CBC-T2-1509-SSID_S48_R2_16S	(15.0, 27.0)	(16.0, 250.0)	(17.0, 408.0)	(18.0, 474.0)	(19.0, 748.0)	(20.0, 890.0)	(21.0, 1130.0)	(22.0, 1163.0)	(23.0, 1146.0)	(24.0, 1333.0)	(25.0, 1537.0)	(26.0, 1906.0)	(27.0, 2213.0)	(28.0, 2632.0)	(29.0, 3119.0)	(30.0, 3560.0)	(31.0, 4145.0)	(32.0, 4810.0)	(33.0, 6076.0)	(34.0, 7508.0)	(35.0, 10050.0)	(36.0, 15833.0)	(37.0, 33244.0)	(38.0, 133828.0)	(39.0, 461661.0)	(40.0, 1883.0)													
082024-BEL-CBC-T2-1516-OFAV_S41_R2_16S	(14.0, 1.0)	(15.0, 23.0)	(16.0, 88.0)	(17.0, 188.0)	(18.0, 166.0)	(19.0, 166.0)	(20.0, 247.0)	(21.0, 289.0)	(22.0, 325.0)	(23.0, 569.0)	(24.0, 663.0)	(25.0, 955.0)	(26.0, 1048.0)	(27.0, 830.0)	(28.0, 854.0)	(29.0, 998.0)	(30.0, 1072.0)	(31.0, 1254.0)	(32.0, 1571.0)	(33.0, 2020.0)	(34.0, 2571.0)	(35.0, 3537.0)	(36.0, 5330.0)	(37.0, 9559.0)	(38.0, 32649.0)	(39.0, 307243.0)	(40.0, 6727.0)												
082024-BEL-CBC-T3-1555-SSID_S65_R2_16S	(14.0, 2.0)	(15.0, 8.0)	(16.0, 80.0)	(17.0, 127.0)	(18.0, 121.0)	(19.0, 172.0)	(20.0, 192.0)	(21.0, 205.0)	(22.0, 215.0)	(23.0, 260.0)	(24.0, 294.0)	(25.0, 322.0)	(26.0, 382.0)	(27.0, 414.0)	(28.0, 528.0)	(29.0, 640.0)	(30.0, 734.0)	(31.0, 894.0)	(32.0, 1075.0)	(33.0, 1273.0)	(34.0, 1743.0)	(35.0, 2566.0)	(36.0, 4260.0)	(37.0, 9974.0)	(38.0, 51173.0)	(39.0, 167787.0)	(40.0, 797.0)												
082024-BEL-CBC-T3-1563-SSID_S8_R2_16S	(14.0, 2.0)	(15.0, 68.0)	(16.0, 660.0)	(17.0, 1235.0)	(18.0, 1339.0)	(19.0, 1678.0)	(20.0, 2312.0)	(21.0, 2644.0)	(22.0, 3031.0)	(23.0, 3554.0)	(24.0, 4481.0)	(25.0, 5841.0)	(26.0, 7753.0)	(27.0, 10274.0)	(28.0, 13369.0)	(29.0, 15561.0)	(30.0, 16671.0)	(31.0, 16954.0)	(32.0, 18102.0)	(33.0, 19062.0)	(34.0, 20829.0)	(35.0, 22426.0)	(36.0, 27797.0)	(37.0, 51422.0)	(38.0, 196809.0)	(39.0, 417342.0)	(40.0, 566.0)												
082024-BEL-CBC-T4-1605-MCAV_S42_R2_16S	(14.0, 1.0)	(15.0, 13.0)	(16.0, 105.0)	(17.0, 143.0)	(18.0, 128.0)	(19.0, 122.0)	(20.0, 190.0)	(21.0, 203.0)	(22.0, 347.0)	(23.0, 508.0)	(24.0, 462.0)	(25.0, 862.0)	(26.0, 745.0)	(27.0, 718.0)	(28.0, 893.0)	(29.0, 1016.0)	(30.0, 1223.0)	(31.0, 1454.0)	(32.0, 1783.0)	(33.0, 2240.0)	(34.0, 2865.0)	(35.0, 3826.0)	(36.0, 5799.0)	(37.0, 10647.0)	(38.0, 38714.0)	(39.0, 323432.0)	(40.0, 5974.0)												
082024-BEL-CBC-T4-1610-MCAV_S72_R2_16S	(14.0, 3.0)	(15.0, 83.0)	(16.0, 610.0)	(17.0, 948.0)	(18.0, 973.0)	(19.0, 1114.0)	(20.0, 1382.0)	(21.0, 1456.0)	(22.0, 1784.0)	(23.0, 2403.0)	(24.0, 2749.0)	(25.0, 4237.0)	(26.0, 3977.0)	(27.0, 3495.0)	(28.0, 3933.0)	(29.0, 4159.0)	(30.0, 4792.0)	(31.0, 5407.0)	(32.0, 6547.0)	(33.0, 8280.0)	(34.0, 10353.0)	(35.0, 14446.0)	(36.0, 21891.0)	(37.0, 40319.0)	(38.0, 126317.0)	(39.0, 1107034.0)	(40.0, 31965.0)												
092023-BEL-CBC-T1-172-PAST_S83_R2_16S	(14.0, 2.0)	(15.0, 57.0)	(16.0, 377.0)	(17.0, 504.0)	(18.0, 499.0)	(19.0, 601.0)	(20.0, 706.0)	(21.0, 726.0)	(22.0, 809.0)	(23.0, 831.0)	(24.0, 942.0)	(25.0, 1234.0)	(26.0, 1566.0)	(27.0, 2076.0)	(28.0, 2879.0)	(29.0, 3934.0)	(30.0, 5132.0)	(31.0, 6479.0)	(32.0, 8193.0)	(33.0, 9986.0)	(34.0, 12387.0)	(35.0, 16311.0)	(36.0, 26374.0)	(37.0, 61848.0)	(38.0, 312530.0)	(39.0, 970961.0)	(40.0, 1568.0)												
092023-BEL-CBC-T1-178-OANN_S87_R2_16S	(14.0, 5.0)	(15.0, 122.0)	(16.0, 567.0)	(17.0, 995.0)	(18.0, 1270.0)	(19.0, 1695.0)	(20.0, 1980.0)	(21.0, 2190.0)	(22.0, 2213.0)	(23.0, 2074.0)	(24.0, 2500.0)	(25.0, 2633.0)	(26.0, 3015.0)	(27.0, 3284.0)	(28.0, 3878.0)	(29.0, 4342.0)	(30.0, 5080.0)	(31.0, 5834.0)	(32.0, 7456.0)	(33.0, 9341.0)	(34.0, 12494.0)	(35.0, 18362.0)	(36.0, 30942.0)	(37.0, 69132.0)	(38.0, 294072.0)	(39.0, 691517.0)	(40.0, 1124.0)												
092023-BEL-CBC-T2-171-OFAV_S66_R2_16S	(14.0, 2.0)	(15.0, 68.0)	(16.0, 421.0)	(17.0, 649.0)	(18.0, 614.0)	(19.0, 901.0)	(20.0, 1087.0)	(21.0, 1069.0)	(22.0, 1247.0)	(23.0, 1544.0)	(24.0, 1896.0)	(25.0, 2437.0)	(26.0, 3056.0)	(27.0, 3334.0)	(28.0, 4561.0)	(29.0, 5695.0)	(30.0, 7108.0)	(31.0, 8384.0)	(32.0, 9683.0)	(33.0, 10841.0)	(34.0, 12106.0)	(35.0, 14522.0)	(36.0, 20060.0)	(37.0, 33460.0)	(38.0, 112384.0)	(39.0, 518379.0)	(40.0, 8464.0)												
092023-BEL-CBC-T2-172-OFAV_S71_R2_16S	(14.0, 3.0)	(15.0, 102.0)	(16.0, 515.0)	(17.0, 794.0)	(18.0, 1086.0)	(19.0, 1258.0)	(20.0, 1553.0)	(21.0, 1625.0)	(22.0, 1822.0)	(23.0, 1879.0)	(24.0, 1996.0)	(25.0, 2400.0)	(26.0, 2885.0)	(27.0, 3354.0)	(28.0, 4441.0)	(29.0, 5051.0)	(30.0, 6027.0)	(31.0, 6814.0)	(32.0, 8027.0)	(33.0, 9556.0)	(34.0, 11518.0)	(35.0, 14958.0)	(36.0, 23654.0)	(37.0, 47814.0)	(38.0, 197475.0)	(39.0, 510213.0)	(40.0, 1854.0)												
092023-BEL-CBC-T2-176-MCAV_S51_R2_16S	(15.0, 31.0)	(16.0, 261.0)	(17.0, 301.0)	(18.0, 247.0)	(19.0, 297.0)	(20.0, 355.0)	(21.0, 409.0)	(22.0, 676.0)	(23.0, 951.0)	(24.0, 1025.0)	(25.0, 1864.0)	(26.0, 1790.0)	(27.0, 2152.0)	(28.0, 3038.0)	(29.0, 4205.0)	(30.0, 5448.0)	(31.0, 6228.0)	(32.0, 7036.0)	(33.0, 8141.0)	(34.0, 8892.0)	(35.0, 10399.0)	(36.0, 13750.0)	(37.0, 24064.0)	(38.0, 93610.0)	(39.0, 587577.0)	(40.0, 9472.0)													
092023-BEL-CBC-T2-182-PAST_S32_R2_16S	(15.0, 61.0)	(16.0, 489.0)	(17.0, 937.0)	(18.0, 961.0)	(19.0, 1093.0)	(20.0, 1805.0)	(21.0, 1997.0)	(22.0, 2099.0)	(23.0, 2267.0)	(24.0, 2701.0)	(25.0, 3281.0)	(26.0, 4285.0)	(27.0, 5528.0)	(28.0, 7150.0)	(29.0, 8918.0)	(30.0, 10398.0)	(31.0, 11897.0)	(32.0, 13544.0)	(33.0, 14713.0)	(34.0, 16394.0)	(35.0, 19017.0)	(36.0, 24818.0)	(37.0, 43817.0)	(38.0, 174165.0)	(39.0, 363609.0)	(40.0, 376.0)													
092023-BEL-CBC-T3-176-MCAV_S34_R2_16S	(15.0, 28.0)	(16.0, 227.0)	(17.0, 311.0)	(18.0, 340.0)	(19.0, 444.0)	(20.0, 633.0)	(21.0, 729.0)	(22.0, 860.0)	(23.0, 1015.0)	(24.0, 1141.0)	(25.0, 1841.0)	(26.0, 1860.0)	(27.0, 2134.0)	(28.0, 2725.0)	(29.0, 3748.0)	(30.0, 4309.0)	(31.0, 5084.0)	(32.0, 5911.0)	(33.0, 6776.0)	(34.0, 7933.0)	(35.0, 9474.0)	(36.0, 12512.0)	(37.0, 20274.0)	(38.0, 66707.0)	(39.0, 389106.0)	(40.0, 5943.0)													
092023-BEL-CBC-T3-181-PAST_S37_R2_16S	(15.0, 51.0)	(16.0, 379.0)	(17.0, 569.0)	(18.0, 638.0)	(19.0, 939.0)	(20.0, 1351.0)	(21.0, 1402.0)	(22.0, 1365.0)	(23.0, 1561.0)	(24.0, 1793.0)	(25.0, 2053.0)	(26.0, 2475.0)	(27.0, 3190.0)	(28.0, 4059.0)	(29.0, 4900.0)	(30.0, 5983.0)	(31.0, 6628.0)	(32.0, 7641.0)	(33.0, 8819.0)	(34.0, 10999.0)	(35.0, 13962.0)	(36.0, 20565.0)	(37.0, 40817.0)	(38.0, 168837.0)	(39.0, 484236.0)	(40.0, 714.0)													
092023-BEL-CBC-T4-93-PSTR_S6_R2_16S	(15.0, 15.0)	(16.0, 53.0)	(17.0, 71.0)	(18.0, 58.0)	(19.0, 61.0)	(20.0, 111.0)	(21.0, 106.0)	(22.0, 73.0)	(23.0, 98.0)	(24.0, 122.0)	(25.0, 167.0)	(26.0, 143.0)	(27.0, 157.0)	(28.0, 189.0)	(29.0, 214.0)	(30.0, 252.0)	(31.0, 295.0)	(32.0, 326.0)	(33.0, 392.0)	(34.0, 495.0)	(35.0, 655.0)	(36.0, 1088.0)	(37.0, 2269.0)	(38.0, 8805.0)	(39.0, 14789.0)	(40.0, 43.0)													
102019-BEL-CBC-T3-35-PSTR_S21_R2_16S	(14.0, 1.0)	(15.0, 25.0)	(16.0, 356.0)	(17.0, 848.0)	(18.0, 752.0)	(19.0, 810.0)	(20.0, 1168.0)	(21.0, 1357.0)	(22.0, 1801.0)	(23.0, 2054.0)	(24.0, 2247.0)	(25.0, 3969.0)	(26.0, 3797.0)	(27.0, 3631.0)	(28.0, 3975.0)	(29.0, 4604.0)	(30.0, 5115.0)	(31.0, 5901.0)	(32.0, 6964.0)	(33.0, 8691.0)	(34.0, 11001.0)	(35.0, 14459.0)	(36.0, 21466.0)	(37.0, 40723.0)	(38.0, 147556.0)	(39.0, 901290.0)	(40.0, 11694.0)												
112023-BEL-CBC-T1-273-PAST_S29_R2_16S	(14.0, 3.0)	(15.0, 59.0)	(16.0, 438.0)	(17.0, 818.0)	(18.0, 913.0)	(19.0, 1060.0)	(20.0, 1776.0)	(21.0, 2022.0)	(22.0, 1948.0)	(23.0, 1868.0)	(24.0, 2057.0)	(25.0, 2318.0)	(26.0, 2578.0)	(27.0, 2919.0)	(28.0, 3421.0)	(29.0, 4062.0)	(30.0, 4640.0)	(31.0, 5476.0)	(32.0, 6623.0)	(33.0, 8108.0)	(34.0, 10546.0)	(35.0, 14472.0)	(36.0, 23649.0)	(37.0, 49914.0)	(38.0, 227672.0)	(39.0, 605856.0)	(40.0, 781.0)												
112023-BEL-CBC-T1-277-OFAV-OANN_S23_R2_16S	(14.0, 1.0)	(15.0, 9.0)	(16.0, 108.0)	(17.0, 248.0)	(18.0, 218.0)	(19.0, 183.0)	(20.0, 294.0)	(21.0, 321.0)	(22.0, 469.0)	(23.0, 488.0)	(24.0, 535.0)	(25.0, 820.0)	(26.0, 803.0)	(27.0, 728.0)	(28.0, 865.0)	(29.0, 896.0)	(30.0, 1076.0)	(31.0, 1216.0)	(32.0, 1471.0)	(33.0, 2005.0)	(34.0, 2465.0)	(35.0, 3450.0)	(36.0, 5209.0)	(37.0, 10060.0)	(38.0, 36669.0)	(39.0, 207166.0)	(40.0, 2315.0)												
112023-BEL-CBC-T1-278-PSTR_S14_R2_16S	(15.0, 11.0)	(16.0, 76.0)	(17.0, 137.0)	(18.0, 132.0)	(19.0, 147.0)	(20.0, 203.0)	(21.0, 255.0)	(22.0, 295.0)	(23.0, 384.0)	(24.0, 367.0)	(25.0, 629.0)	(26.0, 650.0)	(27.0, 650.0)	(28.0, 796.0)	(29.0, 935.0)	(30.0, 974.0)	(31.0, 1066.0)	(32.0, 1258.0)	(33.0, 1492.0)	(34.0, 1873.0)	(35.0, 2496.0)	(36.0, 3672.0)	(37.0, 6924.0)	(38.0, 26658.0)	(39.0, 123716.0)	(40.0, 1120.0)													
112023-BEL-CBC-T2-311-MCAV_S79_R2_16S	(15.0, 9.0)	(16.0, 130.0)	(17.0, 192.0)	(18.0, 212.0)	(19.0, 220.0)	(20.0, 281.0)	(21.0, 299.0)	(22.0, 381.0)	(23.0, 499.0)	(24.0, 521.0)	(25.0, 806.0)	(26.0, 783.0)	(27.0, 752.0)	(28.0, 813.0)	(29.0, 947.0)	(30.0, 1039.0)	(31.0, 1180.0)	(32.0, 1472.0)	(33.0, 1880.0)	(34.0, 2444.0)	(35.0, 3369.0)	(36.0, 5308.0)	(37.0, 9883.0)	(38.0, 30034.0)	(39.0, 243528.0)	(40.0, 6921.0)													
112023-BEL-CBC-T2-312-OFAV_S74_R2_16S	(14.0, 3.0)	(15.0, 65.0)	(16.0, 309.0)	(17.0, 550.0)	(18.0, 513.0)	(19.0, 787.0)	(20.0, 874.0)	(21.0, 849.0)	(22.0, 1058.0)	(23.0, 1276.0)	(24.0, 1504.0)	(25.0, 2022.0)	(26.0, 2598.0)	(27.0, 3053.0)	(28.0, 3933.0)	(29.0, 4946.0)	(30.0, 6005.0)	(31.0, 6970.0)	(32.0, 8093.0)	(33.0, 9137.0)	(34.0, 10193.0)	(35.0, 12285.0)	(36.0, 16870.0)	(37.0, 27345.0)	(38.0, 91096.0)	(39.0, 439571.0)	(40.0, 7041.0)												
112023-BEL-CBC-T3-348-SSID_S85_R2_16S	(14.0, 2.0)	(15.0, 105.0)	(16.0, 643.0)	(17.0, 938.0)	(18.0, 1199.0)	(19.0, 1635.0)	(20.0, 2060.0)	(21.0, 2226.0)	(22.0, 2225.0)	(23.0, 2318.0)	(24.0, 2685.0)	(25.0, 3001.0)	(26.0, 3632.0)	(27.0, 4293.0)	(28.0, 5051.0)	(29.0, 5889.0)	(30.0, 6639.0)	(31.0, 7625.0)	(32.0, 9045.0)	(33.0, 10692.0)	(34.0, 13622.0)	(35.0, 18395.0)	(36.0, 28249.0)	(37.0, 56209.0)	(38.0, 226877.0)	(39.0, 841973.0)	(40.0, 3941.0)												
112023-BEL-CBC-T3-350-OFAV_S93_R2_16S	(14.0, 1.0)	(15.0, 39.0)	(16.0, 470.0)	(17.0, 877.0)	(18.0, 808.0)	(19.0, 895.0)	(20.0, 1164.0)	(21.0, 1352.0)	(22.0, 1605.0)	(23.0, 2163.0)	(24.0, 2413.0)	(25.0, 3633.0)	(26.0, 4211.0)	(27.0, 3602.0)	(28.0, 3864.0)	(29.0, 4378.0)	(30.0, 4746.0)	(31.0, 5470.0)	(32.0, 6833.0)	(33.0, 8525.0)	(34.0, 10856.0)	(35.0, 14566.0)	(36.0, 22334.0)	(37.0, 41276.0)	(38.0, 145657.0)	(39.0, 1076772.0)	(40.0, 14565.0)												
112023-BEL-CBC-T3-356-MCAV_S49_R2_16S	(15.0, 24.0)	(16.0, 232.0)	(17.0, 352.0)	(18.0, 278.0)	(19.0, 248.0)	(20.0, 334.0)	(21.0, 399.0)	(22.0, 722.0)	(23.0, 1019.0)	(24.0, 845.0)	(25.0, 1846.0)	(26.0, 1409.0)	(27.0, 1397.0)	(28.0, 1742.0)	(29.0, 1980.0)	(30.0, 2427.0)	(31.0, 2962.0)	(32.0, 3545.0)	(33.0, 4454.0)	(34.0, 5578.0)	(35.0, 7436.0)	(36.0, 11864.0)	(37.0, 23270.0)	(38.0, 89298.0)	(39.0, 706911.0)	(40.0, 12047.0)													
112023-BEL-CBC-T3-358-SSID_S46_R2_16S	(14.0, 1.0)	(15.0, 50.0)	(16.0, 395.0)	(17.0, 639.0)	(18.0, 714.0)	(19.0, 998.0)	(20.0, 1365.0)	(21.0, 1569.0)	(22.0, 1736.0)	(23.0, 1982.0)	(24.0, 2282.0)	(25.0, 3104.0)	(26.0, 3926.0)	(27.0, 5280.0)	(28.0, 6923.0)	(29.0, 8869.0)	(30.0, 10845.0)	(31.0, 11911.0)	(32.0, 13412.0)	(33.0, 14498.0)	(34.0, 16441.0)	(35.0, 18999.0)	(36.0, 25001.0)	(37.0, 43243.0)	(38.0, 166380.0)	(39.0, 525647.0)	(40.0, 1851.0)												
112023-BEL-CBC-T4-400-OFAV_S88_R2_16S	(14.0, 4.0)	(15.0, 75.0)	(16.0, 524.0)	(17.0, 789.0)	(18.0, 857.0)	(19.0, 1120.0)	(20.0, 1286.0)	(21.0, 1189.0)	(22.0, 1292.0)	(23.0, 1824.0)	(24.0, 2207.0)	(25.0, 2936.0)	(26.0, 3099.0)	(27.0, 2641.0)	(28.0, 2907.0)	(29.0, 3281.0)	(30.0, 3565.0)	(31.0, 4011.0)	(32.0, 4731.0)	(33.0, 6116.0)	(34.0, 7925.0)	(35.0, 10582.0)	(36.0, 15923.0)	(37.0, 29438.0)	(38.0, 98995.0)	(39.0, 741857.0)	(40.0, 13708.0)												
122022-BEL-CBC-T1-123-OANN_S30_R2_16S	(14.0, 2.0)	(15.0, 41.0)	(16.0, 352.0)	(17.0, 808.0)	(18.0, 783.0)	(19.0, 857.0)	(20.0, 1171.0)	(21.0, 1334.0)	(22.0, 1677.0)	(23.0, 2053.0)	(24.0, 2018.0)	(25.0, 3419.0)	(26.0, 3319.0)	(27.0, 3038.0)	(28.0, 3462.0)	(29.0, 3864.0)	(30.0, 4345.0)	(31.0, 5162.0)	(32.0, 6294.0)	(33.0, 8374.0)	(34.0, 10904.0)	(35.0, 15299.0)	(36.0, 24080.0)	(37.0, 47976.0)	(38.0, 180741.0)	(39.0, 919072.0)	(40.0, 10824.0)												
122022-BEL-CBC-T1-151-MCAV_S62_R2_16S	(14.0, 1.0)	(15.0, 13.0)	(16.0, 89.0)	(17.0, 128.0)	(18.0, 112.0)	(19.0, 173.0)	(20.0, 227.0)	(21.0, 224.0)	(22.0, 258.0)	(23.0, 255.0)	(24.0, 281.0)	(25.0, 364.0)	(26.0, 383.0)	(27.0, 411.0)	(28.0, 458.0)	(29.0, 501.0)	(30.0, 653.0)	(31.0, 770.0)	(32.0, 971.0)	(33.0, 1221.0)	(34.0, 1624.0)	(35.0, 2357.0)	(36.0, 4018.0)	(37.0, 8924.0)	(38.0, 37654.0)	(39.0, 96457.0)	(40.0, 527.0)												
122022-BEL-CBC-T2-100-PAST_S15_R2_16S	(14.0, 3.0)	(15.0, 39.0)	(16.0, 314.0)	(17.0, 580.0)	(18.0, 639.0)	(19.0, 635.0)	(20.0, 1011.0)	(21.0, 1264.0)	(22.0, 1315.0)	(23.0, 1273.0)	(24.0, 1523.0)	(25.0, 1678.0)	(26.0, 2051.0)	(27.0, 2518.0)	(28.0, 3026.0)	(29.0, 3550.0)	(30.0, 4118.0)	(31.0, 4512.0)	(32.0, 5247.0)	(33.0, 6475.0)	(34.0, 8082.0)	(35.0, 10702.0)	(36.0, 16450.0)	(37.0, 33679.0)	(38.0, 148961.0)	(39.0, 405881.0)	(40.0, 566.0)												
122022-BEL-CBC-T2-83-PAST_S75_R2_16S	(15.0, 19.0)	(16.0, 115.0)	(17.0, 193.0)	(18.0, 152.0)	(19.0, 192.0)	(20.0, 244.0)	(21.0, 257.0)	(22.0, 251.0)	(23.0, 229.0)	(24.0, 285.0)	(25.0, 343.0)	(26.0, 411.0)	(27.0, 524.0)	(28.0, 703.0)	(29.0, 873.0)	(30.0, 1247.0)	(31.0, 1524.0)	(32.0, 1815.0)	(33.0, 2320.0)	(34.0, 3057.0)	(35.0, 4205.0)	(36.0, 7751.0)	(37.0, 18814.0)	(38.0, 100995.0)	(39.0, 332219.0)	(40.0, 470.0)													
122022-BEL-CBC-T2-88-MCAV_S89_R2_16S	(15.0, 14.0)	(16.0, 114.0)	(17.0, 188.0)	(18.0, 158.0)	(19.0, 186.0)	(20.0, 239.0)	(21.0, 267.0)	(22.0, 414.0)	(23.0, 683.0)	(24.0, 665.0)	(25.0, 1201.0)	(26.0, 1321.0)	(27.0, 1522.0)	(28.0, 2152.0)	(29.0, 2923.0)	(30.0, 3614.0)	(31.0, 4181.0)	(32.0, 4890.0)	(33.0, 5333.0)	(34.0, 6098.0)	(35.0, 7158.0)	(36.0, 9471.0)	(37.0, 16086.0)	(38.0, 63606.0)	(39.0, 384451.0)	(40.0, 8245.0)													
122022-BEL-CBC-T2-90-SSID_S64_R2_16S	(15.0, 56.0)	(16.0, 492.0)	(17.0, 809.0)	(18.0, 965.0)	(19.0, 1273.0)	(20.0, 1792.0)	(21.0, 2012.0)	(22.0, 2188.0)	(23.0, 2310.0)	(24.0, 2781.0)	(25.0, 3498.0)	(26.0, 4831.0)	(27.0, 6382.0)	(28.0, 8496.0)	(29.0, 9734.0)	(30.0, 11172.0)	(31.0, 11725.0)	(32.0, 13154.0)	(33.0, 14288.0)	(34.0, 16607.0)	(35.0, 19152.0)	(36.0, 25140.0)	(37.0, 45477.0)	(38.0, 183201.0)	(39.0, 578357.0)	(40.0, 1964.0)													
122022-BEL-CBC-T2-93-OFAV_S9_R2_16S	(15.0, 7.0)	(16.0, 91.0)	(17.0, 197.0)	(18.0, 166.0)	(19.0, 155.0)	(20.0, 207.0)	(21.0, 247.0)	(22.0, 356.0)	(23.0, 465.0)	(24.0, 457.0)	(25.0, 862.0)	(26.0, 874.0)	(27.0, 761.0)	(28.0, 912.0)	(29.0, 992.0)	(30.0, 1146.0)	(31.0, 1344.0)	(32.0, 1623.0)	(33.0, 2033.0)	(34.0, 2640.0)	(35.0, 3654.0)	(36.0, 5637.0)	(37.0, 11362.0)	(38.0, 47458.0)	(39.0, 274554.0)	(40.0, 3727.0)													
122022-BEL-CBC-T2-94-PAST_S16_R2_16S	(14.0, 6.0)	(15.0, 111.0)	(16.0, 533.0)	(17.0, 884.0)	(18.0, 1044.0)	(19.0, 1312.0)	(20.0, 1785.0)	(21.0, 1781.0)	(22.0, 1767.0)	(23.0, 1895.0)	(24.0, 2152.0)	(25.0, 2478.0)	(26.0, 2918.0)	(27.0, 3528.0)	(28.0, 4300.0)	(29.0, 5127.0)	(30.0, 6231.0)	(31.0, 7286.0)	(32.0, 8843.0)	(33.0, 10774.0)	(34.0, 13317.0)	(35.0, 18001.0)	(36.0, 29956.0)	(37.0, 70408.0)	(38.0, 255375.0)	(39.0, 324280.0)	(40.0, 133.0)												
122022-BEL-CBC-T4-34-PSTR_S25_R2_16S	(15.0, 9.0)	(16.0, 44.0)	(17.0, 69.0)	(18.0, 47.0)	(19.0, 38.0)	(20.0, 40.0)	(21.0, 47.0)	(22.0, 49.0)	(23.0, 40.0)	(24.0, 71.0)	(25.0, 85.0)	(26.0, 88.0)	(27.0, 83.0)	(28.0, 112.0)	(29.0, 141.0)	(30.0, 150.0)	(31.0, 208.0)	(32.0, 241.0)	(33.0, 303.0)	(34.0, 450.0)	(35.0, 650.0)	(36.0, 1171.0)	(37.0, 3295.0)	(38.0, 19325.0)	(39.0, 15842.0)	(40.0, 43.0)													
122023-BEL-CBC-T1-509-MCAV_S26_R2_16S	(14.0, 1.0)	(15.0, 2.0)	(16.0, 37.0)	(17.0, 72.0)	(18.0, 61.0)	(19.0, 63.0)	(20.0, 58.0)	(21.0, 59.0)	(22.0, 156.0)	(23.0, 165.0)	(24.0, 164.0)	(25.0, 393.0)	(26.0, 204.0)	(27.0, 194.0)	(28.0, 219.0)	(29.0, 252.0)	(30.0, 225.0)	(31.0, 316.0)	(32.0, 375.0)	(33.0, 477.0)	(34.0, 662.0)	(35.0, 912.0)	(36.0, 1499.0)	(37.0, 3590.0)	(38.0, 18140.0)	(39.0, 154451.0)	(40.0, 2463.0)												
122023-BEL-CBC-T2-514-SSID_S81_R2_16S	(15.0, 31.0)	(16.0, 269.0)	(17.0, 297.0)	(18.0, 314.0)	(19.0, 359.0)	(20.0, 541.0)	(21.0, 611.0)	(22.0, 715.0)	(23.0, 702.0)	(24.0, 788.0)	(25.0, 874.0)	(26.0, 1021.0)	(27.0, 1288.0)	(28.0, 1670.0)	(29.0, 2038.0)	(30.0, 2447.0)	(31.0, 2781.0)	(32.0, 3325.0)	(33.0, 3917.0)	(34.0, 5101.0)	(35.0, 7009.0)	(36.0, 11478.0)	(37.0, 24849.0)	(38.0, 110302.0)	(39.0, 494384.0)	(40.0, 2578.0)													
122023-BEL-CBC-T2-516-MCAV_S20_R2_16S	(15.0, 24.0)	(16.0, 325.0)	(17.0, 739.0)	(18.0, 578.0)	(19.0, 562.0)	(20.0, 703.0)	(21.0, 882.0)	(22.0, 1306.0)	(23.0, 1420.0)	(24.0, 1747.0)	(25.0, 2934.0)	(26.0, 2304.0)	(27.0, 2215.0)	(28.0, 2578.0)	(29.0, 2796.0)	(30.0, 3308.0)	(31.0, 3694.0)	(32.0, 4645.0)	(33.0, 5939.0)	(34.0, 7638.0)	(35.0, 10474.0)	(36.0, 15952.0)	(37.0, 29928.0)	(38.0, 105765.0)	(39.0, 650411.0)	(40.0, 5386.0)													
122023-BEL-CBC-T2-520-PAST_S2_R2_16S	(13.0, 1.0)	(14.0, 2.0)	(15.0, 67.0)	(16.0, 474.0)	(17.0, 875.0)	(18.0, 952.0)	(19.0, 1153.0)	(20.0, 1756.0)	(21.0, 2026.0)	(22.0, 2082.0)	(23.0, 1920.0)	(24.0, 2175.0)	(25.0, 2459.0)	(26.0, 2663.0)	(27.0, 3045.0)	(28.0, 3663.0)	(29.0, 4234.0)	(30.0, 5004.0)	(31.0, 5651.0)	(32.0, 7018.0)	(33.0, 8687.0)	(34.0, 11594.0)	(35.0, 16225.0)	(36.0, 26099.0)	(37.0, 56659.0)	(38.0, 248838.0)	(39.0, 646845.0)	(40.0, 1078.0)											
122023-BEL-CBC-T2-521-OFAV_S90_R2_16S	(14.0, 2.0)	(15.0, 28.0)	(16.0, 285.0)	(17.0, 496.0)	(18.0, 424.0)	(19.0, 431.0)	(20.0, 508.0)	(21.0, 613.0)	(22.0, 762.0)	(23.0, 1259.0)	(24.0, 1266.0)	(25.0, 1948.0)	(26.0, 2279.0)	(27.0, 1847.0)	(28.0, 1960.0)	(29.0, 2186.0)	(30.0, 2401.0)	(31.0, 2664.0)	(32.0, 3384.0)	(33.0, 4275.0)	(34.0, 5699.0)	(35.0, 7751.0)	(36.0, 11823.0)	(37.0, 21975.0)	(38.0, 73489.0)	(39.0, 654061.0)	(40.0, 13140.0)												
122023-BEL-CBC-T3-527-OFAV_S78_R2_16S	(14.0, 1.0)	(15.0, 76.0)	(16.0, 429.0)	(17.0, 674.0)	(18.0, 789.0)	(19.0, 965.0)	(20.0, 1197.0)	(21.0, 1277.0)	(22.0, 1526.0)	(23.0, 1906.0)	(24.0, 2056.0)	(25.0, 2927.0)	(26.0, 3422.0)	(27.0, 3497.0)	(28.0, 4335.0)	(29.0, 5202.0)	(30.0, 6165.0)	(31.0, 6932.0)	(32.0, 8354.0)	(33.0, 9578.0)	(34.0, 11490.0)	(35.0, 14812.0)	(36.0, 21398.0)	(37.0, 38744.0)	(38.0, 140971.0)	(39.0, 715438.0)	(40.0, 9386.0)												
122023-BEL-CBC-T3-534-SSID_S27_R2_16S	(15.0, 10.0)	(16.0, 76.0)	(17.0, 125.0)	(18.0, 123.0)	(19.0, 137.0)	(20.0, 209.0)	(21.0, 241.0)	(22.0, 311.0)	(23.0, 396.0)	(24.0, 568.0)	(25.0, 759.0)	(26.0, 1184.0)	(27.0, 1674.0)	(28.0, 2414.0)	(29.0, 3052.0)	(30.0, 3539.0)	(31.0, 3511.0)	(32.0, 3674.0)	(33.0, 3664.0)	(34.0, 3905.0)	(35.0, 3542.0)	(36.0, 3760.0)	(37.0, 6330.0)	(38.0, 24925.0)	(39.0, 41748.0)	(40.0, 60.0)													
122023-BEL-CBC-T4-536-PSTR_S50_R2_16S	(14.0, 1.0)	(15.0, 42.0)	(16.0, 354.0)	(17.0, 617.0)	(18.0, 614.0)	(19.0, 694.0)	(20.0, 897.0)	(21.0, 1030.0)	(22.0, 1217.0)	(23.0, 1707.0)	(24.0, 1749.0)	(25.0, 2619.0)	(26.0, 2890.0)	(27.0, 2737.0)	(28.0, 3381.0)	(29.0, 3676.0)	(30.0, 4148.0)	(31.0, 4789.0)	(32.0, 5860.0)	(33.0, 7555.0)	(34.0, 9504.0)	(35.0, 12688.0)	(36.0, 19566.0)	(37.0, 37903.0)	(38.0, 140224.0)	(39.0, 888605.0)	(40.0, 14628.0)												
Negative_S96_R2_16S	(15.0, 3.0)	(16.0, 40.0)	(17.0, 41.0)	(18.0, 36.0)	(19.0, 34.0)	(20.0, 58.0)	(21.0, 44.0)	(22.0, 59.0)	(23.0, 77.0)	(24.0, 110.0)	(25.0, 116.0)	(26.0, 93.0)	(27.0, 94.0)	(28.0, 105.0)	(29.0, 126.0)	(30.0, 136.0)	(31.0, 153.0)	(32.0, 188.0)	(33.0, 230.0)	(34.0, 338.0)	(35.0, 391.0)	(36.0, 723.0)	(37.0, 1428.0)	(38.0, 5933.0)	(39.0, 9457.0)	(40.0, 30.0)													
Undetermined_S0_R2_16S	(2.0, 39469.0)	(3.0, 1692.0)	(4.0, 1030.0)	(5.0, 960.0)	(6.0, 698.0)	(7.0, 597.0)	(8.0, 472.0)	(9.0, 477.0)	(10.0, 498.0)	(11.0, 432.0)	(12.0, 408.0)	(13.0, 368.0)	(14.0, 861.0)	(15.0, 7690.0)	(16.0, 22281.0)	(17.0, 27264.0)	(18.0, 41315.0)	(19.0, 75929.0)	(20.0, 78360.0)	(21.0, 37243.0)	(22.0, 25507.0)	(23.0, 26297.0)	(24.0, 49692.0)	(25.0, 46140.0)	(26.0, 31028.0)	(27.0, 28760.0)	(28.0, 28774.0)	(29.0, 28910.0)	(30.0, 29843.0)	(31.0, 31284.0)	(32.0, 36070.0)	(33.0, 44970.0)	(34.0, 66117.0)	(35.0, 99101.0)	(36.0, 148694.0)	(37.0, 289693.0)	(38.0, 817504.0)	(39.0, 974001.0)	(40.0, 4168.0)
