Sample	0	1	2	3	4	5	6	7	8	9	10	11	12	13	14	15	16	17	18	19	20	21	22	23	24	25	26	27	28	29	30	31	32	33	34	35	36	37	38	39	40	41	42	43	44	45	46	47	48	49	50	51	52	53	54	55	56	57
012024-BEL-CBC-T1-561-OANN_S95_R2_16S	(1, 0.0)	(2, 0.0)	(3, 0.0)	(4, 0.0)	(5, 0.0)	(6, 0.0)	(7, 0.0)	(8, 0.0)	(9, 0.0)	(10, 0.0)	(15, 0.0)	(20, 0.0)	(25, 0.0)	(30, 0.0)	(35, 0.0)	(40, 0.6269813314547376)	(45, 0.0)	(50, 0.0)	(55, 0.0)	(60, 0.0)	(65, 0.0)	(70, 0.0)	(75, 0.6762944698837619)	(80, 0.5353997886579782)	(85, 0.0)	(90, 0.0)	(95, 0.0)	(100, 0.0)	(105, 0.0)	(110, 0.9369496301514618)	(115, 0.0)	(120, 0.0)	(125, 0.7150405072208524)	(130, 0.0)	(135, 0.0)	(140, 0.0)	(145, 0.0)	(150, 0.6128918633321592)	(155, 0.0)	(160, 0.0)	(165, 0.6128918633321592)	(170, 0.0)	(175, 0.0)	(180, 0.0)	(185, 0.0)	(190, 0.0)	(195, 0.0)	(200, 0.0)	(205, 0.9369496301514618)	(210, 0.0)	(215, 0.0)	(220, 0.0)	(225, 0.0)	(230, 0.0)	(235, 0.0)	(240, 0.0)	(245, 0.0)	(250, 0.0)
012024-BEL-CBC-T2-587-SSID_S63_R2_16S	(1, 0.0014030630141109875)	(2, 0.0)	(3, 0.00012755118310099885)	(4, 0.0)	(5, 0.0)	(6, 0.0)	(7, 0.0)	(8, 0.0)	(9, 0.0)	(10, 0.0)	(15, 0.0)	(20, 0.0)	(25, 0.0)	(30, 2.5510236620199774e-05)	(35, 0.0)	(40, 0.6613783946152992)	(45, 0.0)	(50, 0.0)	(55, 0.0)	(60, 5.102047324039955e-05)	(65, 0.0)	(70, 0.0)	(75, 0.6733171853535528)	(80, 0.49566389753048157)	(85, 0.0)	(90, 2.5510236620199774e-05)	(95, 0.0)	(100, 0.0)	(105, 0.0)	(110, 1.066531972617312)	(115, 0.00012755118310099885)	(120, 0.0003571433126827968)	(125, 0.6759192294888131)	(130, 0.0)	(135, 0.0)	(140, 0.00012755118310099885)	(145, 0.0)	(150, 0.6813018894156753)	(155, 0.00022959212958179794)	(160, 0.0)	(165, 0.6788784169367563)	(170, 0.0)	(175, 0.0)	(180, 0.0001785716563413984)	(185, 0.0)	(190, 0.0)	(195, 0.0)	(200, 0.0)	(205, 1.06882789391313)	(210, 0.000663266152125194)	(215, 0.0)	(220, 0.0)	(225, 0.0)	(230, 7.653070986059931e-05)	(235, 5.102047324039955e-05)	(240, 0.0008418378084665924)	(245, 0.0)	(250, 0.0)
012024-BEL-CBC-T2-589-SSID_S52_R2_16S	(1, 0.0009616005428921922)	(2, 0.0)	(3, 0.0)	(4, 0.0)	(5, 0.0)	(6, 0.0)	(7, 0.0)	(8, 0.0)	(9, 0.0)	(10, 0.0)	(15, 0.0)	(20, 0.0)	(25, 0.0)	(30, 0.0)	(35, 0.0)	(40, 0.6676255197794363)	(45, 0.0)	(50, 0.0)	(55, 0.0)	(60, 0.0)	(65, 0.0)	(70, 0.0)	(75, 0.667213405261054)	(80, 0.47667912626227243)	(85, 0.0)	(90, 0.0)	(95, 0.0)	(100, 0.0)	(105, 0.0)	(110, 1.0472104655108228)	(115, 8.242290367647361e-05)	(120, 8.242290367647361e-05)	(125, 0.687297119456888)	(130, 0.0)	(135, 0.0)	(140, 8.242290367647361e-05)	(145, 0.0)	(150, 0.6682299544063971)	(155, 0.00016484580735294722)	(160, 0.0)	(165, 0.6611141103889949)	(170, 0.0)	(175, 0.0)	(180, 2.7474301225491207e-05)	(185, 0.0)	(190, 0.0)	(195, 0.0)	(200, 0.0)	(205, 1.054326309528225)	(210, 0.0003022173134804033)	(215, 0.0)	(220, 0.0)	(225, 0.0)	(230, 0.0)	(235, 0.0)	(240, 0.00032969161470589443)	(245, 0.0)	(250, 0.0)
012024-BEL-CBC-T2-603-MCAV_S39_R2_16S	(1, 0.001513156899238882)	(2, 0.0)	(3, 0.0)	(4, 0.0)	(5, 0.0)	(6, 0.0)	(7, 0.0)	(8, 0.0)	(9, 0.0)	(10, 0.0)	(15, 0.0)	(20, 0.0)	(25, 0.0)	(30, 2.0175425323185094e-05)	(35, 0.0)	(40, 0.6557416738541619)	(45, 0.0)	(50, 0.0)	(55, 0.0)	(60, 4.035085064637019e-05)	(65, 0.0)	(70, 0.0)	(75, 0.67460569653134)	(80, 0.48380669924997854)	(85, 0.0)	(90, 2.0175425323185094e-05)	(95, 0.0)	(100, 0.0)	(105, 0.0)	(110, 1.0527133425131519)	(115, 0.00012105255193911056)	(120, 0.00016140340258548075)	(125, 0.6755337660962065)	(130, 0.0)	(135, 0.0)	(140, 0.00016140340258548075)	(145, 0.0)	(150, 0.6638320194087592)	(155, 0.0003228068051709615)	(160, 0.0)	(165, 0.6601802674252626)	(170, 0.0)	(175, 0.0)	(180, 6.052627596955528e-05)	(185, 0.0)	(190, 0.0)	(195, 0.0)	(200, 0.0)	(205, 1.0563449190713252)	(210, 0.00048421020775644226)	(215, 0.0)	(220, 0.0)	(225, 0.0)	(230, 2.0175425323185094e-05)	(235, 0.0)	(240, 0.00048421020775644226)	(245, 0.0)	(250, 5.043856330796273e-05)
012024-BEL-CBC-T3-629-OFAV_S35_R2_16S	(1, 0.0004599181345720462)	(2, 0.0)	(3, 0.0)	(4, 0.0)	(5, 0.0)	(6, 0.0)	(7, 0.0)	(8, 0.0)	(9, 0.0)	(10, 0.0)	(15, 0.0)	(20, 0.0)	(25, 0.0)	(30, 0.0)	(35, 0.0)	(40, 0.6641217863220347)	(45, 0.0)	(50, 0.0)	(55, 0.0)	(60, 0.0)	(65, 0.0)	(70, 0.0)	(75, 0.6888653819620107)	(80, 0.4761072529089822)	(85, 0.0)	(90, 0.0)	(95, 0.0)	(100, 0.0)	(105, 0.0)	(110, 1.03932300050591)	(115, 0.0)	(120, 9.198362691440924e-05)	(125, 0.6800349537782275)	(130, 0.0)	(135, 0.0)	(140, 0.0)	(145, 0.0)	(150, 0.6670652623832958)	(155, 9.198362691440924e-05)	(160, 0.0)	(165, 0.6720323782366738)	(170, 0.0)	(175, 0.0)	(180, 9.198362691440924e-05)	(185, 0.0)	(190, 0.0)	(195, 0.0)	(200, 0.0)	(205, 1.0343558846525318)	(210, 0.00018396725382881847)	(215, 0.0)	(220, 0.0)	(225, 0.0)	(230, 0.0)	(235, 0.0)	(240, 0.0002759508807432277)	(245, 0.0)	(250, 0.0)
012024-BEL-CBC-T3-635-OFAV_S82_R2_16S	(1, 0.0016046958467937755)	(2, 0.0)	(3, 0.0)	(4, 0.0)	(5, 0.0)	(6, 0.0)	(7, 0.0)	(8, 0.0)	(9, 0.0)	(10, 0.0)	(15, 0.0)	(20, 0.0)	(25, 0.0)	(30, 0.0)	(35, 0.0)	(40, 0.655611156859019)	(45, 0.0)	(50, 0.0)	(55, 0.0)	(60, 1.6891535229408165e-05)	(65, 0.0)	(70, 0.0)	(75, 0.6612191465551825)	(80, 0.6155275437596334)	(85, 0.0)	(90, 1.6891535229408165e-05)	(95, 0.0)	(100, 0.0)	(105, 0.0)	(110, 1.0509406473680876)	(115, 0.00011824074660585714)	(120, 0.00021958995798230613)	(125, 0.6579252971854479)	(130, 0.0)	(135, 0.0)	(140, 0.0001858068875234898)	(145, 0.0)	(150, 0.6531449927155254)	(155, 0.00027026456367053065)	(160, 0.0)	(165, 0.6666244378285932)	(170, 0.0)	(175, 0.0)	(180, 6.756614091763266e-05)	(185, 0.0)	(190, 0.0)	(195, 0.0)	(200, 0.0)	(205, 1.0374274191845612)	(210, 0.0004560714511940204)	(215, 0.0)	(220, 0.0)	(225, 0.0)	(230, 0.0)	(235, 0.0)	(240, 0.0005236375921116531)	(245, 0.0)	(250, 0.0)
012024-BEL-CBC-T3-639-OFAV_S1_R2_16S	(1, 0.0012254236902409007)	(2, 0.0)	(3, 0.0)	(4, 0.0)	(5, 0.0)	(6, 0.0)	(7, 0.0)	(8, 0.0)	(9, 0.0)	(10, 0.0)	(15, 0.0)	(20, 0.0)	(25, 0.0)	(30, 1.7506052717727154e-05)	(35, 0.0)	(40, 0.660538381145281)	(45, 0.0)	(50, 0.0)	(55, 0.0)	(60, 5.2518158153181456e-05)	(65, 0.0)	(70, 0.0)	(75, 0.663496904054577)	(80, 0.622357680167918)	(85, 0.0)	(90, 1.7506052717727154e-05)	(95, 0.0)	(100, 0.0)	(105, 0.0)	(110, 1.0444286111923198)	(115, 0.00014004842174181724)	(120, 0.00014004842174181724)	(125, 0.6569146282327114)	(130, 0.0)	(135, 0.0)	(140, 0.00014004842174181724)	(145, 0.0)	(150, 0.6620088895735701)	(155, 0.00019256657989499872)	(160, 0.0)	(165, 0.661046056674095)	(170, 0.0)	(175, 0.0)	(180, 7.002421087090862e-05)	(185, 0.0)	(190, 0.0)	(195, 0.0)	(200, 0.0)	(205, 1.0453389259336416)	(210, 0.00042014526522545165)	(215, 0.0)	(220, 0.0)	(225, 0.0)	(230, 0.0)	(235, 0.0)	(240, 0.00043765131794317884)	(245, 0.0)	(250, 0.0)
012024-BEL-CBC-T4-667-OFAV_S24_R2_16S	(1, 0.001151701612958109)	(2, 0.0)	(3, 0.0)	(4, 0.0)	(5, 0.0)	(6, 0.0)	(7, 0.0)	(8, 0.0)	(9, 0.0)	(10, 0.0)	(15, 0.0)	(20, 0.0)	(25, 0.0)	(30, 4.188005865302214e-05)	(35, 0.0)	(40, 0.6524075536967789)	(45, 0.0)	(50, 0.0)	(55, 0.0)	(60, 4.188005865302214e-05)	(65, 0.0)	(70, 0.0)	(75, 0.6623540676268717)	(80, 0.6583649920401714)	(85, 0.0)	(90, 4.188005865302214e-05)	(95, 0.0)	(100, 0.0)	(105, 0.0)	(110, 1.045169213759484)	(115, 0.00018846026393859965)	(120, 0.00017799024927534412)	(125, 0.6525646039167278)	(130, 0.0)	(135, 0.0)	(140, 0.0001465802052855775)	(145, 0.0)	(150, 0.6620818472456271)	(155, 0.00023034032259162178)	(160, 0.0)	(165, 0.6604171149141694)	(170, 0.0)	(175, 0.0)	(180, 9.423013196929982e-05)	(185, 0.0)	(190, 0.0)	(195, 0.0)	(200, 0.0)	(205, 1.0467501859736354)	(210, 0.00040833057186696593)	(215, 0.0)	(220, 0.0)	(225, 0.0)	(230, 0.0)	(235, 1.0470014663255536e-05)	(240, 0.000429270601193477)	(245, 0.0)	(250, 0.0)
022024-BEL-CBC-T1-774-MCAV_S80_R2_16S	(1, 0.0016290378320764532)	(2, 0.0)	(3, 0.0)	(4, 0.0)	(5, 0.0)	(6, 0.0)	(7, 0.0)	(8, 0.0)	(9, 0.0)	(10, 0.0)	(15, 0.0)	(20, 0.0)	(25, 0.0)	(30, 2.3271969029663614e-05)	(35, 0.0)	(40, 0.652802003251094)	(45, 0.0)	(50, 0.0)	(55, 0.0)	(60, 2.3271969029663614e-05)	(65, 0.0)	(70, 0.0)	(75, 0.6569676857074038)	(80, 0.6245731048181121)	(85, 0.0)	(90, 2.3271969029663614e-05)	(95, 0.0)	(100, 0.0)	(105, 0.0)	(110, 1.0276668803809155)	(115, 0.0001629037832076453)	(120, 0.0002559916593262998)	(125, 0.6582709159730651)	(130, 0.0)	(135, 0.0)	(140, 0.00020944772126697253)	(145, 0.0)	(150, 0.6604352090928237)	(155, 0.0003258075664152906)	(160, 0.0)	(165, 0.6474727223433011)	(170, 0.0)	(175, 0.0)	(180, 6.981590708899086e-05)	(185, 0.0)	(190, 0.0)	(195, 0.0)	(200, 0.0)	(205, 1.0405362792543196)	(210, 0.0005585272567119268)	(215, 0.0)	(220, 0.0)	(225, 0.0)	(230, 2.3271969029663614e-05)	(235, 4.654393805932723e-05)	(240, 0.0006748871018602448)	(245, 0.0)	(250, 0.0)
022024-BEL-CBC-T2-807-SSID_S31_R2_16S	(1, 0.0018605667984180532)	(2, 0.0)	(3, 0.0)	(4, 0.0)	(5, 0.0)	(6, 0.0)	(7, 0.0)	(8, 0.0)	(9, 0.0)	(10, 0.0)	(15, 0.0)	(20, 0.0)	(25, 0.0)	(30, 0.0)	(35, 0.0)	(40, 0.6507797519166745)	(45, 0.0)	(50, 0.0)	(55, 0.0)	(60, 0.0)	(65, 0.0)	(70, 0.0)	(75, 0.6551055697229965)	(80, 0.6525007762052112)	(85, 0.0)	(90, 0.0)	(95, 0.0)	(100, 0.0)	(105, 0.0)	(110, 1.0328471439718216)	(115, 6.977125494067699e-05)	(120, 0.00016279959486157963)	(125, 0.6664085130233862)	(130, 0.0)	(135, 0.0)	(140, 0.00011628542490112832)	(145, 0.0)	(150, 0.6564777377368298)	(155, 0.00030234210474293366)	(160, 0.0)	(165, 0.6534543166894005)	(170, 0.0)	(175, 0.0)	(180, 4.651416996045133e-05)	(185, 0.0)	(190, 0.0)	(195, 0.0)	(200, 0.0)	(205, 1.0358473079342707)	(210, 0.0005581700395254159)	(215, 0.0)	(220, 0.0)	(225, 0.0)	(230, 0.0)	(235, 2.3257084980225664e-05)	(240, 0.0006511983794463185)	(245, 0.0)	(250, 0.0)
022024-BEL-CBC-T3-842-MCAV_S22_R2_16S	(1, 0.0009442001326601186)	(2, 0.0)	(3, 0.0)	(4, 0.0)	(5, 0.0)	(6, 0.0)	(7, 0.0)	(8, 0.0)	(9, 0.0)	(10, 0.0)	(15, 0.0)	(20, 0.0)	(25, 0.0)	(30, 0.0)	(35, 0.0)	(40, 0.6684307472478533)	(45, 0.0)	(50, 0.0)	(55, 0.0)	(60, 3.147333775533729e-05)	(65, 0.0)	(70, 0.0)	(75, 0.6671403403998845)	(80, 0.652064611615078)	(85, 0.0)	(90, 1.5736668877668645e-05)	(95, 0.0)	(100, 0.0)	(105, 0.0)	(110, 1.0396745027409342)	(115, 0.00017310335765435508)	(120, 0.00020457669540969236)	(125, 0.6436927037721583)	(130, 0.0)	(135, 0.0)	(140, 0.00015736668877668644)	(145, 0.0)	(150, 0.6612862995773918)	(155, 0.00022031336428736102)	(160, 0.0)	(165, 0.6558414121457184)	(170, 0.0)	(175, 0.0)	(180, 9.442001326601187e-05)	(185, 0.0)	(190, 0.0)	(195, 0.0)	(200, 0.0)	(205, 1.045056443497097)	(210, 0.00044062672857472204)	(215, 0.0)	(220, 0.0)	(225, 1.5736668877668645e-05)	(230, 1.5736668877668645e-05)	(235, 1.5736668877668645e-05)	(240, 0.000487836735207728)	(245, 0.0)	(250, 3.934167219417161e-05)
022024-BEL-CBC-T3-843-MCAV_S73_R2_16S	(1, 0.0007035193555762702)	(2, 0.0)	(3, 0.0)	(4, 0.0)	(5, 0.0)	(6, 0.0)	(7, 0.0)	(8, 0.0)	(9, 0.0)	(10, 0.0)	(15, 0.0)	(20, 0.0)	(25, 0.0)	(30, 0.0)	(35, 0.0)	(40, 0.6613081942416941)	(45, 0.0)	(50, 0.0)	(55, 0.0)	(60, 0.00014070387111525407)	(65, 0.0)	(70, 0.0)	(75, 0.6477302706790721)	(80, 0.6211372390382891)	(85, 0.0)	(90, 0.00014070387111525407)	(95, 0.0)	(100, 0.0)	(105, 0.0)	(110, 1.0247462933323954)	(115, 7.035193555762703e-05)	(120, 0.0003517596777881351)	(125, 0.6574388377860246)	(130, 0.0)	(135, 0.0)	(140, 7.035193555762703e-05)	(145, 0.0)	(150, 0.6633484003728652)	(155, 7.035193555762703e-05)	(160, 0.0)	(165, 0.6515292751991839)	(170, 0.0)	(175, 0.0)	(180, 0.00014070387111525407)	(185, 0.0)	(190, 0.0)	(195, 0.0)	(200, 0.0)	(205, 1.0364247146349614)	(210, 0.0004924635489033892)	(215, 0.0)	(220, 0.0)	(225, 0.0)	(230, 0.0)	(235, 0.0)	(240, 0.0004924635489033892)	(245, 0.0)	(250, 0.0)
022024-BEL-CBC-T3-852-OFAV_S18_R2_16S	(1, 0.0008097985626075514)	(2, 0.0)	(3, 0.0)	(4, 0.0)	(5, 0.0)	(6, 0.0)	(7, 0.0)	(8, 0.0)	(9, 0.0)	(10, 0.0)	(15, 0.0)	(20, 0.0)	(25, 0.0)	(30, 0.0)	(35, 0.0)	(40, 0.662293754428586)	(45, 0.0)	(50, 0.0)	(55, 0.0)	(60, 0.0)	(65, 0.0)	(70, 0.0)	(75, 0.6706751695515741)	(80, 0.658771130681243)	(85, 0.0)	(90, 0.0)	(95, 0.0)	(100, 0.0)	(105, 0.0)	(110, 1.0469885615953032)	(115, 8.097985626075514e-05)	(120, 0.0003644093531733981)	(125, 0.6488106083611701)	(130, 0.0)	(135, 0.0)	(140, 0.0001214697843911327)	(145, 0.0)	(150, 0.6701892904140095)	(155, 0.0004453892094341532)	(160, 0.0)	(165, 0.6662212774572326)	(170, 0.0)	(175, 0.0)	(180, 4.048992813037757e-05)	(185, 0.0)	(190, 0.0)	(195, 0.0)	(200, 0.0)	(205, 1.0507946148395586)	(210, 0.0006073489219556636)	(215, 0.0)	(220, 0.0)	(225, 0.0)	(230, 4.048992813037757e-05)	(235, 0.00016195971252151028)	(240, 0.0008097985626075514)	(245, 0.0)	(250, 0.0)
042024-BEL-CBC-T1-924-MCAV_S38_R2_16S	(1, 0.0016055874443061855)	(2, 0.0)	(3, 0.0)	(4, 0.0)	(5, 0.0)	(6, 0.0)	(7, 0.0)	(8, 0.0)	(9, 0.0)	(10, 0.0)	(15, 0.0)	(20, 0.0)	(25, 0.0)	(30, 0.0)	(35, 0.0)	(40, 0.6695529012391694)	(45, 0.0)	(50, 0.0)	(55, 0.0)	(60, 2.2936963490088364e-05)	(65, 0.0)	(70, 0.0)	(75, 0.6638415973301375)	(80, 0.4660332241916154)	(85, 0.0)	(90, 0.0)	(95, 0.0)	(100, 0.0)	(105, 0.0)	(110, 1.050512927846047)	(115, 0.00011468481745044182)	(120, 0.00022936963490088365)	(125, 0.6915494492261642)	(130, 0.0)	(135, 0.0)	(140, 0.00011468481745044182)	(145, 0.0)	(150, 0.6627176861191232)	(155, 0.00011468481745044182)	(160, 0.0)	(165, 0.6612955943827377)	(170, 0.0)	(175, 0.0)	(180, 0.0001376217809405302)	(185, 0.0)	(190, 0.0)	(195, 0.0)	(200, 0.0)	(205, 1.0519120826189425)	(210, 0.000435802306311679)	(215, 0.0)	(220, 0.0)	(225, 0.0)	(230, 0.0)	(235, 0.0)	(240, 0.00041286534282159056)	(245, 0.0)	(250, 0.0)
042024-BEL-CBC-T1-931-SSID_S45_R2_16S	(1, 0.0014593719957459307)	(2, 0.0)	(3, 0.0)	(4, 0.0)	(5, 0.0)	(6, 0.0)	(7, 0.0)	(8, 0.0)	(9, 0.0)	(10, 0.0)	(15, 0.0)	(20, 0.0)	(25, 0.0)	(30, 3.648429989364826e-05)	(35, 0.0)	(40, 0.6716029924422773)	(45, 0.0)	(50, 0.0)	(55, 0.0)	(60, 3.648429989364826e-05)	(65, 0.0)	(70, 0.0)	(75, 0.6774039961253674)	(80, 0.48907204007435495)	(85, 0.0)	(90, 3.648429989364826e-05)	(95, 0.0)	(100, 0.0)	(105, 0.0)	(110, 1.0498357294397287)	(115, 3.648429989364826e-05)	(120, 0.0002553900992555379)	(125, 0.6726245528392993)	(130, 0.0)	(135, 0.0)	(140, 3.648429989364826e-05)	(145, 0.0)	(150, 0.6795930541189863)	(155, 0.00018242149946824134)	(160, 0.0)	(165, 0.6610590297730129)	(170, 0.0)	(175, 0.0)	(180, 0.00014593719957459305)	(185, 0.0)	(190, 0.0)	(195, 0.0)	(200, 0.0)	(205, 1.0682603008860212)	(210, 0.0004742958986174275)	(215, 0.0)	(220, 0.0)	(225, 0.0)	(230, 3.648429989364826e-05)	(235, 3.648429989364826e-05)	(240, 0.0005107801985110758)	(245, 0.0)	(250, 0.0)
042024-BEL-CBC-T2-1016-MCAV_S68_R2_16S	(1, 0.0010410330617228502)	(2, 0.0)	(3, 0.0)	(4, 0.0)	(5, 0.0)	(6, 0.0)	(7, 0.0)	(8, 0.0)	(9, 0.0)	(10, 0.0)	(15, 0.0)	(20, 0.0)	(25, 0.0)	(30, 0.0)	(35, 0.0)	(40, 0.6627811346962935)	(45, 0.0)	(50, 0.0)	(55, 0.0)	(60, 2.9743801763510007e-05)	(65, 0.0)	(70, 0.0)	(75, 0.6559995478942132)	(80, 0.6206490394982815)	(85, 0.0)	(90, 0.0)	(95, 0.0)	(100, 0.0)	(105, 0.0)	(110, 1.0371217517909486)	(115, 5.9487603527020015e-05)	(120, 0.00014871900881755003)	(125, 0.6604908619605032)	(130, 0.0)	(135, 0.0)	(140, 5.9487603527020015e-05)	(145, 0.0)	(150, 0.6457825519884475)	(155, 0.00010410330617228504)	(160, 0.0)	(165, 0.6542595354910479)	(170, 0.0)	(175, 0.0)	(180, 7.435950440877501e-05)	(185, 0.0)	(190, 0.0)	(195, 0.0)	(200, 0.0)	(205, 1.0286150244865848)	(210, 0.0003866694229256301)	(215, 0.0)	(220, 0.0)	(225, 0.0)	(230, 0.0)	(235, 0.0)	(240, 0.0003717975220438751)	(245, 0.0)	(250, 0.0)
042024-BEL-CBC-T2-1025-SSID_S59_R2_16S	(1, 0.0014529377883173422)	(2, 0.0)	(3, 0.0)	(4, 0.0)	(5, 0.0)	(6, 0.0)	(7, 0.0)	(8, 0.0)	(9, 0.0)	(10, 0.0)	(15, 0.0)	(20, 0.0)	(25, 0.0)	(30, 2.0756254118819177e-05)	(35, 0.0)	(40, 0.667832476273007)	(45, 0.0)	(50, 0.0)	(55, 0.0)	(60, 6.226876235645752e-05)	(65, 0.0)	(70, 0.0)	(75, 0.6713195269649687)	(80, 0.4750691442715333)	(85, 0.0)	(90, 2.0756254118819177e-05)	(95, 0.0)	(100, 0.0)	(105, 0.0)	(110, 1.0629900421870866)	(115, 0.00016605003295055342)	(120, 0.00014529377883173425)	(125, 0.6715686020143945)	(130, 0.0)	(135, 0.0)	(140, 0.00018680628706937259)	(145, 0.0)	(150, 0.6769444718311687)	(155, 0.0002905875576634685)	(160, 0.0)	(165, 0.6793729535630705)	(170, 0.0)	(175, 0.0)	(180, 8.302501647527671e-05)	(185, 0.0)	(190, 0.0)	(195, 0.0)	(200, 0.0)	(205, 1.0604785354387094)	(210, 0.000352856320019926)	(215, 0.0)	(220, 0.0)	(225, 0.0)	(230, 0.0)	(235, 0.0)	(240, 0.00037361257413874517)	(245, 0.0)	(250, 0.0)
042024-BEL-CBC-T2-1035-SSID_S4_R2_16S	(1, 0.00044360061749205954)	(2, 0.0)	(3, 0.0)	(4, 0.0)	(5, 0.0)	(6, 0.0)	(7, 0.0)	(8, 0.0)	(9, 0.0)	(10, 0.0)	(15, 0.0)	(20, 0.0)	(25, 0.0)	(30, 0.0)	(35, 0.0)	(40, 0.6618521212981529)	(45, 0.0)	(50, 0.0)	(55, 0.0)	(60, 8.872012349841191e-05)	(65, 0.0)	(70, 0.0)	(75, 0.6611423603101655)	(80, 0.639494650176553)	(85, 0.0)	(90, 0.0)	(95, 0.0)	(100, 0.0)	(105, 0.0)	(110, 1.0022712351615595)	(115, 0.0)	(120, 8.872012349841191e-05)	(125, 0.6724098159944638)	(130, 0.0)	(135, 0.0)	(140, 0.0)	(145, 0.0)	(150, 0.6512944266018418)	(155, 0.00017744024699682383)	(160, 0.0)	(165, 0.6449065777099562)	(170, 0.0)	(175, 0.0)	(180, 8.872012349841191e-05)	(185, 0.0)	(190, 0.0)	(195, 0.0)	(200, 0.0)	(205, 1.0085703639299466)	(210, 0.0005323207409904714)	(215, 0.0)	(220, 0.0)	(225, 0.0)	(230, 0.0)	(235, 0.0)	(240, 0.0005323207409904714)	(245, 0.0)	(250, 0.0)
042024-BEL-CBC-T3-950-PSTR_S84_R2_16S	(1, 0.0011906142180315121)	(2, 0.0)	(3, 0.0)	(4, 0.0)	(5, 0.0)	(6, 0.0)	(7, 0.0)	(8, 0.0)	(9, 0.0)	(10, 0.0)	(15, 0.0)	(20, 0.0)	(25, 0.0)	(30, 1.1339183028871545e-05)	(35, 0.0)	(40, 0.654242512808316)	(45, 0.0)	(50, 0.0)	(55, 0.0)	(60, 2.267836605774309e-05)	(65, 0.0)	(70, 0.0)	(75, 0.6544296093282923)	(80, 0.614549702615751)	(85, 0.0)	(90, 1.1339183028871545e-05)	(95, 0.0)	(100, 0.0)	(105, 0.0)	(110, 1.036815209019413)	(115, 0.00011339183028871545)	(120, 0.000198435703005252)	(125, 0.6610857097662399)	(130, 0.0)	(135, 0.0)	(140, 0.00011906142180315122)	(145, 0.0)	(150, 0.653528144277497)	(155, 0.0002834795757217886)	(160, 0.0)	(165, 0.6537322495720167)	(170, 0.0)	(175, 0.0)	(180, 6.23655066587935e-05)	(185, 0.0)	(190, 0.0)	(195, 0.0)	(200, 0.0)	(205, 1.0365770861758066)	(210, 0.0005159328278136553)	(215, 0.0)	(220, 0.0)	(225, 0.0)	(230, 0.0)	(235, 0.0)	(240, 0.0005329416023569626)	(245, 0.0)	(250, 0.0)
042024-BEL-CBC-T3-956-MCAV_S94_R2_16S	(1, 0.001207281112388817)	(2, 0.0)	(3, 0.0)	(4, 0.0)	(5, 0.0)	(6, 0.0)	(7, 0.0)	(8, 0.0)	(9, 0.0)	(10, 0.0)	(15, 0.0)	(20, 0.0)	(25, 0.0)	(30, 0.0)	(35, 0.0)	(40, 0.6676264551510158)	(45, 0.0)	(50, 0.0)	(55, 0.0)	(60, 6.036405561944084e-05)	(65, 0.0)	(70, 0.0)	(75, 0.6766810634939319)	(80, 0.6088922290332999)	(85, 0.0)	(90, 0.0)	(95, 0.0)	(100, 0.0)	(105, 0.0)	(110, 1.0325875354261551)	(115, 6.036405561944084e-05)	(120, 0.00012072811123888169)	(125, 0.6527165334130139)	(130, 0.0)	(135, 0.0)	(140, 6.036405561944084e-05)	(145, 0.0)	(150, 0.6680490035403519)	(155, 0.00012072811123888169)	(160, 0.0)	(165, 0.6574852938069498)	(170, 0.0)	(175, 0.0)	(180, 6.036405561944084e-05)	(185, 0.0)	(190, 0.0)	(195, 0.0)	(200, 0.0)	(205, 1.0430908811039379)	(210, 0.00018109216685832256)	(215, 0.0)	(220, 0.0)	(225, 0.0)	(230, 0.0)	(235, 0.0)	(240, 0.00018109216685832256)	(245, 0.0)	(250, 0.0)
042024-BEL-CBC-T3-959-SSID_S7_R2_16S	(1, 0.0007912080956412347)	(2, 0.0)	(3, 0.0)	(4, 0.0)	(5, 0.0)	(6, 0.0)	(7, 0.0)	(8, 0.0)	(9, 0.0)	(10, 0.0)	(15, 0.0)	(20, 0.0)	(25, 0.0)	(30, 0.00015824161912824693)	(35, 0.0)	(40, 0.6540126118570445)	(45, 0.0)	(50, 0.0)	(55, 0.0)	(60, 0.00015824161912824693)	(65, 0.0)	(70, 0.0)	(75, 0.653063162142275)	(80, 0.6381884499442199)	(85, 0.0)	(90, 0.00015824161912824693)	(95, 0.0)	(100, 0.0)	(105, 0.0)	(110, 1.0344254642413502)	(115, 0.00015824161912824693)	(120, 0.0007912080956412347)	(125, 0.6676213911020737)	(130, 0.0)	(135, 0.0)	(140, 0.0006329664765129877)	(145, 0.0)	(150, 0.6589181020500202)	(155, 0.0006329664765129877)	(160, 0.0)	(165, 0.6461005309006322)	(170, 0.0)	(175, 0.0)	(180, 0.00015824161912824693)	(185, 0.0)	(190, 0.0)	(195, 0.0)	(200, 0.0)	(205, 1.0474012770098664)	(210, 0.0009494497147694814)	(215, 0.0)	(220, 0.0)	(225, 0.0)	(230, 0.00031648323825649385)	(235, 0.0)	(240, 0.0014241745721542223)	(245, 0.0)	(250, 0.0)
052022-BEL-CBC-T1-53-PAST_S53_R2_16S	(1, 0.0011959862700776196)	(2, 0.0)	(3, 0.0)	(4, 0.0)	(5, 0.0)	(6, 0.0)	(7, 0.0)	(8, 0.0)	(9, 0.0)	(10, 0.0)	(15, 0.0)	(20, 0.0)	(25, 0.0)	(30, 0.0)	(35, 0.0)	(40, 0.6625963267275026)	(45, 0.0)	(50, 0.0)	(55, 0.0)	(60, 0.0)	(65, 0.0)	(70, 0.0)	(75, 0.6708286988865368)	(80, 0.4785141066580556)	(85, 0.0)	(90, 0.0)	(95, 0.0)	(100, 0.0)	(105, 0.0)	(110, 1.0401891252955082)	(115, 0.00013953173150905562)	(120, 0.00013953173150905562)	(125, 0.6882103660116649)	(130, 0.0)	(135, 0.0)	(140, 0.00015946483601034928)	(145, 0.0)	(150, 0.6534470317614087)	(155, 0.0002591303585168176)	(160, 0.0)	(165, 0.6608023473223861)	(170, 0.0)	(175, 0.0)	(180, 3.986620900258732e-05)	(185, 0.0)	(190, 0.0)	(195, 0.0)	(200, 0.0)	(205, 1.032774010421027)	(210, 0.0004385282990284605)	(215, 0.0)	(220, 0.0)	(225, 0.0)	(230, 1.993310450129366e-05)	(235, 1.993310450129366e-05)	(240, 0.00045846140352975417)	(245, 0.0)	(250, 0.0)
052022-BEL-CBC-T1-54-MCAV_S19_R2_16S	(1, 0.0)	(2, 0.0)	(3, 0.0)	(4, 0.0)	(5, 0.0)	(6, 0.0)	(7, 0.0)	(8, 0.0)	(9, 0.0)	(10, 0.0)	(15, 0.0)	(20, 0.0)	(25, 0.0)	(30, 0.0)	(35, 0.0)	(40, 0.664559665157598)	(45, 0.0)	(50, 0.0)	(55, 0.0)	(60, 0.0)	(65, 0.0)	(70, 0.0)	(75, 0.6594345263517554)	(80, 0.6637054753566243)	(85, 0.0)	(90, 0.0)	(95, 0.0)	(100, 0.0)	(105, 0.0)	(110, 1.0297258050738876)	(115, 0.0)	(120, 0.0)	(125, 0.6474758691381225)	(130, 0.0)	(135, 0.0)	(140, 0.0)	(145, 0.0)	(150, 0.6393610660288717)	(155, 0.0)	(160, 0.0)	(165, 0.6500384385410438)	(170, 0.0)	(175, 0.0)	(180, 0.0)	(185, 0.0)	(190, 0.0)	(195, 0.0)	(200, 0.0)	(205, 1.0190484325617153)	(210, 0.0)	(215, 0.0)	(220, 0.0)	(225, 0.0)	(230, 0.0)	(235, 0.0)	(240, 0.0)	(245, 0.0)	(250, 0.0)
052022-BEL-CBC-T1-55-PSTR_S67_R2_16S	(1, 0.002769648346981545)	(2, 0.0)	(3, 0.0)	(4, 0.0)	(5, 0.0)	(6, 0.0)	(7, 0.0)	(8, 0.0)	(9, 0.0)	(10, 0.0)	(15, 0.0)	(20, 0.0)	(25, 0.0)	(30, 0.0)	(35, 0.0)	(40, 0.6709934728620623)	(45, 0.0)	(50, 0.0)	(55, 0.0)	(60, 9.232161156605149e-05)	(65, 0.0)	(70, 0.0)	(75, 0.6597302362510039)	(80, 0.5854113389403326)	(85, 0.0)	(90, 0.0)	(95, 0.0)	(100, 0.0)	(105, 0.0)	(110, 0.9866410628063923)	(115, 0.0)	(120, 0.0002769648346981545)	(125, 0.6836415336466113)	(130, 0.0)	(135, 0.0)	(140, 0.0)	(145, 0.0)	(150, 0.6401580545990011)	(155, 0.0)	(160, 0.0)	(165, 0.6486516428630777)	(170, 0.0)	(175, 0.0)	(180, 9.232161156605149e-05)	(185, 0.0)	(190, 0.0)	(195, 0.0)	(200, 0.0)	(205, 0.9780551529307495)	(210, 0.000553929669396309)	(215, 0.0)	(220, 0.0)	(225, 0.0)	(230, 0.0)	(235, 0.0)	(240, 0.00046160805783025747)	(245, 0.0)	(250, 0.0)
052022-BEL-CBC-T1-62-MCAV_S92_R2_16S	(1, 0.0013891783010349379)	(2, 0.0)	(3, 0.0)	(4, 0.0)	(5, 0.0)	(6, 0.0)	(7, 0.0)	(8, 0.0)	(9, 0.0)	(10, 0.0)	(15, 0.0)	(20, 0.0)	(25, 0.0)	(30, 5.5567132041397515e-05)	(35, 0.0)	(40, 0.6596374244634299)	(45, 0.0)	(50, 0.0)	(55, 0.0)	(60, 0.00011113426408279503)	(65, 0.0)	(70, 0.0)	(75, 0.6645273320830728)	(80, 0.6230186844481489)	(85, 0.0)	(90, 0.00011113426408279503)	(95, 0.0)	(100, 0.0)	(105, 0.0)	(110, 1.0459956935472667)	(115, 0.00016670139612419253)	(120, 0.0002778356602069876)	(125, 0.6454122386608321)	(130, 0.0)	(135, 0.0)	(140, 0.00016670139612419253)	(145, 0.0)	(150, 0.657692574841981)	(155, 0.0002778356602069876)	(160, 0.0)	(165, 0.6646384663471556)	(170, 0.0)	(175, 0.0)	(180, 0.00016670139612419253)	(185, 0.0)	(190, 0.0)	(195, 0.0)	(200, 0.0)	(205, 1.0388275335139265)	(210, 0.0003889699242897826)	(215, 0.0)	(220, 0.0)	(225, 0.0)	(230, 0.0)	(235, 5.5567132041397515e-05)	(240, 0.0004445370563311801)	(245, 0.0)	(250, 0.0)
052022-BEL-CBC-T1-63-OFAV_S60_R2_16S	(1, 0.0011990084200366297)	(2, 0.0)	(3, 0.0)	(4, 0.0)	(5, 0.0)	(6, 0.0)	(7, 0.0)	(8, 0.0)	(9, 0.0)	(10, 0.0)	(15, 0.0)	(20, 0.0)	(25, 0.0)	(30, 0.0)	(35, 0.0)	(40, 0.670605409326487)	(45, 0.0)	(50, 0.0)	(55, 0.0)	(60, 2.997521050091574e-05)	(65, 0.0)	(70, 0.0)	(75, 0.6766454142424215)	(80, 0.4913086877152595)	(85, 0.0)	(90, 1.498760525045787e-05)	(95, 0.0)	(100, 0.0)	(105, 0.0)	(110, 1.071553824986736)	(115, 0.0001648636577550366)	(120, 0.00019483886825595234)	(125, 0.6694813389327027)	(130, 0.0)	(135, 0.0)	(140, 0.0001648636577550366)	(145, 0.0)	(150, 0.6727786120878033)	(155, 0.0002547892892577838)	(160, 0.0)	(165, 0.6754164306118839)	(170, 0.0)	(175, 0.0)	(180, 5.995042100183148e-05)	(185, 0.0)	(190, 0.0)	(195, 0.0)	(200, 0.0)	(205, 1.0688410684364031)	(210, 0.0004046653417623625)	(215, 0.0)	(220, 0.0)	(225, 0.0)	(230, 1.498760525045787e-05)	(235, 1.498760525045787e-05)	(240, 0.000464615762764194)	(245, 0.0)	(250, 0.0)
052022-BEL-CBC-T2-10-MCAV_S3_R2_16S	(1, 0.00193979647655368)	(2, 0.0)	(3, 0.0)	(4, 0.0)	(5, 0.0)	(6, 0.0)	(7, 0.0)	(8, 0.0)	(9, 0.0)	(10, 0.0)	(15, 0.0)	(20, 0.0)	(25, 0.0)	(30, 0.0)	(35, 0.0)	(40, 0.6605007002665281)	(45, 0.0)	(50, 0.0)	(55, 0.0)	(60, 7.75918590621472e-05)	(65, 0.0)	(70, 0.0)	(75, 0.6569314747496693)	(80, 0.6448659406655054)	(85, 0.0)	(90, 0.0)	(95, 0.0)	(100, 0.0)	(105, 0.0)	(110, 1.0224279268619136)	(115, 0.0001551837181242944)	(120, 0.0002715715067175152)	(125, 0.6850973195892287)	(130, 0.0)	(135, 0.0)	(140, 0.0001551837181242944)	(145, 0.0)	(150, 0.6511508812495393)	(155, 0.0002715715067175152)	(160, 0.0)	(165, 0.6539441881757766)	(170, 0.0)	(175, 0.0)	(180, 0.00011638778859322079)	(185, 0.0)	(190, 0.0)	(195, 0.0)	(200, 0.0)	(205, 1.0195570280766142)	(210, 0.00046555115437288316)	(215, 0.0)	(220, 0.0)	(225, 0.0)	(230, 0.0)	(235, 0.0)	(240, 0.000387959295310736)	(245, 0.0)	(250, 0.0)
052022-BEL-CBC-T2-11-PAST_S86_R2_16S	(1, 0.0017523597116571748)	(2, 0.0)	(3, 0.0)	(4, 0.0)	(5, 0.0)	(6, 0.0)	(7, 0.0)	(8, 0.0)	(9, 0.0)	(10, 0.0)	(15, 0.0)	(20, 0.0)	(25, 0.0)	(30, 0.0)	(35, 0.0)	(40, 0.6546815882751205)	(45, 0.0)	(50, 0.0)	(55, 0.0)	(60, 3.1861085666494086e-05)	(65, 0.0)	(70, 0.0)	(75, 0.6565932534151101)	(80, 0.6197299772989765)	(85, 0.0)	(90, 0.0)	(95, 0.0)	(100, 0.0)	(105, 0.0)	(110, 1.0420168067226891)	(115, 7.965271416623521e-05)	(120, 0.00031861085666494085)	(125, 0.6625831375204111)	(130, 0.0)	(135, 0.0)	(140, 7.965271416623521e-05)	(145, 0.0)	(150, 0.6539328527619579)	(155, 0.00015930542833247042)	(160, 0.0)	(165, 0.6524194511927993)	(170, 0.0)	(175, 0.0)	(180, 0.00014337488549922338)	(185, 0.0)	(190, 0.0)	(195, 0.0)	(200, 0.0)	(205, 1.0434505555776814)	(210, 0.0006212911704966347)	(215, 0.0)	(220, 0.0)	(225, 0.0)	(230, 0.0)	(235, 1.5930542833247043e-05)	(240, 0.0006531522561631287)	(245, 0.0)	(250, 0.0)
052022-BEL-CBC-T2-59-OFAV_S61_R2_16S	(1, 0.0012280163150739003)	(2, 0.0)	(3, 8.771545107670716e-05)	(4, 0.0)	(5, 0.0)	(6, 0.0)	(7, 0.0)	(8, 0.0)	(9, 0.0)	(10, 0.0)	(15, 0.0)	(20, 0.0)	(25, 0.0)	(30, 3.508618043068287e-05)	(35, 0.0)	(40, 0.6689180299109688)	(45, 0.0)	(50, 0.0)	(55, 0.0)	(60, 5.2629270646024296e-05)	(65, 0.0)	(70, 0.0)	(75, 0.663479671944213)	(80, 0.49020656988728567)	(85, 0.0)	(90, 3.508618043068287e-05)	(95, 0.0)	(100, 0.0)	(105, 0.0)	(110, 1.0558308846103241)	(115, 0.00014034472172273147)	(120, 0.00017543090215341433)	(125, 0.6761984123503355)	(130, 0.0)	(135, 0.0)	(140, 0.00017543090215341433)	(145, 0.0)	(150, 0.6613569580281566)	(155, 0.0002631463532301215)	(160, 0.0)	(165, 0.6706898820227183)	(170, 0.0)	(175, 0.0)	(180, 8.771545107670716e-05)	(185, 0.0)	(190, 0.0)	(195, 0.0)	(200, 0.0)	(205, 1.0464102451646857)	(210, 0.0003333187140914872)	(215, 0.0)	(220, 0.0)	(225, 0.0)	(230, 0.0)	(235, 3.508618043068287e-05)	(240, 0.00035086180430682866)	(245, 0.0)	(250, 0.0)
052022-BEL-CBC-T3-16-SSID_S12_R2_16S	(1, 0.0007430745452383784)	(2, 0.0)	(3, 0.0)	(4, 0.0)	(5, 0.0)	(6, 0.0)	(7, 0.0)	(8, 0.0)	(9, 0.0)	(10, 0.0)	(15, 0.0)	(20, 0.0)	(25, 0.0)	(30, 0.0)	(35, 0.0)	(40, 0.6615344984742202)	(45, 0.0)	(50, 0.0)	(55, 0.0)	(60, 0.0)	(65, 0.0)	(70, 0.0)	(75, 0.6409761027226252)	(80, 0.6481096183569136)	(85, 0.0)	(90, 0.0)	(95, 0.0)	(100, 0.0)	(105, 0.0)	(110, 1.0305205484880908)	(115, 0.00012384575753972973)	(120, 0.00019815321206356754)	(125, 0.6606180398684263)	(130, 0.0)	(135, 0.0)	(140, 0.00012384575753972973)	(145, 0.0)	(150, 0.6498186898109618)	(155, 0.00014861490904767566)	(160, 0.0)	(165, 0.6520726825981848)	(170, 0.0)	(175, 0.0)	(180, 7.430745452383783e-05)	(185, 0.0)	(190, 0.0)	(195, 0.0)	(200, 0.0)	(205, 1.0282417865493598)	(210, 0.00032199896960329727)	(215, 0.0)	(220, 0.0)	(225, 0.0)	(230, 0.0)	(235, 2.4769151507945942e-05)	(240, 0.0003467681211112432)	(245, 0.0)	(250, 0.0)
052022-BEL-CBC-T3-25-PAST_S69_R2_16S	(1, 0.001650437365901964)	(2, 0.0)	(3, 0.0)	(4, 0.0)	(5, 0.0)	(6, 0.0)	(7, 0.0)	(8, 0.0)	(9, 0.0)	(10, 0.0)	(15, 0.0)	(20, 0.0)	(25, 0.0)	(30, 2.3577676655742344e-05)	(35, 0.0)	(40, 0.6509089194350789)	(45, 0.0)	(50, 0.0)	(55, 0.0)	(60, 7.073302996722703e-05)	(65, 0.0)	(70, 0.0)	(75, 0.6510268078183575)	(80, 0.6167920213142197)	(85, 0.0)	(90, 4.715535331148469e-05)	(95, 0.0)	(100, 0.0)	(105, 0.0)	(110, 1.024780138165185)	(115, 0.00011788838327871171)	(120, 0.0002121990899016811)	(125, 0.671845896305378)	(130, 0.0)	(135, 0.0)	(140, 0.00011788838327871171)	(145, 0.0)	(150, 0.6428925093721265)	(155, 0.00014146605993445405)	(160, 0.0)	(165, 0.6489519722726522)	(170, 0.0)	(175, 0.0)	(180, 0.00014146605993445405)	(185, 0.0)	(190, 0.0)	(195, 0.0)	(200, 0.0)	(205, 1.0186499422346922)	(210, 0.0003772428264918775)	(215, 0.0)	(220, 0.0)	(225, 0.0)	(230, 0.0)	(235, 0.0)	(240, 0.0003772428264918775)	(245, 0.0)	(250, 0.0)
052022-BEL-CBC-T3-6-SSID_S77_R2_16S	(1, 0.0011241982057796636)	(2, 0.0)	(3, 0.0)	(4, 0.0)	(5, 0.0)	(6, 0.0)	(7, 0.0)	(8, 0.0)	(9, 0.0)	(10, 0.0)	(15, 0.0)	(20, 0.0)	(25, 0.0)	(30, 0.0)	(35, 0.0)	(40, 0.6597116271002431)	(45, 0.0)	(50, 0.0)	(55, 0.0)	(60, 6.423989747312363e-05)	(65, 0.0)	(70, 0.0)	(75, 0.6427522941673385)	(80, 0.6173775346654546)	(85, 0.0)	(90, 0.0)	(95, 0.0)	(100, 0.0)	(105, 0.0)	(110, 1.019936852180784)	(115, 9.635984620968546e-05)	(120, 0.00012847979494624726)	(125, 0.6740050042880131)	(130, 0.0)	(135, 0.0)	(140, 9.635984620968546e-05)	(145, 0.0)	(150, 0.6520349593522049)	(155, 0.00019271969241937091)	(160, 0.0)	(165, 0.6503968419666402)	(170, 0.0)	(175, 0.0)	(180, 6.423989747312363e-05)	(185, 0.0)	(190, 0.0)	(195, 0.0)	(200, 0.0)	(205, 1.0215107296688755)	(210, 0.0003211994873656181)	(215, 0.0)	(220, 0.0)	(225, 0.0)	(230, 0.0)	(235, 0.0)	(240, 0.0003211994873656181)	(245, 0.0)	(250, 0.0)
052022-BEL-CBC-T3-65-OFAV_S5_R2_16S	(1, 0.0006247208278800412)	(2, 0.0)	(3, 0.0)	(4, 0.0)	(5, 0.0)	(6, 0.0)	(7, 0.0)	(8, 0.0)	(9, 0.0)	(10, 0.0)	(15, 0.0)	(20, 0.0)	(25, 0.0)	(30, 0.0)	(35, 0.0)	(40, 0.6548948438666471)	(45, 0.0)	(50, 0.0)	(55, 0.0)	(60, 0.0)	(65, 0.0)	(70, 0.0)	(75, 0.652989445341613)	(80, 0.6557382169842851)	(85, 0.0)	(90, 0.0)	(95, 0.0)	(100, 0.0)	(105, 0.0)	(110, 1.035287355962804)	(115, 3.1236041394002054e-05)	(120, 0.0001561802069700103)	(125, 0.6543325951215551)	(130, 0.0)	(135, 0.0)	(140, 3.1236041394002054e-05)	(145, 0.0)	(150, 0.6756043393108704)	(155, 6.247208278800411e-05)	(160, 0.0)	(165, 0.6500844934919708)	(170, 0.0)	(175, 0.0)	(180, 3.1236041394002054e-05)	(185, 0.0)	(190, 0.0)	(195, 0.0)	(200, 0.0)	(205, 1.0608072017817038)	(210, 0.0002811243725460185)	(215, 0.0)	(220, 0.0)	(225, 0.0)	(230, 0.0)	(235, 0.0)	(240, 0.0003123604139400206)	(245, 0.0)	(250, 0.0)
062019-BEL-CBC-T1-12-PAST_S36_R2_16S	(1, 0.0008576145451426857)	(2, 0.0)	(3, 0.0)	(4, 0.0)	(5, 0.0)	(6, 0.0)	(7, 0.0)	(8, 0.0)	(9, 0.0)	(10, 0.0)	(15, 0.0)	(20, 0.0)	(25, 0.0)	(30, 0.0)	(35, 0.0)	(40, 0.6753428671483602)	(45, 0.0)	(50, 0.0)	(55, 0.0)	(60, 2.8587151504756185e-05)	(65, 0.0)	(70, 0.0)	(75, 0.6752856928453507)	(80, 0.4861530984898837)	(85, 0.0)	(90, 0.0)	(95, 0.0)	(100, 0.0)	(105, 0.0)	(110, 1.0677015215511387)	(115, 0.00014293575752378094)	(120, 0.00022869721203804948)	(125, 0.6627645204862674)	(130, 0.0)	(135, 0.0)	(140, 0.00014293575752378094)	(145, 0.0)	(150, 0.671369253089199)	(155, 0.00022869721203804948)	(160, 0.0)	(165, 0.6749426470272937)	(170, 0.0)	(175, 0.0)	(180, 8.576145451426857e-05)	(185, 0.0)	(190, 0.0)	(195, 0.0)	(200, 0.0)	(205, 1.0640995404615394)	(210, 0.0003430458180570743)	(215, 0.0)	(220, 0.0)	(225, 0.0)	(230, 0.0)	(235, 0.0)	(240, 0.0004002201210665867)	(245, 0.0)	(250, 0.0)
062019-BEL-CBC-T2-16-MCAV_S33_R2_16S	(1, 0.0)	(2, 0.0)	(3, 0.0)	(4, 0.0)	(5, 0.0)	(6, 0.0)	(7, 0.0)	(8, 0.0)	(9, 0.0)	(10, 0.0)	(15, 0.0)	(20, 0.0)	(25, 0.0)	(30, 0.0)	(35, 0.0)	(40, 0.6821036165780509)	(45, 0.0)	(50, 0.0)	(55, 0.0)	(60, 0.0)	(65, 0.0)	(70, 0.0)	(75, 0.6675891735792014)	(80, 0.47747253160463565)	(85, 0.0)	(90, 0.0)	(95, 0.0)	(100, 0.0)	(105, 0.0)	(110, 1.0613592437448767)	(115, 0.00015040873573937173)	(120, 7.520436786968587e-05)	(125, 0.6754104278376488)	(130, 0.0)	(135, 0.0)	(140, 0.0002256131036090576)	(145, 0.0)	(150, 0.6796218724383513)	(155, 0.0003760218393484294)	(160, 0.0)	(165, 0.6819532078423115)	(170, 0.0)	(175, 0.0)	(180, 0.0)	(185, 0.0)	(190, 0.0)	(195, 0.0)	(200, 0.0)	(205, 1.0590279083409164)	(210, 0.0003760218393484294)	(215, 0.0)	(220, 0.0)	(225, 0.0)	(230, 0.0)	(235, 0.0)	(240, 0.0003760218393484294)	(245, 0.0)	(250, 0.0)
062019-BEL-CBC-T2-2-PAST_S76_R2_16S	(1, 0.0013970169877265707)	(2, 0.0)	(3, 0.0)	(4, 0.0)	(5, 0.0)	(6, 0.0)	(7, 0.0)	(8, 0.0)	(9, 0.0)	(10, 0.0)	(15, 0.0)	(20, 0.0)	(25, 0.0)	(30, 0.0)	(35, 0.0)	(40, 0.651111517516053)	(45, 0.0)	(50, 0.0)	(55, 0.0)	(60, 2.5400308867755832e-05)	(65, 0.0)	(70, 0.0)	(75, 0.6517211249288791)	(80, 0.613874664715923)	(85, 0.0)	(90, 0.0)	(95, 0.0)	(100, 0.0)	(105, 0.0)	(110, 1.017485572624563)	(115, 7.62009266032675e-05)	(120, 0.00020320247094204665)	(125, 0.6761562220596602)	(130, 0.0)	(135, 0.0)	(140, 0.000152401853206535)	(145, 0.0)	(150, 0.6574107941152565)	(155, 0.0002286027798098025)	(160, 0.0)	(165, 0.6444058359749655)	(170, 0.0)	(175, 0.0)	(180, 0.00012700154433877914)	(185, 0.0)	(190, 0.0)	(195, 0.0)	(200, 0.0)	(205, 1.0304143298382509)	(210, 0.000457205559619605)	(215, 0.0)	(220, 0.0)	(225, 0.0)	(230, 0.0)	(235, 0.0)	(240, 0.000457205559619605)	(245, 0.0)	(250, 0.0)
062019-BEL-CBC-T3-16-MCAV_S47_R2_16S	(1, 0.0008381639515742395)	(2, 0.0)	(3, 0.0)	(4, 0.0)	(5, 0.0)	(6, 0.0)	(7, 0.0)	(8, 0.0)	(9, 0.0)	(10, 0.0)	(15, 0.0)	(20, 0.0)	(25, 0.0)	(30, 1.676327903148479e-05)	(35, 0.0)	(40, 0.6698773933771637)	(45, 0.0)	(50, 0.0)	(55, 0.0)	(60, 3.352655806296958e-05)	(65, 0.0)	(70, 0.0)	(75, 0.6853331366441927)	(80, 0.4903929647870561)	(85, 0.0)	(90, 1.676327903148479e-05)	(95, 0.0)	(100, 0.0)	(105, 0.0)	(110, 1.0694301490926037)	(115, 0.00010057967418890873)	(120, 0.0001843960693463327)	(125, 0.6511528106989952)	(130, 0.0)	(135, 0.0)	(140, 0.00011734295322039353)	(145, 0.0)	(150, 0.6775214486155208)	(155, 0.00025144918547227187)	(160, 0.0)	(165, 0.6758115941543094)	(170, 0.0)	(175, 0.0)	(180, 0.00011734295322039353)	(185, 0.0)	(190, 0.0)	(195, 0.0)	(200, 0.0)	(205, 1.0710394238796261)	(210, 0.00041908197578711975)	(215, 0.0)	(220, 0.0)	(225, 3.352655806296958e-05)	(230, 6.705311612593916e-05)	(235, 6.705311612593916e-05)	(240, 0.0005028983709445437)	(245, 0.0)	(250, 8.381639515742395e-05)
062019-BEL-CBC-T3-27-SSID_S17_R2_16S	(1, 0.002515406867060747)	(2, 0.0)	(3, 0.0)	(4, 0.0)	(5, 0.0)	(6, 0.0)	(7, 0.0)	(8, 0.0)	(9, 0.0)	(10, 0.0)	(15, 0.0)	(20, 0.0)	(25, 0.0)	(30, 0.0)	(35, 0.0)	(40, 0.6546765606003437)	(45, 0.0)	(50, 0.0)	(55, 0.0)	(60, 0.0)	(65, 0.0)	(70, 0.0)	(75, 0.6734582652077307)	(80, 0.6526642351066951)	(85, 0.0)	(90, 0.0)	(95, 0.0)	(100, 0.0)	(105, 0.0)	(110, 1.0407076677985998)	(115, 0.0)	(120, 0.0003353875822747663)	(125, 0.6410933635182158)	(130, 0.0)	(135, 0.0)	(140, 0.0)	(145, 0.0)	(150, 0.6595396805433279)	(155, 0.00016769379113738315)	(160, 0.0)	(165, 0.6618873936192512)	(170, 0.0)	(175, 0.0)	(180, 0.00016769379113738315)	(185, 0.0)	(190, 0.0)	(195, 0.0)	(200, 0.0)	(205, 1.0383599547226765)	(210, 0.0008384689556869158)	(215, 0.0)	(220, 0.0)	(225, 0.0)	(230, 0.0)	(235, 0.0)	(240, 0.0006707751645495326)	(245, 0.0)	(250, 0.0)
062024-BEL-CBC-T1-1341-SSID_S56_R2_16S	(1, 0.001261727936408912)	(2, 0.0)	(3, 0.0)	(4, 0.0)	(5, 0.0)	(6, 0.0)	(7, 0.0)	(8, 0.0)	(9, 0.0)	(10, 0.0)	(15, 0.0)	(20, 0.0)	(25, 0.0)	(30, 0.0)	(35, 0.0)	(40, 0.6579490612393674)	(45, 0.0)	(50, 0.0)	(55, 0.0)	(60, 0.0)	(65, 0.0)	(70, 0.0)	(75, 0.6557620661495919)	(80, 0.47729765914419797)	(85, 0.0)	(90, 0.0)	(95, 0.0)	(100, 0.0)	(105, 0.0)	(110, 1.048692183945914)	(115, 0.00014019199293432356)	(120, 0.0002803839858686471)	(125, 0.6945672097938126)	(130, 0.0)	(135, 0.0)	(140, 0.00015421119222775592)	(145, 0.0)	(150, 0.6574864276626841)	(155, 0.00021028798940148536)	(160, 0.0)	(165, 0.6600939987312625)	(170, 0.0)	(175, 0.0)	(180, 4.205759788029706e-05)	(185, 0.0)	(190, 0.0)	(195, 0.0)	(200, 0.0)	(205, 1.0460425552794552)	(210, 0.0005327295731504295)	(215, 0.0)	(220, 0.0)	(225, 0.0)	(230, 1.4019199293432354e-05)	(235, 1.4019199293432354e-05)	(240, 0.0005327295731504295)	(245, 0.0)	(250, 0.0)
062024-BEL-CBC-T2-1369-SSID_S10_R2_16S	(1, 0.0018265240516687124)	(2, 0.0)	(3, 0.0)	(4, 0.0)	(5, 0.0)	(6, 0.0)	(7, 0.0)	(8, 0.0)	(9, 0.0)	(10, 0.0)	(15, 0.0)	(20, 0.0)	(25, 0.0)	(30, 0.0)	(35, 0.0)	(40, 0.6551376468525337)	(45, 0.0)	(50, 0.0)	(55, 0.0)	(60, 4.870730804449899e-05)	(65, 0.0)	(70, 0.0)	(75, 0.6583766828374928)	(80, 0.656428390515713)	(85, 0.0)	(90, 2.4353654022249497e-05)	(95, 0.0)	(100, 0.0)	(105, 0.0)	(110, 1.0178122625518733)	(115, 0.00031659750228924346)	(120, 7.30609620667485e-05)	(125, 0.6738412531416214)	(130, 0.0)	(135, 0.0)	(140, 0.00031659750228924346)	(145, 0.0)	(150, 0.6589855241880491)	(155, 0.000340951156311493)	(160, 0.0)	(165, 0.6422789175287861)	(170, 0.0)	(175, 0.0)	(180, 7.30609620667485e-05)	(185, 0.0)	(190, 0.0)	(195, 0.0)	(200, 0.0)	(205, 1.034470161903092)	(210, 0.000292243848266994)	(215, 0.0)	(220, 0.0)	(225, 0.0)	(230, 0.0)	(235, 0.0)	(240, 0.000292243848266994)	(245, 0.0)	(250, 0.0)
062024-BEL-CBC-T2-1378-PAST_S54_R2_16S	(1, 0.0010958683935117285)	(2, 0.0)	(3, 0.0)	(4, 0.0)	(5, 0.0)	(6, 0.0)	(7, 0.0)	(8, 0.0)	(9, 0.0)	(10, 0.0)	(15, 0.0)	(20, 0.0)	(25, 0.0)	(30, 0.0)	(35, 0.0)	(40, 0.6615209557433549)	(45, 0.0)	(50, 0.0)	(55, 0.0)	(60, 1.8264473225195477e-05)	(65, 0.0)	(70, 0.0)	(75, 0.6618131873149581)	(80, 0.481013166858748)	(85, 0.0)	(90, 0.0)	(95, 0.0)	(100, 0.0)	(105, 0.0)	(110, 1.0482163828671935)	(115, 5.4793419675586426e-05)	(120, 0.00020090920547715022)	(125, 0.6725892265178234)	(130, 0.0)	(135, 0.0)	(140, 9.132236612597737e-05)	(145, 0.0)	(150, 0.6710184818204565)	(155, 0.00018264473225195475)	(160, 0.0)	(165, 0.657137482169308)	(170, 0.0)	(175, 0.0)	(180, 1.8264473225195477e-05)	(185, 0.0)	(190, 0.0)	(195, 0.0)	(200, 0.0)	(205, 1.0620608535718916)	(210, 0.0004383473574046914)	(215, 0.0)	(220, 0.0)	(225, 0.0)	(230, 0.0)	(235, 1.8264473225195477e-05)	(240, 0.0004748763038550824)	(245, 0.0)	(250, 0.0)
062024-BEL-CBC-T2-1387-OFAV_S44_R2_16S	(1, 0.0026334897124605447)	(2, 0.0)	(3, 0.0)	(4, 0.0)	(5, 0.0)	(6, 0.0)	(7, 0.0)	(8, 0.0)	(9, 0.0)	(10, 0.0)	(15, 0.0)	(20, 0.0)	(25, 0.0)	(30, 7.524256321315843e-05)	(35, 0.0)	(40, 0.682976746285839)	(45, 0.0)	(50, 0.0)	(55, 0.0)	(60, 0.00015048512642631685)	(65, 0.0)	(70, 0.0)	(75, 0.6686054167121257)	(80, 0.49742858540219026)	(85, 0.0)	(90, 7.524256321315843e-05)	(95, 0.0)	(100, 0.0)	(105, 0.0)	(110, 1.0658861504776023)	(115, 0.00022572768963947525)	(120, 0.0004514553792789505)	(125, 0.670636965918881)	(130, 0.0)	(135, 0.0)	(140, 0.00022572768963947525)	(145, 0.0)	(150, 0.6610059178275968)	(155, 0.0003009702528526337)	(160, 0.0)	(165, 0.6760544304702284)	(170, 0.0)	(175, 0.0)	(180, 0.00022572768963947525)	(185, 0.0)	(190, 0.0)	(195, 0.0)	(200, 0.0)	(205, 1.0506871527085442)	(210, 0.0009781533217710595)	(215, 0.0)	(220, 0.0)	(225, 0.0)	(230, 0.0)	(235, 0.0)	(240, 0.0009781533217710595)	(245, 0.0)	(250, 0.0)
062024-BEL-CBC-T3-1412-MCAV_S13_R2_16S	(1, 0.0009980064820521008)	(2, 0.0)	(3, 0.0)	(4, 0.0)	(5, 0.0)	(6, 0.0)	(7, 0.0)	(8, 0.0)	(9, 0.0)	(10, 0.0)	(15, 0.0)	(20, 0.0)	(25, 0.0)	(30, 0.0)	(35, 0.0)	(40, 0.6552411557913068)	(45, 0.0)	(50, 0.0)	(55, 0.0)	(60, 0.0)	(65, 0.0)	(70, 0.0)	(75, 0.6533449434754078)	(80, 0.6554906574118199)	(85, 0.0)	(90, 0.0)	(95, 0.0)	(100, 0.0)	(105, 0.0)	(110, 1.041968667586496)	(115, 4.990032410260505e-05)	(120, 9.98006482052101e-05)	(125, 0.6573369694036163)	(130, 0.0)	(135, 0.0)	(140, 4.990032410260505e-05)	(145, 0.0)	(150, 0.6521473356969454)	(155, 0.00014970097230781513)	(160, 0.0)	(165, 0.65913338107131)	(170, 0.0)	(175, 0.0)	(180, 0.0)	(185, 0.0)	(190, 0.0)	(195, 0.0)	(200, 0.0)	(205, 1.0349327218880287)	(210, 0.00034930226871823534)	(215, 0.0)	(220, 0.0)	(225, 0.0)	(230, 0.0)	(235, 0.0)	(240, 0.0003992025928208404)	(245, 0.0)	(250, 0.0)
062024-BEL-CBC-T3-1421-OFAV_S55_R2_16S	(1, 0.0010811081472309975)	(2, 0.0)	(3, 0.0)	(4, 0.0)	(5, 0.0)	(6, 0.0)	(7, 0.0)	(8, 0.0)	(9, 0.0)	(10, 0.0)	(15, 0.0)	(20, 0.0)	(25, 0.0)	(30, 0.0)	(35, 0.0)	(40, 0.6692173232217478)	(45, 0.0)	(50, 0.0)	(55, 0.0)	(60, 1.138008576032629e-05)	(65, 0.0)	(70, 0.0)	(75, 0.670935716171557)	(80, 0.4913010624448066)	(85, 0.0)	(90, 0.0)	(95, 0.0)	(100, 0.0)	(105, 0.0)	(110, 1.0633552134448885)	(115, 0.00014794111488424175)	(120, 0.00013656102912391546)	(125, 0.661797507306015)	(130, 0.0)	(135, 0.0)	(140, 0.00018208137216522063)	(145, 0.0)	(150, 0.6692173232217478)	(155, 0.0003072623155288098)	(160, 0.0)	(165, 0.6707650148851522)	(170, 0.0)	(175, 0.0)	(180, 4.552034304130516e-05)	(185, 0.0)	(190, 0.0)	(195, 0.0)	(200, 0.0)	(205, 1.061773381524203)	(210, 0.0003869229158510938)	(215, 0.0)	(220, 0.0)	(225, 0.0)	(230, 1.138008576032629e-05)	(235, 0.0)	(240, 0.00046658351617337787)	(245, 0.0)	(250, 0.0)
062024-BEL-CBC-T3-1445-SSID_S58_R2_16S	(1, 0.0016997046763124906)	(2, 0.0)	(3, 0.0)	(4, 0.0)	(5, 0.0)	(6, 0.0)	(7, 0.0)	(8, 0.0)	(9, 0.0)	(10, 0.0)	(15, 0.0)	(20, 0.0)	(25, 0.0)	(30, 1.6997046763124907e-05)	(35, 0.0)	(40, 0.6737459366435082)	(45, 0.0)	(50, 0.0)	(55, 0.0)	(60, 8.498523381562454e-05)	(65, 0.0)	(70, 0.0)	(75, 0.6712473707693288)	(80, 0.47581532708691865)	(85, 0.0)	(90, 5.0991140289374715e-05)	(95, 0.0)	(100, 0.0)	(105, 0.0)	(110, 1.0613295939830454)	(115, 0.00010198228057874943)	(120, 0.0002549557014468736)	(125, 0.6768054050608706)	(130, 0.0)	(135, 0.0)	(140, 0.00015297342086812417)	(145, 0.0)	(150, 0.6702105509167783)	(155, 0.00028894979497312345)	(160, 0.0)	(165, 0.6707544564131982)	(170, 0.0)	(175, 0.0)	(180, 0.00015297342086812417)	(185, 0.0)	(190, 0.0)	(195, 0.0)	(200, 0.0)	(205, 1.0606497121125205)	(210, 0.0005778995899462469)	(215, 0.0)	(220, 0.0)	(225, 0.0)	(230, 3.3994093526249815e-05)	(235, 1.6997046763124907e-05)	(240, 0.0006628848237618714)	(245, 0.0)	(250, 0.0)
062024-BEL-CBC-T3-1448-PAST_S40_R2_16S	(1, 0.0015017551763623735)	(2, 0.0)	(3, 0.0)	(4, 0.0)	(5, 0.0)	(6, 0.0)	(7, 0.0)	(8, 0.0)	(9, 0.0)	(10, 0.0)	(15, 0.0)	(20, 0.0)	(25, 0.0)	(30, 0.0)	(35, 0.0)	(40, 0.6589701713878096)	(45, 0.0)	(50, 0.0)	(55, 0.0)	(60, 3.754387940905934e-05)	(65, 0.0)	(70, 0.0)	(75, 0.6687315800341649)	(80, 0.49325148767622157)	(85, 0.0)	(90, 0.0)	(95, 0.0)	(100, 0.0)	(105, 0.0)	(110, 1.0428563383454412)	(115, 3.754387940905934e-05)	(120, 0.0001877193970452967)	(125, 0.6748136884984326)	(130, 0.0)	(135, 0.0)	(140, 3.754387940905934e-05)	(145, 0.0)	(150, 0.6679056146871656)	(155, 0.00011263163822717802)	(160, 0.0)	(165, 0.6638133318315782)	(170, 0.0)	(175, 0.0)	(180, 0.00015017551763623737)	(185, 0.0)	(190, 0.0)	(195, 0.0)	(200, 0.0)	(205, 1.0469110773216197)	(210, 0.00033789491468153406)	(215, 0.0)	(220, 0.0)	(225, 0.0)	(230, 0.0)	(235, 0.0)	(240, 0.00033789491468153406)	(245, 0.0)	(250, 0.0)
062024-BEL-CBC-T4-1464-MCAV_S43_R2_16S	(1, 0.0006137473263632096)	(2, 0.0)	(3, 0.0)	(4, 0.0)	(5, 0.0)	(6, 0.0)	(7, 0.0)	(8, 0.0)	(9, 0.0)	(10, 0.0)	(15, 0.0)	(20, 0.0)	(25, 0.0)	(30, 0.0)	(35, 0.0)	(40, 0.6824256521832527)	(45, 0.0)	(50, 0.0)	(55, 0.0)	(60, 0.0)	(65, 0.0)	(70, 0.0)	(75, 0.6764723031175295)	(80, 0.4839397668373907)	(85, 0.0)	(90, 0.0)	(95, 0.0)	(100, 0.0)	(105, 0.0)	(110, 1.0695774656531651)	(115, 6.137473263632095e-05)	(120, 0.0)	(125, 0.6737718148815315)	(130, 0.0)	(135, 0.0)	(140, 6.137473263632095e-05)	(145, 0.0)	(150, 0.685739887745614)	(155, 0.0001227494652726419)	(160, 0.0)	(165, 0.6726670696940776)	(170, 0.0)	(175, 0.0)	(180, 0.0)	(185, 0.0)	(190, 0.0)	(195, 0.0)	(200, 0.0)	(205, 1.0826502837047016)	(210, 0.00018412419790896285)	(215, 0.0)	(220, 0.0)	(225, 0.0)	(230, 0.0)	(235, 0.0)	(240, 0.0002454989305452838)	(245, 0.0)	(250, 0.0)
062024-BEL-CBC-T4-1467-MCAV_S57_R2_16S	(1, 0.0006305607576818065)	(2, 0.0)	(3, 0.0)	(4, 0.0)	(5, 0.0)	(6, 0.0)	(7, 0.0)	(8, 0.0)	(9, 0.0)	(10, 0.0)	(15, 0.0)	(20, 0.0)	(25, 0.0)	(30, 2.5222430307272257e-05)	(35, 0.0)	(40, 0.6730353303192529)	(45, 0.0)	(50, 0.0)	(55, 0.0)	(60, 5.0444860614544514e-05)	(65, 0.0)	(70, 0.0)	(75, 0.682670298696631)	(80, 0.4774606057166638)	(85, 0.0)	(90, 2.5222430307272257e-05)	(95, 0.0)	(100, 0.0)	(105, 0.0)	(110, 1.0566180504322493)	(115, 0.0001261121515363613)	(120, 0.00017655701215090578)	(125, 0.6733379994829402)	(130, 0.0)	(135, 0.0)	(140, 0.00017655701215090578)	(145, 0.0)	(150, 0.681283065029731)	(155, 0.00035311402430181156)	(160, 0.0)	(165, 0.6711688704765147)	(170, 0.0)	(175, 0.0)	(180, 7.566729092181677e-05)	(185, 0.0)	(190, 0.0)	(195, 0.0)	(200, 0.0)	(205, 1.066681800124851)	(210, 0.00042878131522362833)	(215, 0.0)	(220, 0.0)	(225, 0.0)	(230, 0.0)	(235, 0.0)	(240, 0.00042878131522362833)	(245, 0.0)	(250, 0.0)
062024-BEL-CBC-T4-1470-PSTR_S11_R2_16S	(1, 0.0008121651510762543)	(2, 0.0)	(3, 0.0)	(4, 0.0)	(5, 0.0)	(6, 0.0)	(7, 0.0)	(8, 0.0)	(9, 0.0)	(10, 0.0)	(15, 0.0)	(20, 0.0)	(25, 0.0)	(30, 0.0)	(35, 0.0)	(40, 0.6607234225722353)	(45, 0.0)	(50, 0.0)	(55, 0.0)	(60, 0.0)	(65, 0.0)	(70, 0.0)	(75, 0.6626184745914133)	(80, 0.6410148815727849)	(85, 0.0)	(90, 0.0)	(95, 0.0)	(100, 0.0)	(105, 0.0)	(110, 1.049046653473495)	(115, 0.00010828868681016721)	(120, 0.00010828868681016721)	(125, 0.6505442860120796)	(130, 0.0)	(135, 0.0)	(140, 0.00010828868681016721)	(145, 0.0)	(150, 0.6674373211544656)	(155, 0.00027072171702541807)	(160, 0.0)	(165, 0.6639720831765403)	(170, 0.0)	(175, 0.0)	(180, 0.0)	(185, 0.0)	(190, 0.0)	(195, 0.0)	(200, 0.0)	(205, 1.0525118914514204)	(210, 0.0003790104038355853)	(215, 0.0)	(220, 0.0)	(225, 0.0)	(230, 0.0)	(235, 0.0)	(240, 0.00043315474724066886)	(245, 0.0)	(250, 0.0)
082024-BEL-CBC-T1-1480-SSID_S70_R2_16S	(1, 0.0009056603773584905)	(2, 0.0)	(3, 0.0)	(4, 0.0)	(5, 0.0)	(6, 0.0)	(7, 0.0)	(8, 0.0)	(9, 0.0)	(10, 0.0)	(15, 0.0)	(20, 0.0)	(25, 0.0)	(30, 0.0)	(35, 0.0)	(40, 0.6310037735849057)	(45, 0.0)	(50, 0.0)	(55, 0.0)	(60, 0.0)	(65, 0.0)	(70, 0.0)	(75, 0.6459169811320754)	(80, 0.6142188679245283)	(85, 0.0)	(90, 0.0)	(95, 0.0)	(100, 0.0)	(105, 0.0)	(110, 1.0404830188679244)	(115, 0.00024150943396226415)	(120, 6.037735849056604e-05)	(125, 0.6684981132075472)	(130, 0.0)	(135, 0.0)	(140, 0.00030188679245283015)	(145, 0.0)	(150, 0.6327547169811321)	(155, 0.00030188679245283015)	(160, 0.0)	(165, 0.6549735849056604)	(170, 0.0)	(175, 0.0)	(180, 0.0)	(185, 0.0)	(190, 0.0)	(195, 0.0)	(200, 0.0)	(205, 1.0182641509433963)	(210, 0.00030188679245283015)	(215, 0.0)	(220, 0.0)	(225, 0.0)	(230, 0.0)	(235, 0.0)	(240, 0.00030188679245283015)	(245, 0.0)	(250, 0.0)
082024-BEL-CBC-T1-1483-MCAV_S91_R2_16S	(1, 0.0011740028802203996)	(2, 0.0)	(3, 0.0)	(4, 0.0)	(5, 0.0)	(6, 0.0)	(7, 0.0)	(8, 0.0)	(9, 0.0)	(10, 0.0)	(15, 0.0)	(20, 0.0)	(25, 0.0)	(30, 0.0)	(35, 0.0)	(40, 0.6705121783232109)	(45, 0.0)	(50, 0.0)	(55, 0.0)	(60, 0.0)	(65, 0.0)	(70, 0.0)	(75, 0.654232671717488)	(80, 0.6028113455638344)	(85, 0.0)	(90, 0.0)	(95, 0.0)	(100, 0.0)	(105, 0.0)	(110, 1.0283482562143886)	(115, 7.826685868135996e-05)	(120, 7.826685868135996e-05)	(125, 0.6608853547054035)	(130, 0.0)	(135, 0.0)	(140, 7.826685868135996e-05)	(145, 0.0)	(150, 0.6817043391146453)	(155, 7.826685868135996e-05)	(160, 0.0)	(165, 0.6634681610418884)	(170, 0.0)	(175, 0.0)	(180, 7.826685868135996e-05)	(185, 0.0)	(190, 0.0)	(195, 0.0)	(200, 0.0)	(205, 1.0465844342871455)	(210, 0.00023480057604407988)	(215, 0.0)	(220, 0.0)	(225, 0.0)	(230, 0.0)	(235, 0.0)	(240, 0.00023480057604407988)	(245, 0.0)	(250, 0.0)
082024-BEL-CBC-T2-1507-OFAV_S28_R2_16S	(1, 0.0009303844094638703)	(2, 0.0)	(3, 0.0)	(4, 0.0)	(5, 0.0)	(6, 0.0)	(7, 0.0)	(8, 0.0)	(9, 0.0)	(10, 0.0)	(15, 0.0)	(20, 0.0)	(25, 0.0)	(30, 0.0)	(35, 0.0)	(40, 0.6659353281338941)	(45, 0.0)	(50, 0.0)	(55, 0.0)	(60, 0.0)	(65, 0.0)	(70, 0.0)	(75, 0.6654955100494203)	(80, 0.6540771559332729)	(85, 0.0)	(90, 0.0)	(95, 0.0)	(100, 0.0)	(105, 0.0)	(110, 1.0458366566382504)	(115, 0.0)	(120, 0.0002029929620648444)	(125, 0.650507863016966)	(130, 0.0)	(135, 0.0)	(140, 0.0)	(145, 0.0)	(150, 0.6585430010986995)	(155, 0.00013532864137656293)	(160, 0.0)	(165, 0.6555150227478987)	(170, 0.0)	(175, 0.0)	(180, 8.458040086035184e-05)	(185, 0.0)	(190, 0.0)	(195, 0.0)	(200, 0.0)	(205, 1.0488308028287068)	(210, 0.0004567341646459)	(215, 0.0)	(220, 0.0)	(225, 0.0)	(230, 1.6916080172070367e-05)	(235, 1.6916080172070367e-05)	(240, 0.0004736502448179703)	(245, 0.0)	(250, 0.0)
082024-BEL-CBC-T2-1509-SSID_S48_R2_16S	(1, 0.0012828297513875942)	(2, 0.0)	(3, 0.0)	(4, 0.0)	(5, 0.0)	(6, 0.0)	(7, 0.0)	(8, 0.0)	(9, 0.0)	(10, 0.0)	(15, 0.0)	(20, 0.0)	(25, 0.0)	(30, 2.8507327808613204e-05)	(35, 0.0)	(40, 0.6720317457602477)	(45, 0.0)	(50, 0.0)	(55, 0.0)	(60, 5.701465561722641e-05)	(65, 0.0)	(70, 0.0)	(75, 0.6819237885098365)	(80, 0.4887296279508647)	(85, 0.0)	(90, 2.8507327808613204e-05)	(95, 0.0)	(100, 0.0)	(105, 0.0)	(110, 1.0715619449979616)	(115, 8.55219834258396e-05)	(120, 0.00022805862246890563)	(125, 0.6681832565060849)	(130, 0.0)	(135, 0.0)	(140, 8.55219834258396e-05)	(145, 0.0)	(150, 0.6756521763919415)	(155, 0.0001710439668516792)	(160, 0.0)	(165, 0.6738277074121903)	(170, 0.0)	(175, 0.0)	(180, 5.701465561722641e-05)	(185, 0.0)	(190, 0.0)	(195, 0.0)	(200, 0.0)	(205, 1.0733293993220958)	(210, 0.00045611724493781127)	(215, 0.0)	(220, 0.0)	(225, 0.0)	(230, 0.0)	(235, 0.0)	(240, 0.0004846245727464245)	(245, 0.0)	(250, 0.0)
082024-BEL-CBC-T2-1516-OFAV_S41_R2_16S	(1, 0.0010500258568867259)	(2, 0.0)	(3, 0.0)	(4, 0.0)	(5, 0.0)	(6, 0.0)	(7, 0.0)	(8, 0.0)	(9, 0.0)	(10, 0.0)	(15, 0.0)	(20, 0.0)	(25, 0.0)	(30, 0.0)	(35, 0.0)	(40, 0.681151773362419)	(45, 0.0)	(50, 0.0)	(55, 0.0)	(60, 0.0)	(65, 0.0)	(70, 0.0)	(75, 0.6870319181609847)	(80, 0.4878945144024172)	(85, 0.0)	(90, 0.0)	(95, 0.0)	(100, 0.0)	(105, 0.0)	(110, 1.0529659292860087)	(115, 0.00010500258568867259)	(120, 0.00015750387853300887)	(125, 0.6595212407105525)	(130, 0.0)	(135, 0.0)	(140, 0.00015750387853300887)	(145, 0.0)	(150, 0.6855618819613433)	(155, 0.00021000517137734518)	(160, 0.0)	(165, 0.6549011269402509)	(170, 0.0)	(175, 0.0)	(180, 5.2501292844336296e-05)	(185, 0.0)	(190, 0.0)	(195, 0.0)	(200, 0.0)	(205, 1.0836266843071012)	(210, 0.00031500775706601775)	(215, 0.0)	(220, 0.0)	(225, 0.0)	(230, 0.0)	(235, 0.0)	(240, 0.00031500775706601775)	(245, 0.0)	(250, 0.0)
082024-BEL-CBC-T3-1555-SSID_S65_R2_16S	(1, 0.0020305558037345983)	(2, 0.0)	(3, 0.0)	(4, 0.0)	(5, 0.0)	(6, 0.0)	(7, 0.0)	(8, 0.0)	(9, 0.0)	(10, 0.0)	(15, 0.0)	(20, 0.0)	(25, 0.0)	(30, 0.0)	(35, 0.0)	(40, 0.6643166367498111)	(45, 0.0)	(50, 0.0)	(55, 0.0)	(60, 0.0)	(65, 0.0)	(70, 0.0)	(75, 0.6428739674623738)	(80, 0.6100601856740228)	(85, 0.0)	(90, 0.0)	(95, 0.0)	(100, 0.0)	(105, 0.0)	(110, 1.022831569457192)	(115, 0.00024366669644815177)	(120, 0.00024366669644815177)	(125, 0.6609865252316864)	(130, 0.0)	(135, 0.0)	(140, 0.00024366669644815177)	(145, 0.0)	(150, 0.6669969704107408)	(155, 0.00040611116074691964)	(160, 0.0)	(165, 0.662610969874674)	(170, 0.0)	(175, 0.0)	(180, 0.0)	(185, 0.0)	(190, 0.0)	(195, 0.0)	(200, 0.0)	(205, 1.0272175699932586)	(210, 0.0006497778571950715)	(215, 0.0)	(220, 0.0)	(225, 0.0)	(230, 0.0)	(235, 0.0)	(240, 0.0006497778571950715)	(245, 0.0)	(250, 0.0)
082024-BEL-CBC-T3-1563-SSID_S8_R2_16S	(1, 0.0017011007255761628)	(2, 0.0)	(3, 0.0)	(4, 0.0)	(5, 0.0)	(6, 0.0)	(7, 0.0)	(8, 0.0)	(9, 0.0)	(10, 0.0)	(15, 0.0)	(20, 0.0)	(25, 0.0)	(30, 2.2681343007682172e-05)	(35, 0.0)	(40, 0.660253894953628)	(45, 0.0)	(50, 0.0)	(55, 0.0)	(60, 9.072537203072869e-05)	(65, 0.0)	(70, 0.0)	(75, 0.6473708921252646)	(80, 0.6509318629774706)	(85, 0.0)	(90, 6.804402902304651e-05)	(95, 0.0)	(100, 0.0)	(105, 0.0)	(110, 1.0370817276832596)	(115, 4.5362686015364344e-05)	(120, 0.00027217611609218605)	(125, 0.6701202791619698)	(130, 0.0)	(135, 0.0)	(140, 0.00013608805804609303)	(145, 0.0)	(150, 0.6603899830116741)	(155, 0.00024949477308450386)	(160, 0.0)	(165, 0.6619549956792041)	(170, 0.0)	(175, 0.0)	(180, 0.00013608805804609303)	(185, 0.0)	(190, 0.0)	(195, 0.0)	(200, 0.0)	(205, 1.035403308300691)	(210, 0.0004309455171459612)	(215, 0.0)	(220, 0.0)	(225, 0.0)	(230, 0.0)	(235, 0.0)	(240, 0.0004309455171459612)	(245, 0.0)	(250, 0.0)
082024-BEL-CBC-T4-1605-MCAV_S42_R2_16S	(1, 0.0007418159159077477)	(2, 0.0)	(3, 0.0)	(4, 0.0)	(5, 0.0)	(6, 0.0)	(7, 0.0)	(8, 0.0)	(9, 0.0)	(10, 0.0)	(15, 0.0)	(20, 0.0)	(25, 0.0)	(30, 0.0)	(35, 0.0)	(40, 0.6854873606931527)	(45, 0.0)	(50, 0.0)	(55, 0.0)	(60, 0.0)	(65, 0.0)	(70, 0.0)	(75, 0.682767369001491)	(80, 0.48460361066533475)	(85, 0.0)	(90, 0.0)	(95, 0.0)	(100, 0.0)	(105, 0.0)	(110, 1.0603022158041409)	(115, 9.890878878769969e-05)	(120, 0.00014836318318154956)	(125, 0.6690190473600007)	(130, 0.0)	(135, 0.0)	(140, 0.00014836318318154956)	(145, 0.0)	(150, 0.6767833872798352)	(155, 0.00024727197196924925)	(160, 0.0)	(165, 0.6790582894219523)	(170, 0.0)	(175, 0.0)	(180, 4.9454394393849845e-05)	(185, 0.0)	(190, 0.0)	(195, 0.0)	(200, 0.0)	(205, 1.0579778592676299)	(210, 0.0002967263663630991)	(215, 0.0)	(220, 0.0)	(225, 0.0)	(230, 0.0)	(235, 4.9454394393849845e-05)	(240, 0.00034618076075694894)	(245, 0.0)	(250, 0.0)
082024-BEL-CBC-T4-1610-MCAV_S72_R2_16S	(1, 0.000992445364110482)	(2, 0.0)	(3, 0.0)	(4, 0.0)	(5, 0.0)	(6, 0.0)	(7, 0.0)	(8, 0.0)	(9, 0.0)	(10, 0.0)	(15, 0.0)	(20, 0.0)	(25, 0.0)	(30, 1.4177790915864028e-05)	(35, 0.0)	(40, 0.6544751842581152)	(45, 0.0)	(50, 0.0)	(55, 0.0)	(60, 4.253337274759208e-05)	(65, 0.0)	(70, 0.0)	(75, 0.6521642043388293)	(80, 0.6274239591906466)	(85, 0.0)	(90, 1.4177790915864028e-05)	(95, 0.0)	(100, 0.0)	(105, 0.0)	(110, 1.0467604811091569)	(115, 9.924453641104819e-05)	(120, 0.00019848907282209638)	(125, 0.6638041706807537)	(130, 0.0)	(135, 0.0)	(140, 0.00012760011824277623)	(145, 0.0)	(150, 0.6544042953035358)	(155, 0.00018431128190623234)	(160, 0.0)	(165, 0.6616066130887949)	(170, 0.0)	(175, 0.0)	(180, 9.924453641104819e-05)	(185, 0.0)	(190, 0.0)	(195, 0.0)	(200, 0.0)	(205, 1.0395014521602346)	(210, 0.0003686225638124647)	(215, 0.0)	(220, 0.0)	(225, 0.0)	(230, 0.0)	(235, 0.0)	(240, 0.00039697814564419276)	(245, 0.0)	(250, 0.0)
092023-BEL-CBC-T1-172-PAST_S83_R2_16S	(1, 0.0010348310327889661)	(2, 0.0)	(3, 0.0)	(4, 0.0)	(5, 0.0)	(6, 0.0)	(7, 0.0)	(8, 0.0)	(9, 0.0)	(10, 0.0)	(15, 0.0)	(20, 0.0)	(25, 0.0)	(30, 0.0)	(35, 0.0)	(40, 0.6555585603982582)	(45, 0.0)	(50, 0.0)	(55, 0.0)	(60, 1.3797747103852884e-05)	(65, 0.0)	(70, 0.0)	(75, 0.6308329975881538)	(80, 0.589826093195503)	(85, 0.0)	(90, 1.3797747103852884e-05)	(95, 0.0)	(100, 0.0)	(105, 0.0)	(110, 0.9426482843881251)	(115, 5.5190988415411535e-05)	(120, 9.658422972697018e-05)	(125, 0.6920398037408452)	(130, 0.0)	(135, 0.0)	(140, 8.27864826231173e-05)	(145, 0.0)	(150, 0.6454172162769263)	(155, 0.00013797747103852883)	(160, 0.0)	(165, 0.6283632008565642)	(170, 0.0)	(175, 0.0)	(180, 4.139324131155865e-05)	(185, 0.0)	(190, 0.0)	(195, 0.0)	(200, 0.0)	(205, 0.9596885020613835)	(210, 0.00026215719497320474)	(215, 0.0)	(220, 0.0)	(225, 0.0)	(230, 0.0)	(235, 0.0)	(240, 0.00026215719497320474)	(245, 0.0)	(250, 0.0)
092023-BEL-CBC-T1-178-OANN_S87_R2_16S	(1, 0.001358099407783777)	(2, 0.0)	(3, 0.0)	(4, 0.0)	(5, 0.0)	(6, 0.0)	(7, 0.0)	(8, 0.0)	(9, 0.0)	(10, 0.0)	(15, 0.0)	(20, 0.0)	(25, 0.0)	(30, 0.0)	(35, 0.0)	(40, 0.650291948932067)	(45, 0.0)	(50, 0.0)	(55, 0.0)	(60, 0.0)	(65, 0.0)	(70, 0.0)	(75, 0.6410908254443319)	(80, 0.6132837400699591)	(85, 0.0)	(90, 0.0)	(95, 0.0)	(100, 0.0)	(105, 0.0)	(110, 1.0236164998892299)	(115, 5.092872779189164e-05)	(120, 0.0002546436389594582)	(125, 0.6754507404612615)	(130, 0.0)	(135, 0.0)	(140, 6.790497038918885e-05)	(145, 0.0)	(150, 0.6452839573658643)	(155, 0.00018673866857026934)	(160, 0.0)	(165, 0.6492394218910346)	(170, 0.0)	(175, 0.0)	(180, 6.790497038918885e-05)	(185, 0.0)	(190, 0.0)	(195, 0.0)	(200, 0.0)	(205, 1.0196270828788652)	(210, 0.0006620734612945913)	(215, 0.0)	(220, 0.0)	(225, 0.0)	(230, 1.6976242597297212e-05)	(235, 1.6976242597297212e-05)	(240, 0.0006450972186972941)	(245, 0.0)	(250, 0.0)
092023-BEL-CBC-T2-171-OFAV_S66_R2_16S	(1, 0.0007653334557866863)	(2, 0.0)	(3, 0.0)	(4, 0.0)	(5, 0.0)	(6, 0.0)	(7, 0.0)	(8, 0.0)	(9, 0.0)	(10, 0.0)	(15, 0.0)	(20, 0.0)	(25, 0.0)	(30, 2.551111519288954e-05)	(35, 0.0)	(40, 0.6603041945375601)	(45, 0.0)	(50, 0.0)	(55, 0.0)	(60, 2.551111519288954e-05)	(65, 0.0)	(70, 0.0)	(75, 0.6540029490849163)	(80, 0.6154556540284603)	(85, 0.0)	(90, 2.551111519288954e-05)	(95, 0.0)	(100, 0.0)	(105, 0.0)	(110, 1.0319756317827677)	(115, 7.653334557866862e-05)	(120, 0.00020408892154311631)	(125, 0.6658911287648028)	(130, 0.0)	(135, 0.0)	(140, 7.653334557866862e-05)	(145, 0.0)	(150, 0.6524977932885357)	(155, 0.000280622267121785)	(160, 0.0)	(165, 0.6544111269280025)	(170, 0.0)	(175, 0.0)	(180, 2.551111519288954e-05)	(185, 0.0)	(190, 0.0)	(195, 0.0)	(200, 0.0)	(205, 1.0300112759129152)	(210, 0.0005102223038577909)	(215, 0.0)	(220, 0.0)	(225, 0.0)	(230, 0.0)	(235, 2.551111519288954e-05)	(240, 0.0005357334190506804)	(245, 0.0)	(250, 0.0)
092023-BEL-CBC-T2-172-OFAV_S71_R2_16S	(1, 0.0008058258909556404)	(2, 0.0)	(3, 0.0)	(4, 0.0)	(5, 0.0)	(6, 0.0)	(7, 0.0)	(8, 0.0)	(9, 0.0)	(10, 0.0)	(15, 0.0)	(20, 0.0)	(25, 0.0)	(30, 2.302359688444687e-05)	(35, 0.0)	(40, 0.6525578064958776)	(45, 0.0)	(50, 0.0)	(55, 0.0)	(60, 2.302359688444687e-05)	(65, 0.0)	(70, 0.0)	(75, 0.6496338096915528)	(80, 0.614246541280158)	(85, 0.0)	(90, 2.302359688444687e-05)	(95, 0.0)	(100, 0.0)	(105, 0.0)	(110, 1.0242507545983879)	(115, 6.907079065334061e-05)	(120, 0.00011511798442223434)	(125, 0.6762951348837423)	(130, 0.0)	(135, 0.0)	(140, 9.209438753778748e-05)	(145, 0.0)	(150, 0.6408387956816941)	(155, 0.00025325956572891557)	(160, 0.0)	(165, 0.6480912287002949)	(170, 0.0)	(175, 0.0)	(180, 6.907079065334061e-05)	(185, 0.0)	(190, 0.0)	(195, 0.0)	(200, 0.0)	(205, 1.0169752979829028)	(210, 0.0003223303563822562)	(215, 0.0)	(220, 0.0)	(225, 0.0)	(230, 0.0)	(235, 0.0)	(240, 0.0003683775501511499)	(245, 0.0)	(250, 0.0)
092023-BEL-CBC-T2-176-MCAV_S51_R2_16S	(1, 0.0017671881133878387)	(2, 0.0)	(3, 0.0)	(4, 0.0)	(5, 0.0)	(6, 0.0)	(7, 0.0)	(8, 0.0)	(9, 0.0)	(10, 0.0)	(15, 0.0)	(20, 0.0)	(25, 0.0)	(30, 0.0)	(35, 0.0)	(40, 0.6759242078263713)	(45, 0.0)	(50, 0.0)	(55, 0.0)	(60, 2.5245544476969123e-05)	(65, 0.0)	(70, 0.0)	(75, 0.6687039821059582)	(80, 0.4674717470800372)	(85, 0.0)	(90, 0.0)	(95, 0.0)	(100, 0.0)	(105, 0.0)	(110, 1.0322398225743135)	(115, 0.00010098217790787649)	(120, 0.0002524554447696912)	(125, 0.6876633860081619)	(130, 0.0)	(135, 0.0)	(140, 0.0001262277223848456)	(145, 0.0)	(150, 0.6783982711851142)	(155, 0.0002272099002927221)	(160, 0.0)	(165, 0.6643869940003964)	(170, 0.0)	(175, 0.0)	(180, 0.00010098217790787649)	(185, 0.0)	(190, 0.0)	(195, 0.0)	(200, 0.0)	(205, 1.0462006086700772)	(210, 0.0004796653450624133)	(215, 0.0)	(220, 0.0)	(225, 0.0)	(230, 0.0)	(235, 2.5245544476969123e-05)	(240, 0.0005554019784933207)	(245, 0.0)	(250, 0.0)
092023-BEL-CBC-T2-182-PAST_S32_R2_16S	(1, 0.001493915688830943)	(2, 0.0)	(3, 0.0)	(4, 0.0)	(5, 0.0)	(6, 0.0)	(7, 0.0)	(8, 0.0)	(9, 0.0)	(10, 0.0)	(15, 0.0)	(20, 0.0)	(25, 0.0)	(30, 2.7162103433289875e-05)	(35, 0.0)	(40, 0.6514830508474576)	(45, 0.0)	(50, 0.0)	(55, 0.0)	(60, 2.7162103433289875e-05)	(65, 0.0)	(70, 0.0)	(75, 0.6620762711864406)	(80, 0.6501521077792265)	(85, 0.0)	(90, 2.7162103433289875e-05)	(95, 0.0)	(100, 0.0)	(105, 0.0)	(110, 1.0476151673185572)	(115, 5.432420686657975e-05)	(120, 0.00027162103433289877)	(125, 0.6550412863972186)	(130, 0.0)	(135, 0.0)	(140, 5.432420686657975e-05)	(145, 0.0)	(150, 0.6589797913950457)	(155, 0.00019013472403302912)	(160, 0.0)	(165, 0.6605823554976098)	(170, 0.0)	(175, 0.0)	(180, 8.148631029986962e-05)	(185, 0.0)	(190, 0.0)	(195, 0.0)	(200, 0.0)	(205, 1.0459582790091266)	(210, 0.00046175575836592784)	(215, 0.0)	(220, 0.0)	(225, 0.0)	(230, 0.0)	(235, 2.7162103433289875e-05)	(240, 0.0005160799652325075)	(245, 0.0)	(250, 0.0)
092023-BEL-CBC-T3-176-MCAV_S34_R2_16S	(1, 0.0012679666343637073)	(2, 0.0)	(3, 0.0)	(4, 0.0)	(5, 0.0)	(6, 0.0)	(7, 0.0)	(8, 0.0)	(9, 0.0)	(10, 0.0)	(15, 0.0)	(20, 0.0)	(25, 0.0)	(30, 0.0)	(35, 0.0)	(40, 0.6652839792415748)	(45, 0.0)	(50, 0.0)	(55, 0.0)	(60, 3.622761812467735e-05)	(65, 0.0)	(70, 0.0)	(75, 0.6656462554228215)	(80, 0.4911740465343755)	(85, 0.0)	(90, 3.622761812467735e-05)	(95, 0.0)	(100, 0.0)	(105, 0.0)	(110, 1.0701638394029689)	(115, 0.00018113809062338674)	(120, 0.00021736570874806408)	(125, 0.672565730484635)	(130, 0.0)	(135, 0.0)	(140, 0.00018113809062338674)	(145, 0.0)	(150, 0.6774564589314664)	(155, 0.0003622761812467735)	(160, 0.0)	(165, 0.6789055636564535)	(170, 0.0)	(175, 0.0)	(180, 3.622761812467735e-05)	(185, 0.0)	(190, 0.0)	(195, 0.0)	(200, 0.0)	(205, 1.068678507059857)	(210, 0.0006520971262441922)	(215, 0.0)	(220, 0.0)	(225, 0.0)	(230, 0.0)	(235, 0.0)	(240, 0.0007607799806182243)	(245, 0.0)	(250, 0.0)
092023-BEL-CBC-T3-181-PAST_S37_R2_16S	(1, 0.0012563982078735963)	(2, 0.0)	(3, 0.0)	(4, 0.0)	(5, 0.0)	(6, 0.0)	(7, 0.0)	(8, 0.0)	(9, 0.0)	(10, 0.0)	(15, 0.0)	(20, 0.0)	(25, 0.0)	(30, 0.0)	(35, 0.0)	(40, 0.6515178546749321)	(45, 0.0)	(50, 0.0)	(55, 0.0)	(60, 2.5127964157471925e-05)	(65, 0.0)	(70, 0.0)	(75, 0.667650007664029)	(80, 0.4831102388915553)	(85, 0.0)	(90, 2.5127964157471925e-05)	(95, 0.0)	(100, 0.0)	(105, 0.0)	(110, 1.0529370820905462)	(115, 7.538389247241577e-05)	(120, 0.00017589574910230349)	(125, 0.679837070280403)	(130, 0.0)	(135, 0.0)	(140, 7.538389247241577e-05)	(145, 0.0)	(150, 0.6594582913486932)	(155, 0.0001256398207873596)	(160, 0.0)	(165, 0.6674238559866119)	(170, 0.0)	(175, 0.0)	(180, 7.538389247241577e-05)	(185, 0.0)	(190, 0.0)	(195, 0.0)	(200, 0.0)	(205, 1.04494638948847)	(210, 0.0004774313189919666)	(215, 0.0)	(220, 0.0)	(225, 0.0)	(230, 0.0)	(235, 0.0)	(240, 0.0004271753906770227)	(245, 0.0)	(250, 0.0)
092023-BEL-CBC-T4-93-PSTR_S6_R2_16S	(1, 0.0)	(2, 0.0)	(3, 0.0)	(4, 0.0)	(5, 0.0)	(6, 0.0)	(7, 0.0)	(8, 0.0)	(9, 0.0)	(10, 0.0)	(15, 0.0)	(20, 0.0)	(25, 0.0)	(30, 0.0)	(35, 0.0)	(40, 0.6313009308467806)	(45, 0.0)	(50, 0.0)	(55, 0.0)	(60, 0.0)	(65, 0.0)	(70, 0.0)	(75, 0.6770380391020067)	(80, 0.6699520082455632)	(85, 0.0)	(90, 0.0)	(95, 0.0)	(100, 0.0)	(105, 0.0)	(110, 1.0429349051438144)	(115, 0.0)	(120, 0.0)	(125, 0.6918542854382066)	(130, 0.0)	(135, 0.0)	(140, 0.0)	(145, 0.0)	(150, 0.6654427158823719)	(155, 0.0)	(160, 0.0)	(165, 0.6937868393081457)	(170, 0.0)	(175, 0.0)	(180, 0.0)	(185, 0.0)	(190, 0.0)	(195, 0.0)	(200, 0.0)	(205, 1.0145907817180404)	(210, 0.0)	(215, 0.0)	(220, 0.0)	(225, 0.0)	(230, 0.0)	(235, 0.0)	(240, 0.0)	(245, 0.0)	(250, 0.0)
102019-BEL-CBC-T3-35-PSTR_S21_R2_16S	(1, 0.0014093205831271166)	(2, 0.0)	(3, 0.0)	(4, 0.0)	(5, 0.0)	(6, 0.0)	(7, 0.0)	(8, 0.0)	(9, 0.0)	(10, 0.0)	(15, 0.0)	(20, 0.0)	(25, 0.0)	(30, 1.6580242154436664e-05)	(35, 0.0)	(40, 0.6522004053869207)	(45, 0.0)	(50, 0.0)	(55, 0.0)	(60, 1.6580242154436664e-05)	(65, 0.0)	(70, 0.0)	(75, 0.660374464769058)	(80, 0.6597444155671894)	(85, 0.0)	(90, 1.6580242154436664e-05)	(95, 0.0)	(100, 0.0)	(105, 0.0)	(110, 1.0450692432362974)	(115, 0.0)	(120, 0.0001326419372354933)	(125, 0.6464968020857944)	(130, 0.0)	(135, 0.0)	(140, 3.316048430887333e-05)	(145, 0.0)	(150, 0.6636241922313275)	(155, 0.00011606169508105665)	(160, 0.0)	(165, 0.6559641203559778)	(170, 0.0)	(175, 0.0)	(180, 4.9740726463309994e-05)	(185, 0.0)	(190, 0.0)	(195, 0.0)	(200, 0.0)	(205, 1.052679574385184)	(210, 0.0004808270224786633)	(215, 0.0)	(220, 0.0)	(225, 0.0)	(230, 0.0)	(235, 1.6580242154436664e-05)	(240, 0.00044766653816979)	(245, 0.0)	(250, 0.0)
112023-BEL-CBC-T1-273-PAST_S29_R2_16S	(1, 0.0016227229900293814)	(2, 0.0)	(3, 0.0)	(4, 0.0)	(5, 0.0)	(6, 0.0)	(7, 0.0)	(8, 0.0)	(9, 0.0)	(10, 0.0)	(15, 0.0)	(20, 0.0)	(25, 0.0)	(30, 0.0)	(35, 0.0)	(40, 0.65198981335643)	(45, 0.0)	(50, 0.0)	(55, 0.0)	(60, 6.08521121261018e-05)	(65, 0.0)	(70, 0.0)	(75, 0.6609959259510931)	(80, 0.6444441514527934)	(85, 0.0)	(90, 0.0)	(95, 0.0)	(100, 0.0)	(105, 0.0)	(110, 1.0426806572433789)	(115, 0.00010142018687683634)	(120, 0.00018255633637830542)	(125, 0.6577707640084098)	(130, 0.0)	(135, 0.0)	(140, 8.113614950146907e-05)	(145, 0.0)	(150, 0.6616450151471049)	(155, 0.00018255633637830542)	(160, 0.0)	(165, 0.659332634886313)	(170, 0.0)	(175, 0.0)	(180, 0.0001217042242522036)	(185, 0.0)	(190, 0.0)	(195, 0.0)	(200, 0.0)	(205, 1.044891617317294)	(210, 0.000527384971759549)	(215, 0.0)	(220, 0.0)	(225, 0.0)	(230, 0.0)	(235, 2.0284037375367267e-05)	(240, 0.0005476690091349162)	(245, 0.0)	(250, 0.0)
112023-BEL-CBC-T1-277-OFAV-OANN_S23_R2_16S	(1, 0.0017851532375539115)	(2, 0.0)	(3, 0.0)	(4, 0.0)	(5, 0.0)	(6, 0.0)	(7, 0.0)	(8, 0.0)	(9, 0.0)	(10, 0.0)	(15, 0.0)	(20, 0.0)	(25, 0.0)	(30, 7.140612950215646e-05)	(35, 0.0)	(40, 0.6482248436205764)	(45, 0.0)	(50, 0.0)	(55, 0.0)	(60, 7.140612950215646e-05)	(65, 0.0)	(70, 0.0)	(75, 0.6721458970037988)	(80, 0.6434406329439318)	(85, 0.0)	(90, 7.140612950215646e-05)	(95, 0.0)	(100, 0.0)	(105, 0.0)	(110, 1.029033732255577)	(115, 0.00014281225900431293)	(120, 0.00028562451800862585)	(125, 0.6387278283967895)	(130, 0.0)	(135, 0.0)	(140, 0.00021421838850646941)	(145, 0.0)	(150, 0.6492959355631087)	(155, 0.00021421838850646941)	(160, 0.0)	(165, 0.651723743966182)	(170, 0.0)	(175, 0.0)	(180, 7.140612950215646e-05)	(185, 0.0)	(190, 0.0)	(195, 0.0)	(200, 0.0)	(205, 1.0266059238525036)	(210, 0.0006426551655194082)	(215, 0.0)	(220, 0.0)	(225, 0.0)	(230, 7.140612950215646e-05)	(235, 7.140612950215646e-05)	(240, 0.0007140612950215647)	(245, 0.0)	(250, 0.00017851532375539117)
112023-BEL-CBC-T1-278-PSTR_S14_R2_16S	(1, 0.0011304800018087679)	(2, 0.0)	(3, 0.0)	(4, 0.0)	(5, 0.0)	(6, 0.0)	(7, 0.0)	(8, 0.0)	(9, 0.0)	(10, 0.0)	(15, 0.0)	(20, 0.0)	(25, 0.0)	(30, 0.0001130480001808768)	(35, 0.0)	(40, 0.6743313210789301)	(45, 0.0)	(50, 0.0)	(55, 0.0)	(60, 0.0001130480001808768)	(65, 0.0)	(70, 0.0)	(75, 0.6770444730832712)	(80, 0.6598611770557778)	(85, 0.0)	(90, 0.0001130480001808768)	(95, 0.0)	(100, 0.0)	(105, 0.0)	(110, 1.0435460896696738)	(115, 0.0002260960003617536)	(120, 0.0003391440005426304)	(125, 0.6620090890592145)	(130, 0.0)	(135, 0.0)	(140, 0.0002260960003617536)	(145, 0.0)	(150, 0.6410952090257523)	(155, 0.0003391440005426304)	(160, 0.0)	(165, 0.670826833073323)	(170, 0.0)	(175, 0.0)	(180, 0.0002260960003617536)	(185, 0.0)	(190, 0.0)	(195, 0.0)	(200, 0.0)	(205, 1.0135883696217414)	(210, 0.0004521920007235072)	(215, 0.0)	(220, 0.0)	(225, 0.0)	(230, 0.0001130480001808768)	(235, 0.0001130480001808768)	(240, 0.0005652400009043839)	(245, 0.0)	(250, 0.0)
112023-BEL-CBC-T2-311-MCAV_S79_R2_16S	(1, 0.0019114184955225022)	(2, 0.0)	(3, 0.0)	(4, 0.0)	(5, 0.0)	(6, 0.0)	(7, 0.0)	(8, 0.0)	(9, 0.0)	(10, 0.0)	(15, 0.0)	(20, 0.0)	(25, 0.0)	(30, 0.0)	(35, 0.0)	(40, 0.6596305228048155)	(45, 0.0)	(50, 0.0)	(55, 0.0)	(60, 0.00012742789970150015)	(65, 0.0)	(70, 0.0)	(75, 0.6580376740585467)	(80, 0.6096787861218275)	(85, 0.0)	(90, 6.371394985075007e-05)	(95, 0.0)	(100, 0.0)	(105, 0.0)	(110, 1.0259220204967776)	(115, 6.371394985075007e-05)	(120, 0.0005097115988060006)	(125, 0.6540874091678003)	(130, 0.0)	(135, 0.0)	(140, 0.00019114184955225022)	(145, 0.0)	(150, 0.6423640423952622)	(155, 0.00031856974925375034)	(160, 0.0)	(165, 0.6476523002328745)	(170, 0.0)	(175, 0.0)	(180, 0.0002548557994030003)	(185, 0.0)	(190, 0.0)	(195, 0.0)	(200, 0.0)	(205, 1.0203789068597624)	(210, 0.0008282813480597509)	(215, 0.0)	(220, 0.0)	(225, 0.0)	(230, 0.00012742789970150015)	(235, 6.371394985075007e-05)	(240, 0.0010194231976120012)	(245, 0.0)	(250, 0.0)
112023-BEL-CBC-T2-312-OFAV_S74_R2_16S	(1, 0.0009105450218986078)	(2, 0.0)	(3, 0.0)	(4, 0.0)	(5, 0.0)	(6, 0.0)	(7, 0.0)	(8, 0.0)	(9, 0.0)	(10, 0.0)	(15, 0.0)	(20, 0.0)	(25, 0.0)	(30, 0.0)	(35, 0.0)	(40, 0.6588096748443727)	(45, 0.0)	(50, 0.0)	(55, 0.0)	(60, 0.0)	(65, 0.0)	(70, 0.0)	(75, 0.6529214837027617)	(80, 0.6151338652939695)	(85, 0.0)	(90, 0.0)	(95, 0.0)	(100, 0.0)	(105, 0.0)	(110, 1.041177881040328)	(115, 0.00015175750364976797)	(120, 0.00024281200583962877)	(125, 0.6636962664618953)	(130, 0.0)	(135, 0.0)	(140, 0.00018210900437972156)	(145, 0.0)	(150, 0.6670045800414601)	(155, 0.00042492101021935036)	(160, 0.0)	(165, 0.6582633478312335)	(170, 0.0)	(175, 0.0)	(180, 9.105450218986078e-05)	(185, 0.0)	(190, 0.0)	(195, 0.0)	(200, 0.0)	(205, 1.0498887617498247)	(210, 0.0005463270131391647)	(215, 0.0)	(220, 0.0)	(225, 0.0)	(230, 0.0)	(235, 3.0351500729953596e-05)	(240, 0.0005463270131391647)	(245, 0.0)	(250, 0.0)
112023-BEL-CBC-T3-348-SSID_S85_R2_16S	(1, 0.0015065387747399438)	(2, 0.0)	(3, 0.0)	(4, 0.0)	(5, 0.0)	(6, 0.0)	(7, 0.0)	(8, 0.0)	(9, 0.0)	(10, 0.0)	(15, 0.0)	(20, 0.0)	(25, 0.0)	(30, 1.5858302891999408e-05)	(35, 0.0)	(40, 0.6578975537774874)	(45, 0.0)	(50, 0.0)	(55, 0.0)	(60, 3.1716605783998816e-05)	(65, 0.0)	(70, 0.0)	(75, 0.6581354283208674)	(80, 0.6138273300406211)	(85, 0.0)	(90, 3.1716605783998816e-05)	(95, 0.0)	(100, 0.0)	(105, 0.0)	(110, 1.0302822222874175)	(115, 0.00011100812024399584)	(120, 0.0002378745433799911)	(125, 0.665572972377215)	(130, 0.0)	(135, 0.0)	(140, 0.00011100812024399584)	(145, 0.0)	(150, 0.6396922220574721)	(155, 0.00019029963470399287)	(160, 0.0)	(165, 0.6476055152005797)	(170, 0.0)	(175, 0.0)	(180, 0.00011100812024399584)	(185, 0.0)	(190, 0.0)	(195, 0.0)	(200, 0.0)	(205, 1.0222896376298498)	(210, 0.0005074656925439811)	(215, 0.0)	(220, 0.0)	(225, 0.0)	(230, 0.0)	(235, 0.0)	(240, 0.0005708989041119787)	(245, 0.0)	(250, 0.0)
112023-BEL-CBC-T3-350-OFAV_S93_R2_16S	(1, 0.0015183558375359255)	(2, 0.0)	(3, 7.230265893028216e-05)	(4, 0.0)	(5, 0.0)	(6, 0.0)	(7, 0.0)	(8, 0.0)	(9, 0.0)	(10, 0.0)	(15, 0.0)	(20, 0.0)	(25, 0.0)	(30, 5.784212714422573e-05)	(35, 0.0)	(40, 0.6624225005874591)	(45, 0.0)	(50, 0.0)	(55, 0.0)	(60, 8.676319071633859e-05)	(65, 0.0)	(70, 0.0)	(75, 0.6587495255138007)	(80, 0.6146304430345426)	(85, 0.0)	(90, 8.676319071633859e-05)	(95, 0.0)	(100, 0.0)	(105, 0.0)	(110, 1.0471738698190627)	(115, 0.00010122372250239503)	(120, 0.00027475010393507223)	(125, 0.6598051443341829)	(130, 0.0)	(135, 0.0)	(140, 0.00010122372250239503)	(145, 0.0)	(150, 0.6620899083563798)	(155, 0.00015906584964662076)	(160, 0.0)	(165, 0.6627550928185384)	(170, 0.0)	(175, 0.0)	(180, 0.0001301447860745079)	(185, 0.0)	(190, 0.0)	(195, 0.0)	(200, 0.0)	(205, 1.0464074616344017)	(210, 0.00047719754893986227)	(215, 0.0)	(220, 0.0)	(225, 0.0)	(230, 1.4460531786056432e-05)	(235, 1.4460531786056432e-05)	(240, 0.0005061186125119751)	(245, 0.0)	(250, 0.0)
112023-BEL-CBC-T3-356-MCAV_S49_R2_16S	(1, 0.0006797950191418947)	(2, 0.0)	(3, 0.0)	(4, 0.0)	(5, 0.0)	(6, 0.0)	(7, 0.0)	(8, 0.0)	(9, 0.0)	(10, 0.0)	(15, 0.0)	(20, 0.0)	(25, 0.0)	(30, 0.0)	(35, 0.0)	(40, 0.6674680694614551)	(45, 0.0)	(50, 0.0)	(55, 0.0)	(60, 0.0)	(65, 0.0)	(70, 0.0)	(75, 0.6751044335098157)	(80, 0.4708260302576763)	(85, 0.0)	(90, 0.0)	(95, 0.0)	(100, 0.0)	(105, 0.0)	(110, 1.0374804983803882)	(115, 9.063933588558596e-05)	(120, 0.00020393850574256843)	(125, 0.6835112319132037)	(130, 0.0)	(135, 0.0)	(140, 0.00011329916985698246)	(145, 0.0)	(150, 0.67712115873327)	(155, 0.0002265983397139649)	(160, 0.0)	(165, 0.6617351314666917)	(170, 0.0)	(175, 0.0)	(180, 6.797950191418947e-05)	(185, 0.0)	(190, 0.0)	(195, 0.0)	(200, 0.0)	(205, 1.0528438658129953)	(210, 0.0003852171775137404)	(215, 0.0)	(220, 0.0)	(225, 0.0)	(230, 0.0)	(235, 2.265983397139649e-05)	(240, 0.0004531966794279298)	(245, 0.0)	(250, 0.0)
112023-BEL-CBC-T3-358-SSID_S46_R2_16S	(1, 0.0006756292642059498)	(2, 0.0)	(3, 0.0)	(4, 0.0)	(5, 0.0)	(6, 0.0)	(7, 0.0)	(8, 0.0)	(9, 0.0)	(10, 0.0)	(15, 0.0)	(20, 0.0)	(25, 0.0)	(30, 0.0)	(35, 0.0)	(40, 0.6687828876619962)	(45, 0.0)	(50, 0.0)	(55, 0.0)	(60, 2.252097547353166e-05)	(65, 0.0)	(70, 0.0)	(75, 0.6714628837433465)	(80, 0.4779626624747625)	(85, 0.0)	(90, 2.252097547353166e-05)	(95, 0.0)	(100, 0.0)	(105, 0.0)	(110, 1.0665258355000389)	(115, 0.00013512585284118997)	(120, 0.00018016780378825328)	(125, 0.6706296076508258)	(130, 0.0)	(135, 0.0)	(140, 0.00015764682831472164)	(145, 0.0)	(150, 0.6756292642059498)	(155, 0.0003828565830500382)	(160, 0.0)	(165, 0.6751338027455321)	(170, 0.0)	(175, 0.0)	(180, 0.00011260487736765831)	(185, 0.0)	(190, 0.0)	(195, 0.0)	(200, 0.0)	(205, 1.0668861711076152)	(210, 0.00040537755852356985)	(215, 0.0)	(220, 0.0)	(225, 2.252097547353166e-05)	(230, 6.756292642059498e-05)	(235, 6.756292642059498e-05)	(240, 0.0005630243868382915)	(245, 0.0)	(250, 5.6302438683829155e-05)
112023-BEL-CBC-T4-400-OFAV_S88_R2_16S	(1, 0.0011424037420992396)	(2, 0.0)	(3, 0.0)	(4, 0.0)	(5, 0.0)	(6, 0.0)	(7, 0.0)	(8, 0.0)	(9, 0.0)	(10, 0.0)	(15, 0.0)	(20, 0.0)	(25, 0.0)	(30, 0.0)	(35, 0.0)	(40, 0.6594785238481974)	(45, 0.0)	(50, 0.0)	(55, 0.0)	(60, 2.0770977129077083e-05)	(65, 0.0)	(70, 0.0)	(75, 0.6516894074247934)	(80, 0.6276781578635804)	(85, 0.0)	(90, 2.0770977129077083e-05)	(95, 0.0)	(100, 0.0)	(105, 0.0)	(110, 1.0483735286359077)	(115, 0.0001246258627744625)	(120, 0.00014539683990353957)	(125, 0.6641519937022398)	(130, 0.0)	(135, 0.0)	(140, 0.00014539683990353957)	(145, 0.0)	(150, 0.6537041922063139)	(155, 0.00022848074841984791)	(160, 0.0)	(165, 0.6632796126628185)	(170, 0.0)	(175, 0.0)	(180, 2.0770977129077083e-05)	(185, 0.0)	(190, 0.0)	(195, 0.0)	(200, 0.0)	(205, 1.038777337202274)	(210, 0.0003946485654524646)	(215, 0.0)	(220, 0.0)	(225, 0.0)	(230, 0.0)	(235, 0.0)	(240, 0.00041541954258154164)	(245, 0.0)	(250, 0.0)
122022-BEL-CBC-T1-123-OANN_S30_R2_16S	(1, 0.0012685636450273496)	(2, 0.0)	(3, 0.0)	(4, 0.0)	(5, 0.0)	(6, 0.0)	(7, 0.0)	(8, 0.0)	(9, 0.0)	(10, 0.0)	(15, 0.0)	(20, 0.0)	(25, 0.0)	(30, 0.0)	(35, 0.0)	(40, 0.6669949075098175)	(45, 0.0)	(50, 0.0)	(55, 0.0)	(60, 0.0)	(65, 0.0)	(70, 0.0)	(75, 0.6611595147426916)	(80, 0.6526125671843199)	(85, 0.0)	(90, 0.0)	(95, 0.0)	(100, 0.0)	(105, 0.0)	(110, 1.0449634455457162)	(115, 4.7571136688525606e-05)	(120, 0.00019028454675410242)	(125, 0.6450011853141558)	(130, 0.0)	(135, 0.0)	(140, 7.928522781420935e-05)	(145, 0.0)	(150, 0.6640772111262546)	(155, 0.00023785568344262802)	(160, 0.0)	(165, 0.6616193690640141)	(170, 0.0)	(175, 0.0)	(180, 4.7571136688525606e-05)	(185, 0.0)	(190, 0.0)	(195, 0.0)	(200, 0.0)	(205, 1.0473420023801425)	(210, 0.0004122831846338885)	(215, 0.0)	(220, 0.0)	(225, 1.5857045562841868e-05)	(230, 4.7571136688525606e-05)	(235, 4.7571136688525606e-05)	(240, 0.0005549965946994654)	(245, 0.0)	(250, 3.9642613907104674e-05)
122022-BEL-CBC-T1-151-MCAV_S62_R2_16S	(1, 0.00188615187294881)	(2, 0.0)	(3, 0.0)	(4, 0.0)	(5, 0.0)	(6, 0.0)	(7, 0.0)	(8, 0.0)	(9, 0.0)	(10, 0.0)	(15, 0.0)	(20, 0.0)	(25, 0.0)	(30, 0.0)	(35, 0.0)	(40, 0.669709658355024)	(45, 0.0)	(50, 0.0)	(55, 0.0)	(60, 0.00012574345819658733)	(65, 0.0)	(70, 0.0)	(75, 0.6683264803148616)	(80, 0.4783281149798182)	(85, 0.0)	(90, 0.0)	(95, 0.0)	(100, 0.0)	(105, 0.0)	(110, 1.05674802268412)	(115, 0.00012574345819658733)	(120, 0.00012574345819658733)	(125, 0.7016484967369573)	(130, 0.0)	(135, 0.0)	(140, 0.0)	(145, 0.0)	(150, 0.6749908835992807)	(155, 0.00012574345819658733)	(160, 0.0)	(165, 0.6678235064820752)	(170, 0.0)	(175, 0.0)	(180, 0.00012574345819658733)	(185, 0.0)	(190, 0.0)	(195, 0.0)	(200, 0.0)	(205, 1.0637896563431286)	(210, 0.000377230374589762)	(215, 0.0)	(220, 0.0)	(225, 0.0)	(230, 0.0)	(235, 0.0)	(240, 0.000377230374589762)	(245, 0.0)	(250, 0.0)
122022-BEL-CBC-T2-100-PAST_S15_R2_16S	(1, 0.0012010352924220677)	(2, 0.0)	(3, 0.0)	(4, 0.0)	(5, 0.0)	(6, 0.0)	(7, 0.0)	(8, 0.0)	(9, 0.0)	(10, 0.0)	(15, 0.0)	(20, 0.0)	(25, 0.0)	(30, 0.0)	(35, 0.0)	(40, 0.6546843378992692)	(45, 0.0)	(50, 0.0)	(55, 0.0)	(60, 3.0025882310551695e-05)	(65, 0.0)	(70, 0.0)	(75, 0.6578070296595666)	(80, 0.6441152273259549)	(85, 0.0)	(90, 3.0025882310551695e-05)	(95, 0.0)	(100, 0.0)	(105, 0.0)	(110, 1.0486839655783284)	(115, 0.00018015529386331016)	(120, 0.0002702329407949653)	(125, 0.673180281402569)	(130, 0.0)	(135, 0.0)	(140, 0.0002101811761738619)	(145, 0.0)	(150, 0.6650732931787201)	(155, 0.0003603105877266203)	(160, 0.0)	(165, 0.6649231637671673)	(170, 0.0)	(175, 0.0)	(180, 0.00012010352924220678)	(185, 0.0)	(190, 0.0)	(195, 0.0)	(200, 0.0)	(205, 1.0487740432252601)	(210, 0.0005404658815899306)	(215, 0.0)	(220, 0.0)	(225, 0.0)	(230, 3.0025882310551695e-05)	(235, 3.0025882310551695e-05)	(240, 0.0006305435285215856)	(245, 0.0)	(250, 7.506470577637923e-05)
122022-BEL-CBC-T2-83-PAST_S75_R2_16S	(1, 0.0008347106058329577)	(2, 0.0)	(3, 0.0)	(4, 0.0)	(5, 0.0)	(6, 0.0)	(7, 0.0)	(8, 0.0)	(9, 0.0)	(10, 0.0)	(15, 0.0)	(20, 0.0)	(25, 0.0)	(30, 0.0)	(35, 0.0)	(40, 0.6653895594397423)	(45, 0.0)	(50, 0.0)	(55, 0.0)	(60, 4.1735530291647887e-05)	(65, 0.0)	(70, 0.0)	(75, 0.6378441094472547)	(80, 0.5885961837031101)	(85, 0.0)	(90, 0.0)	(95, 0.0)	(100, 0.0)	(105, 0.0)	(110, 0.9475634797415736)	(115, 4.1735530291647887e-05)	(120, 0.00012520659087494367)	(125, 0.6891788117059815)	(130, 0.0)	(135, 0.0)	(140, 8.347106058329577e-05)	(145, 0.0)	(150, 0.6400978280830036)	(155, 0.00012520659087494367)	(160, 0.0)	(165, 0.6347974157359644)	(170, 0.0)	(175, 0.0)	(180, 8.347106058329577e-05)	(185, 0.0)	(190, 0.0)	(195, 0.0)	(200, 0.0)	(205, 0.952738685497738)	(210, 0.00020867765145823943)	(215, 0.0)	(220, 0.0)	(225, 0.0)	(230, 4.1735530291647887e-05)	(235, 4.1735530291647887e-05)	(240, 0.0002921487120415352)	(245, 0.0)	(250, 0.0)
122022-BEL-CBC-T2-88-MCAV_S89_R2_16S	(1, 0.0007616436269469515)	(2, 0.0)	(3, 0.0)	(4, 0.0)	(5, 0.0)	(6, 0.0)	(7, 0.0)	(8, 0.0)	(9, 0.0)	(10, 0.0)	(15, 0.0)	(20, 0.0)	(25, 0.0)	(30, 3.808218134734757e-05)	(35, 0.0)	(40, 0.6668951597547508)	(45, 0.0)	(50, 0.0)	(55, 0.0)	(60, 7.616436269469514e-05)	(65, 0.0)	(70, 0.0)	(75, 0.6520811912106326)	(80, 0.6091244906508245)	(85, 0.0)	(90, 7.616436269469514e-05)	(95, 0.0)	(100, 0.0)	(105, 0.0)	(110, 1.0115389009482463)	(115, 3.808218134734757e-05)	(120, 0.00011424654404204272)	(125, 0.6630869416200159)	(130, 0.0)	(135, 0.0)	(140, 3.808218134734757e-05)	(145, 0.0)	(150, 0.6736737880345787)	(155, 7.616436269469514e-05)	(160, 0.0)	(165, 0.653985300278)	(170, 0.0)	(175, 0.0)	(180, 7.616436269469514e-05)	(185, 0.0)	(190, 0.0)	(195, 0.0)	(200, 0.0)	(205, 1.0311512243421301)	(210, 0.000266575269431433)	(215, 0.0)	(220, 0.0)	(225, 0.0)	(230, 0.0)	(235, 0.0)	(240, 0.000266575269431433)	(245, 0.0)	(250, 0.0)
122022-BEL-CBC-T2-90-SSID_S64_R2_16S	(1, 0.0022730654146897885)	(2, 0.0)	(3, 0.0002066423104263444)	(4, 0.0)	(5, 0.0)	(6, 0.0)	(7, 0.0)	(8, 0.0)	(9, 0.0)	(10, 0.0)	(15, 0.0)	(20, 0.0)	(25, 0.0)	(30, 6.199269312790332e-05)	(35, 0.0)	(40, 0.6641483857102709)	(45, 0.0)	(50, 0.0)	(55, 0.0)	(60, 8.265692417053776e-05)	(65, 0.0)	(70, 0.0)	(75, 0.6602635102742557)	(80, 0.6138103188904134)	(85, 0.0)	(90, 6.199269312790332e-05)	(95, 0.0)	(100, 0.0)	(105, 0.0)	(110, 1.0445355507430858)	(115, 0.00016531384834107552)	(120, 0.0003512919277247855)	(125, 0.650861285149857)	(130, 0.0)	(135, 0.0)	(140, 0.0001033211552131722)	(145, 0.0)	(150, 0.6521424674745003)	(155, 0.00014464961729844107)	(160, 0.0)	(165, 0.6587136929460581)	(170, 0.0)	(175, 0.0)	(180, 0.00018597807938370997)	(185, 0.0)	(190, 0.0)	(195, 0.0)	(200, 0.0)	(205, 1.0378196756542295)	(210, 0.0006405911623216678)	(215, 0.0)	(220, 0.0)	(225, 0.0)	(230, 2.066423104263444e-05)	(235, 4.132846208526888e-05)	(240, 0.0006819196244069365)	(245, 0.0)	(250, 0.0)
122022-BEL-CBC-T2-93-OFAV_S9_R2_16S	(1, 0.0008288964349164335)	(2, 0.0)	(3, 0.0)	(4, 0.0)	(5, 0.0)	(6, 0.0)	(7, 0.0)	(8, 0.0)	(9, 0.0)	(10, 0.0)	(15, 0.0)	(20, 0.0)	(25, 0.0)	(30, 0.0)	(35, 0.0)	(40, 0.6602989000544308)	(45, 0.0)	(50, 0.0)	(55, 0.0)	(60, 0.0)	(65, 0.0)	(70, 0.0)	(75, 0.6535572090504439)	(80, 0.6499653244991394)	(85, 0.0)	(90, 0.0)	(95, 0.0)	(100, 0.0)	(105, 0.0)	(110, 1.0466751582501443)	(115, 0.00011051952465552446)	(120, 0.00011051952465552446)	(125, 0.6522862345169054)	(130, 0.0)	(135, 0.0)	(140, 0.00016577928698328668)	(145, 0.0)	(150, 0.6596910426688255)	(155, 0.00016577928698328668)	(160, 0.0)	(165, 0.6589174059962368)	(170, 0.0)	(175, 0.0)	(180, 5.525976232776223e-05)	(185, 0.0)	(190, 0.0)	(195, 0.0)	(200, 0.0)	(205, 1.047448794922733)	(210, 0.00033155857396657335)	(215, 0.0)	(220, 0.0)	(225, 0.0)	(230, 0.0)	(235, 0.0)	(240, 0.00033155857396657335)	(245, 0.0)	(250, 0.0)
122022-BEL-CBC-T2-94-PAST_S16_R2_16S	(1, 0.0015459435086476216)	(2, 0.0)	(3, 0.0)	(4, 0.0)	(5, 0.0)	(6, 0.0)	(7, 0.0)	(8, 0.0)	(9, 0.0)	(10, 0.0)	(15, 0.0)	(20, 0.0)	(25, 0.0)	(30, 2.5765725144127025e-05)	(35, 0.0)	(40, 0.6383200747206029)	(45, 0.0)	(50, 0.0)	(55, 0.0)	(60, 7.729717543238107e-05)	(65, 0.0)	(70, 0.0)	(75, 0.6513060001932429)	(80, 0.656201487970627)	(85, 0.0)	(90, 7.729717543238107e-05)	(95, 0.0)	(100, 0.0)	(105, 0.0)	(110, 1.0191117266256562)	(115, 2.5765725144127025e-05)	(120, 0.00028342297658539726)	(125, 0.6712229057296532)	(130, 0.0)	(135, 0.0)	(140, 7.729717543238107e-05)	(145, 0.0)	(150, 0.6467454668427325)	(155, 0.0001803600760088892)	(160, 0.0)	(165, 0.6476472672227769)	(170, 0.0)	(175, 0.0)	(180, 0.00015459435086476213)	(185, 0.0)	(190, 0.0)	(195, 0.0)	(200, 0.0)	(205, 1.0181068633450352)	(210, 0.0006441431286031757)	(215, 0.0)	(220, 0.0)	(225, 0.0)	(230, 2.5765725144127025e-05)	(235, 2.5765725144127025e-05)	(240, 0.0006956745788914297)	(245, 0.0)	(250, 0.0)
122022-BEL-CBC-T4-34-PSTR_S25_R2_16S	(1, 0.0)	(2, 0.0)	(3, 0.0)	(4, 0.0)	(5, 0.0)	(6, 0.0)	(7, 0.0)	(8, 0.0)	(9, 0.0)	(10, 0.0)	(15, 0.0)	(20, 0.0)	(25, 0.0)	(30, 0.0)	(35, 0.0)	(40, 0.6660256560587229)	(45, 0.0)	(50, 0.0)	(55, 0.0)	(60, 0.0)	(65, 0.0)	(70, 0.0)	(75, 0.6763443634061115)	(80, 0.6777514598625736)	(85, 0.0)	(90, 0.0)	(95, 0.0)	(100, 0.0)	(105, 0.0)	(110, 1.0206139630871696)	(115, 0.00046903215215403013)	(120, 0.0)	(125, 0.6453882413639456)	(130, 0.0)	(135, 0.0)	(140, 0.0)	(145, 0.0)	(150, 0.6406979198424052)	(155, 0.0)	(160, 0.0)	(165, 0.6594592059285664)	(170, 0.0)	(175, 0.0)	(180, 0.0)	(185, 0.0)	(190, 0.0)	(195, 0.0)	(200, 0.0)	(205, 1.0018526770010086)	(210, 0.0)	(215, 0.0)	(220, 0.0)	(225, 0.0)	(230, 0.0)	(235, 0.0)	(240, 0.0)	(245, 0.0)	(250, 0.0)
122023-BEL-CBC-T1-509-MCAV_S26_R2_16S	(1, 0.0010798552993898818)	(2, 0.0)	(3, 0.0)	(4, 0.0)	(5, 0.0)	(6, 0.0)	(7, 0.0)	(8, 0.0)	(9, 0.0)	(10, 0.0)	(15, 0.0)	(20, 0.0)	(25, 0.0)	(30, 0.0)	(35, 0.0)	(40, 0.6499649047027698)	(45, 0.0)	(50, 0.0)	(55, 0.0)	(60, 0.0)	(65, 0.0)	(70, 0.0)	(75, 0.6134657955833918)	(80, 0.6097942875654662)	(85, 0.0)	(90, 0.0)	(95, 0.0)	(100, 0.0)	(105, 0.0)	(110, 0.886345229739215)	(115, 0.0)	(120, 0.0)	(125, 0.6982344365854976)	(130, 0.0)	(135, 0.0)	(140, 0.0)	(145, 0.0)	(150, 0.6363587279304573)	(155, 0.00010798552993898818)	(160, 0.0)	(165, 0.5925166027752281)	(170, 0.0)	(175, 0.0)	(180, 0.0)	(185, 0.0)	(190, 0.0)	(195, 0.0)	(200, 0.0)	(205, 0.930187354894444)	(210, 0.00021597105987797635)	(215, 0.0)	(220, 0.0)	(225, 0.0)	(230, 0.0)	(235, 0.0)	(240, 0.00021597105987797635)	(245, 0.0)	(250, 0.0)
122023-BEL-CBC-T2-514-SSID_S81_R2_16S	(1, 0.0005885044483579991)	(2, 0.0)	(3, 0.0)	(4, 0.0)	(5, 0.0)	(6, 0.0)	(7, 0.0)	(8, 0.0)	(9, 0.0)	(10, 0.0)	(15, 0.0)	(20, 0.0)	(25, 0.0)	(30, 0.0)	(35, 0.0)	(40, 0.6583599263780935)	(45, 0.0)	(50, 0.0)	(55, 0.0)	(60, 0.0)	(65, 0.0)	(70, 0.0)	(75, 0.6522983305600061)	(80, 0.6212547209091217)	(85, 0.0)	(90, 0.0)	(95, 0.0)	(100, 0.0)	(105, 0.0)	(110, 1.0243508428119332)	(115, 2.942522241789995e-05)	(120, 0.00014712611208949976)	(125, 0.6641861204168378)	(130, 0.0)	(135, 0.0)	(140, 2.942522241789995e-05)	(145, 0.0)	(150, 0.6555056798035572)	(155, 0.00017655133450739972)	(160, 0.0)	(165, 0.6531516620101252)	(170, 0.0)	(175, 0.0)	(180, 0.0)	(185, 0.0)	(190, 0.0)	(195, 0.0)	(200, 0.0)	(205, 1.0266460101605293)	(210, 0.0003825278914326994)	(215, 0.0)	(220, 0.0)	(225, 0.0)	(230, 0.0)	(235, 0.0)	(240, 0.00044137833626849924)	(245, 0.0)	(250, 0.0)
122023-BEL-CBC-T2-516-MCAV_S20_R2_16S	(1, 0.0015041891668296204)	(2, 0.0)	(3, 0.0)	(4, 0.0)	(5, 0.0)	(6, 0.0)	(7, 0.0)	(8, 0.0)	(9, 0.0)	(10, 0.0)	(15, 0.0)	(20, 0.0)	(25, 0.0)	(30, 2.3141371797378777e-05)	(35, 0.0)	(40, 0.6654764287772215)	(45, 0.0)	(50, 0.0)	(55, 0.0)	(60, 9.256548718951511e-05)	(65, 0.0)	(70, 0.0)	(75, 0.659274541135524)	(80, 0.6618895161486278)	(85, 0.0)	(90, 4.6282743594757554e-05)	(95, 0.0)	(100, 0.0)	(105, 0.0)	(110, 1.055107705729688)	(115, 6.942411539213633e-05)	(120, 0.00032397920516330286)	(125, 0.650110557903762)	(130, 0.0)	(135, 0.0)	(140, 0.0001157068589868939)	(145, 0.0)	(150, 0.6695955929571549)	(155, 0.0002545550897711666)	(160, 0.0)	(165, 0.6679294141877437)	(170, 0.0)	(175, 0.0)	(180, 0.0001157068589868939)	(185, 0.0)	(190, 0.0)	(195, 0.0)	(200, 0.0)	(205, 1.0566118948965175)	(210, 0.0005785342949344694)	(215, 0.0)	(220, 0.0)	(225, 0.0)	(230, 0.0)	(235, 4.6282743594757554e-05)	(240, 0.0006710997821239845)	(245, 0.0)	(250, 0.0)
122023-BEL-CBC-T2-520-PAST_S2_R2_16S	(1, 0.0012226721028549394)	(2, 0.0)	(3, 0.0)	(4, 0.0)	(5, 0.0)	(6, 0.0)	(7, 0.0)	(8, 0.0)	(9, 0.0)	(10, 0.0)	(15, 0.0)	(20, 0.0)	(25, 0.0)	(30, 1.8810340043922143e-05)	(35, 0.0)	(40, 0.6562363331123119)	(45, 0.0)	(50, 0.0)	(55, 0.0)	(60, 1.8810340043922143e-05)	(65, 0.0)	(70, 0.0)	(75, 0.66054390098237)	(80, 0.6520792479626051)	(85, 0.0)	(90, 1.8810340043922143e-05)	(95, 0.0)	(100, 0.0)	(105, 0.0)	(110, 1.0483002506477812)	(115, 0.0001692930603952993)	(120, 0.00011286204026353287)	(125, 0.6539038509468655)	(130, 0.0)	(135, 0.0)	(140, 0.0001692930603952993)	(145, 0.0)	(150, 0.6618606247854445)	(155, 0.00022572408052706574)	(160, 0.0)	(165, 0.6638733311701442)	(170, 0.0)	(175, 0.0)	(180, 5.6431020131766434e-05)	(185, 0.0)	(190, 0.0)	(195, 0.0)	(200, 0.0)	(205, 1.0462687339230374)	(210, 0.0003197757807466764)	(215, 0.0)	(220, 0.0)	(225, 0.0)	(230, 0.0)	(235, 0.0)	(240, 0.0003009654407027543)	(245, 0.0)	(250, 0.0)
122023-BEL-CBC-T2-521-OFAV_S90_R2_16S	(1, 0.0008568392912225382)	(2, 0.0)	(3, 0.0001224056130317912)	(4, 0.0)	(5, 0.0)	(6, 0.0)	(7, 0.0)	(8, 0.0)	(9, 0.0)	(10, 0.0)	(15, 0.0)	(20, 0.0)	(25, 0.0)	(30, 2.4481122606358234e-05)	(35, 0.0)	(40, 0.6592521506666209)	(45, 0.0)	(50, 0.0)	(55, 0.0)	(60, 2.4481122606358234e-05)	(65, 0.0)	(70, 0.0)	(75, 0.6597662542413545)	(80, 0.6231914570674553)	(85, 0.0)	(90, 2.4481122606358234e-05)	(95, 0.0)	(100, 0.0)	(105, 0.0)	(110, 1.0523700174795214)	(115, 0.00029377347127629885)	(120, 0.00019584898085086587)	(125, 0.6610147914942788)	(130, 0.0)	(135, 0.0)	(140, 0.00036721683909537355)	(145, 0.0)	(150, 0.664442148659169)	(155, 0.00041617908430809005)	(160, 0.0)	(165, 0.6654213935634232)	(170, 0.0)	(175, 0.0)	(180, 4.896224521271647e-05)	(185, 0.0)	(190, 0.0)	(195, 0.0)	(200, 0.0)	(205, 1.0513418103300545)	(210, 0.0003182545938826571)	(215, 0.0)	(220, 0.0)	(225, 0.0)	(230, 2.4481122606358234e-05)	(235, 2.4481122606358234e-05)	(240, 0.00041617908430809005)	(245, 0.0)	(250, 0.0)
122023-BEL-CBC-T3-527-OFAV_S78_R2_16S	(1, 0.0016772779160709865)	(2, 0.0)	(3, 0.0)	(4, 0.0)	(5, 0.0)	(6, 0.0)	(7, 0.0)	(8, 0.0)	(9, 0.0)	(10, 0.0)	(15, 0.0)	(20, 0.0)	(25, 0.0)	(30, 0.0)	(35, 0.0)	(40, 0.6590715576090699)	(45, 0.0)	(50, 0.0)	(55, 0.0)	(60, 1.9732681365541015e-05)	(65, 0.0)	(70, 0.0)	(75, 0.6534477434198908)	(80, 0.6119104491454269)	(85, 0.0)	(90, 0.0)	(95, 0.0)	(100, 0.0)	(105, 0.0)	(110, 1.0378601091019952)	(115, 7.893072546216406e-05)	(120, 0.00019732681365541017)	(125, 0.6604923106673889)	(130, 0.0)	(135, 0.0)	(140, 0.00011839608819324609)	(145, 0.0)	(150, 0.6519677923174751)	(155, 0.00021705949502095117)	(160, 0.0)	(165, 0.656447110987453)	(170, 0.0)	(175, 0.0)	(180, 0.00011839608819324609)	(185, 0.0)	(190, 0.0)	(195, 0.0)	(200, 0.0)	(205, 1.0333215923879209)	(210, 0.0005130497155040664)	(215, 0.0)	(220, 0.0)	(225, 0.0)	(230, 1.9732681365541015e-05)	(235, 1.9732681365541015e-05)	(240, 0.0004933170341385254)	(245, 0.0)	(250, 0.0)
122023-BEL-CBC-T3-534-SSID_S27_R2_16S	(1, 0.0018192237372313233)	(2, 0.0)	(3, 0.0)	(4, 0.0)	(5, 0.0)	(6, 0.0)	(7, 0.0)	(8, 0.0)	(9, 0.0)	(10, 0.0)	(15, 0.0)	(20, 0.0)	(25, 0.0)	(30, 0.0)	(35, 0.0)	(40, 0.6518278650499831)	(45, 0.0)	(50, 0.0)	(55, 0.0)	(60, 0.0)	(65, 0.0)	(70, 0.0)	(75, 0.6732947051493128)	(80, 0.6423679016163802)	(85, 0.0)	(90, 0.0)	(95, 0.0)	(100, 0.0)	(105, 0.0)	(110, 1.0424152014335484)	(115, 0.00018192237372313233)	(120, 0.00036384474744626465)	(125, 0.673658549896759)	(130, 0.0)	(135, 0.0)	(140, 0.00018192237372313233)	(145, 0.0)	(150, 0.6514640203025369)	(155, 0.00018192237372313233)	(160, 0.0)	(165, 0.6751139288865441)	(170, 0.0)	(175, 0.0)	(180, 0.0)	(185, 0.0)	(190, 0.0)	(195, 0.0)	(200, 0.0)	(205, 1.0185833704758178)	(210, 0.000545767121169397)	(215, 0.0)	(220, 0.0)	(225, 0.0)	(230, 0.0)	(235, 0.0)	(240, 0.0007276894948925293)	(245, 0.0)	(250, 0.0)
122023-BEL-CBC-T4-536-PSTR_S50_R2_16S	(1, 0.0011968932072035873)	(2, 0.0)	(3, 0.0)	(4, 0.0)	(5, 0.0)	(6, 0.0)	(7, 0.0)	(8, 0.0)	(9, 0.0)	(10, 0.0)	(15, 0.0)	(20, 0.0)	(25, 0.0)	(30, 0.0)	(35, 0.0)	(40, 0.6727565732947477)	(45, 0.0)	(50, 0.0)	(55, 0.0)	(60, 1.7098474388622675e-05)	(65, 0.0)	(70, 0.0)	(75, 0.6622752084945221)	(80, 0.4805526226922403)	(85, 0.0)	(90, 0.0)	(95, 0.0)	(100, 0.0)	(105, 0.0)	(110, 1.0688598309815807)	(115, 0.00015388626949760408)	(120, 0.00017098474388622676)	(125, 0.6751845566579322)	(130, 0.0)	(135, 0.0)	(140, 0.00018808321827484944)	(145, 0.0)	(150, 0.6710638243302741)	(155, 0.00023937864144071746)	(160, 0.0)	(165, 0.6737653832836765)	(170, 0.0)	(175, 0.0)	(180, 0.00010259084633173605)	(185, 0.0)	(190, 0.0)	(195, 0.0)	(200, 0.0)	(205, 1.0661411735537898)	(210, 0.0003932649109383215)	(215, 0.0)	(220, 0.0)	(225, 0.0)	(230, 0.0)	(235, 0.0)	(240, 0.0004103633853269442)	(245, 0.0)	(250, 0.0)
Negative_S96_R2_16S	(1, 0.0)	(2, 0.0)	(3, 0.0)	(4, 0.0)	(5, 0.0)	(6, 0.0)	(7, 0.0)	(8, 0.0)	(9, 0.0)	(10, 0.0)	(15, 0.0)	(20, 0.0)	(25, 0.0)	(30, 0.0)	(35, 0.0)	(40, 0.6236591328643417)	(45, 0.0)	(50, 0.0)	(55, 0.0)	(60, 0.0)	(65, 0.0)	(70, 0.0)	(75, 0.6166741505762611)	(80, 0.6535947712418301)	(85, 0.0)	(90, 0.0)	(95, 0.0)	(100, 0.0)	(105, 0.0)	(110, 0.9888739210697002)	(115, 0.0)	(120, 0.0)	(125, 0.6565883350795789)	(130, 0.0)	(135, 0.0)	(140, 0.0)	(145, 0.0)	(150, 0.6246569874769247)	(155, 0.0)	(160, 0.0)	(165, 0.6246569874769247)	(170, 0.0)	(175, 0.0)	(180, 0.0)	(185, 0.0)	(190, 0.0)	(195, 0.0)	(200, 0.0)	(205, 0.9888739210697002)	(210, 0.0)	(215, 0.0)	(220, 0.0)	(225, 0.0)	(230, 0.0)	(235, 0.0)	(240, 0.0)	(245, 0.0)	(250, 0.0)
Undetermined_S0_R2_16S	(1, 1.3922610751075575)	(2, 1.3374368798291163)	(3, 1.332793995542195)	(4, 1.292502664093364)	(5, 1.3638949601491066)	(6, 1.3605558995318001)	(7, 1.3763289858764096)	(8, 1.384628936553714)	(9, 1.4103556035956277)	(10, 1.4587370019115327)	(15, 1.5204810028121252)	(20, 1.5762719356407198)	(25, 1.5834843065741016)	(30, 1.5381812041415799)	(35, 1.4779063899126024)	(40, 2.18256266224257)	(45, 1.5787142199779496)	(50, 1.6068195702024775)	(55, 1.6089565689975536)	(60, 1.5643403590348781)	(65, 1.4980552356947487)	(70, 1.5766217419911042)	(75, 2.2310776229831677)	(80, 2.2180457464024803)	(85, 1.6191073132741651)	(90, 1.57325088079649)	(95, 1.4745736894107575)	(100, 1.5454953369223465)	(105, 1.5971013137772505)	(110, 2.6313260490930954)	(115, 1.6346069146539286)	(120, 1.60451084828994)	(125, 2.1248000936208995)	(130, 1.5107945469642055)	(135, 1.5690786450537224)	(140, 1.599670800423711)	(145, 1.609293655117015)	(150, 2.218312871251865)	(155, 1.520633645583202)	(160, 1.559748355671649)	(165, 2.2236808087014013)	(170, 1.5671833306461844)	(175, 1.5632082584827245)	(180, 1.5489870403107298)	(185, 1.4647727514845306)	(190, 1.520837169277971)	(195, 1.5603016857168024)	(200, 1.6135676527071672)	(205, 2.6687553285842354)	(210, 1.6125818348106291)	(215, 1.5314967227915055)	(220, 1.5681055473881074)	(225, 1.6258871963561627)	(230, 1.6117041388769373)	(235, 1.6249904200760863)	(240, 1.580336049420641)	(245, 1.5503417449040369)	(250, 1.6211298299909336)
