Sample	0	1	2	3	4	5	6	7	8	9	10	11	12	13	14	15
012024-BEL-CBC-T1-561-OANN_S95_R2_16S	(1.0, 45.632264882000705)	(2.0, 21.873899260302924)	(3.0, 14.424092990489608)	(4.0, 7.115181401902078)	(5.0, 2.7298344487495596)	(6.0, 1.3737231419513913)	(7.0, 0.7396970764353645)	(8.0, 0.42268404367735113)	(9.0, 0.1585065163790067)	('>10', 5.5301162381120115)	('>50', 0.0)	('>100', 0.0)	('>500', 0.0)	('>1k', 0.0)	('>5k', 0.0)	('>10k+', 0.0)
012024-BEL-CBC-T2-587-SSID_S63_R2_16S	(1.0, 4.352939225687788)	(2.0, 1.8423492887108275)	(3.0, 1.222960743572377)	(4.0, 0.9387767076233516)	(5.0, 0.8188785955084127)	(6.0, 0.6704090183788499)	(7.0, 0.6366079548570853)	(8.0, 0.5867354422645947)	(9.0, 0.561352756827496)	('>10', 11.670933253741394)	('>50', 4.233551318305253)	('>100', 0.7015315070554937)	('>500', 8.968633888563634)	('>1k', 62.79434029890344)	('>5k', 0.0)	('>10k+', 0.0)
012024-BEL-CBC-T2-589-SSID_S52_R2_16S	(1.0, 7.619310587359348)	(2.0, 3.573857103411896)	(3.0, 2.4706265377022967)	(4.0, 1.7880275237549674)	(5.0, 1.5076522797488299)	(6.0, 1.1448541320662187)	(7.0, 1.015450173294155)	(8.0, 0.8462084777451291)	(9.0, 0.8357682432794425)	('>10', 19.09189192159384)	('>50', 7.472185704296844)	('>100', 22.27245440296283)	('>500', 21.877099208328012)	('>1k', 8.484613704456194)	('>5k', 0.0)	('>10k+', 0.0)
012024-BEL-CBC-T2-603-MCAV_S39_R2_16S	(1.0, 3.858146584552686)	(2.0, 1.3549815647051109)	(3.0, 0.8585652246281417)	(4.0, 0.6028417086567707)	(5.0, 0.48219266522412374)	(6.0, 0.37949975032911165)	(7.0, 0.3057585707728701)	(8.0, 0.28487700556337353)	(9.0, 0.22606564074628901)	('>10', 7.848139573592386)	('>50', 6.265478334115131)	('>100', 22.442033481118322)	('>500', 10.564155330599563)	('>1k', 44.527264565396116)	('>5k', 0.0)	('>10k+', 0.0)
012024-BEL-CBC-T3-629-OFAV_S35_R2_16S	(1.0, 4.788667617164145)	(2.0, 2.0769902957273603)	(3.0, 1.3011084027043187)	(4.0, 0.9621487375247206)	(5.0, 0.69677597387665)	(6.0, 0.5160281469898358)	(7.0, 0.5022306029526744)	(8.0, 0.4709561698017753)	(9.0, 0.41806558432598995)	('>10', 11.74676907510463)	('>50', 0.8683254380720231)	('>100', 43.46272363519294)	('>500', 30.637446534516855)	('>1k', 1.5517637860460838)	('>5k', 0.0)	('>10k+', 0.0)
012024-BEL-CBC-T3-635-OFAV_S82_R2_16S	(1.0, 3.533455796963746)	(2.0, 1.4220983509638732)	(3.0, 0.8647621460695509)	(4.0, 0.5732987056861131)	(5.0, 0.3914613289415341)	(6.0, 0.2944194590485843)	(7.0, 0.244167141741095)	(8.0, 0.22499524925571673)	(9.0, 0.19611072401342877)	('>10', 3.6740778277485697)	('>50', 0.05895145795063449)	('>100', 14.165832647114716)	('>500', 53.152509448702524)	('>1k', 21.20385971579992)	('>5k', 0.0)	('>10k+', 0.0)
012024-BEL-CBC-T3-639-OFAV_S1_R2_16S	(1.0, 3.1870644275258173)	(2.0, 1.4474004387016812)	(3.0, 0.8977979136286371)	(4.0, 0.6046590608702959)	(5.0, 0.42408412708694027)	(6.0, 0.27782105663032997)	(7.0, 0.21812541686288034)	(8.0, 0.15825471656825346)	(9.0, 0.13155798617371955)	('>10', 2.578904156111976)	('>50', 0.14039854279617175)	('>100', 15.893832792688073)	('>500', 52.855937440370006)	('>1k', 21.18416192398522)	('>5k', 0.0)	('>10k+', 0.0)
012024-BEL-CBC-T4-667-OFAV_S24_R2_16S	(1.0, 1.325765606734732)	(2.0, 0.3245704545609216)	(3.0, 0.2010242815345063)	(4.0, 0.15118701173740995)	(5.0, 0.1353249395225778)	(6.0, 0.12846707991814543)	(7.0, 0.10443839626597398)	(8.0, 0.0996745395941927)	(9.0, 0.10129739186699731)	('>10', 1.876750128388555)	('>50', 0.8724663218890838)	('>100', 3.17435139567913)	('>500', 1.2008059817287773)	('>1k', 3.737376434195696)	('>5k', 6.434295161230373)	('>10k+', 80.13220487515292)
022024-BEL-CBC-T1-774-MCAV_S80_R2_16S	(1.0, 3.8981711723138037)	(2.0, 1.4803299499769025)	(3.0, 0.9184282577556746)	(4.0, 0.6274122850397311)	(5.0, 0.4613667860130811)	(6.0, 0.3260402861055872)	(7.0, 0.29241229085772336)	(8.0, 0.24854462923680742)	(9.0, 0.2555262199457065)	('>10', 6.718501099018738)	('>50', 1.4254081030668964)	('>100', 38.36593542261314)	('>500', 41.680561971508126)	('>1k', 3.3013615265480807)	('>5k', 0.0)	('>10k+', 0.0)
022024-BEL-CBC-T2-807-SSID_S31_R2_16S	(1.0, 3.9292845074091263)	(2.0, 1.3893782567186812)	(3.0, 0.9687738748513)	(4.0, 0.8005088650193674)	(5.0, 0.6279412944660929)	(6.0, 0.5428203634384671)	(7.0, 0.49409677040489425)	(8.0, 0.4279303636361522)	(9.0, 0.3799044831519862)	('>10', 6.647921456172605)	('>50', 3.429722322033878)	('>100', 12.78151247800752)	('>500', 7.202486647526085)	('>1k', 22.20039932414911)	('>5k', 5.634959119858876)	('>10k+', 32.54235987315586)
022024-BEL-CBC-T3-842-MCAV_S22_R2_16S	(1.0, 1.9806171449433756)	(2.0, 0.6299388551730758)	(3.0, 0.4364565113221398)	(4.0, 0.36383178445169906)	(5.0, 0.313159710665606)	(6.0, 0.2813716395327153)	(7.0, 0.24620018459112597)	(8.0, 0.23227323263438918)	(9.0, 0.2202346809429727)	('>10', 3.869253460296778)	('>50', 1.800510969638458)	('>100', 4.454972275923605)	('>500', 2.4594839788908325)	('>1k', 7.863456071482244)	('>5k', 0.0)	('>10k+', 74.84823949951098)
022024-BEL-CBC-T3-843-MCAV_S73_R2_16S	(1.0, 4.590112035457375)	(2.0, 1.9149796858786077)	(3.0, 1.1629174947675747)	(4.0, 0.7865346395342702)	(5.0, 0.5135691295706772)	(6.0, 0.41577993914557576)	(7.0, 0.32995057776527076)	(8.0, 0.2842218196528132)	(9.0, 0.21527692280633873)	('>10', 0.7126651071987619)	('>50', 7.263837346324991)	('>100', 81.37186274337373)	('>500', 0.4382925585240164)	('>1k', 0.0)	('>5k', 0.0)	('>10k+', 0.0)
022024-BEL-CBC-T3-852-OFAV_S18_R2_16S	(1.0, 1.9137564530822957)	(2.0, 0.5806255693896143)	(3.0, 0.3911327057394473)	(4.0, 0.3012450652900091)	(5.0, 0.23484158315618991)	(6.0, 0.20406923777710295)	(7.0, 0.20265209029253972)	(8.0, 0.1765360866484462)	(9.0, 0.20589128454296993)	('>10', 2.967506832675372)	('>50', 1.5501568984715053)	('>100', 4.270675169551574)	('>500', 2.039882579208422)	('>1k', 0.48527178864257514)	('>5k', 2.010932280595202)	('>10k+', 82.46482437493673)
042024-BEL-CBC-T1-924-MCAV_S38_R2_16S	(1.0, 8.513378602572237)	(2.0, 3.9166422578560884)	(3.0, 3.097762222872991)	(4.0, 2.6183366272885826)	(5.0, 2.2600209588647764)	(6.0, 1.9698082358947662)	(7.0, 1.7485089327119014)	(8.0, 1.5332823234466977)	(9.0, 1.3229978292210796)	('>10', 21.014060362892252)	('>50', 6.77065474593474)	('>100', 37.897642527457556)	('>500', 7.10014577446654)	('>1k', 0.236758598519788)	('>5k', 0.0)	('>10k+', 0.0)
042024-BEL-CBC-T1-931-SSID_S45_R2_16S	(1.0, 8.740726147020784)	(2.0, 4.227435828677025)	(3.0, 2.9212978924844166)	(4.0, 2.1481955777380097)	(5.0, 1.702904697536033)	(6.0, 1.378012006983095)	(7.0, 1.2105490704712496)	(8.0, 1.1456070166605556)	(9.0, 0.9982104450902165)	('>10', 18.92404151183642)	('>50', 7.996081586191423)	('>100', 12.300499287644044)	('>500', 27.317072280870736)	('>1k', 8.989366650795997)	('>5k', 0.0)	('>10k+', 0.0)
042024-BEL-CBC-T2-1016-MCAV_S68_R2_16S	(1.0, 4.269053507612183)	(2.0, 1.8359361638526552)	(3.0, 1.2461165748822518)	(4.0, 0.9348476894271195)	(5.0, 0.7454540316979695)	(6.0, 0.6322045064834052)	(7.0, 0.5574732045525863)	(8.0, 0.44437239834683956)	(9.0, 0.4169337412200015)	('>10', 5.837667253115292)	('>50', 0.20530659167262785)	('>100', 10.74189964738723)	('>500', 48.61408755682925)	('>1k', 23.518647132920588)	('>5k', 0.0)	('>10k+', 0.0)
042024-BEL-CBC-T2-1025-SSID_S59_R2_16S	(1.0, 6.20959657483859)	(2.0, 3.133124428919672)	(3.0, 2.178581554073051)	(4.0, 1.605346050274568)	(5.0, 1.265737628971015)	(6.0, 1.0562362283137436)	(7.0, 0.8554640526838584)	(8.0, 0.7565328357068136)	(9.0, 0.6574976993842045)	('>10', 12.680550303770948)	('>50', 9.120481363435234)	('>100', 3.6234597411298317)	('>500', 7.190699116309474)	('>1k', 49.666692422189)	('>5k', 0.0)	('>10k+', 0.0)
042024-BEL-CBC-T2-1035-SSID_S4_R2_16S	(1.0, 6.8775839735968916)	(2.0, 2.988093759426513)	(3.0, 2.1399293787816953)	(4.0, 1.549053356282272)	(5.0, 1.2243377042780843)	(6.0, 0.9182532782085633)	(7.0, 0.7390386287417712)	(8.0, 0.7204074028071047)	(9.0, 0.5429671558102809)	('>10', 10.869102329790444)	('>50', 4.548237131146086)	('>100', 16.434959277463314)	('>500', 6.172258991784516)	('>1k', 40.54820164309669)	('>5k', 3.7275759887857767)	('>10k+', 0.0)
042024-BEL-CBC-T3-950-PSTR_S84_R2_16S	(1.0, 4.337165266273892)	(2.0, 1.7961348930634353)	(3.0, 1.1970527721855546)	(4.0, 0.8552828480858201)	(5.0, 0.6695131358507092)	(6.0, 0.5212149636373153)	(7.0, 0.4465070367998275)	(8.0, 0.39106193406081075)	(9.0, 0.34306241963608225)	('>10', 6.270050664644312)	('>50', 4.659853473104915)	('>100', 1.465876932028374)	('>500', 5.733737418242961)	('>1k', 70.98332793869085)	('>5k', 0.3301583036951473)	('>10k+', 0.0)
042024-BEL-CBC-T3-956-MCAV_S94_R2_16S	(1.0, 3.5841158024043)	(2.0, 1.2024519879392617)	(3.0, 0.747910649124872)	(4.0, 0.5022289427537479)	(5.0, 0.40293007125976765)	(6.0, 0.3585624903794786)	(7.0, 0.33592596952218834)	(8.0, 0.2921620291980937)	(9.0, 0.20644507021848768)	('>10', 1.0705565264107835)	('>50', 3.904950758021628)	('>100', 85.29169420776704)	('>500', 2.1000654950003472)	('>1k', 0.0)	('>5k', 0.0)	('>10k+', 0.0)
042024-BEL-CBC-T3-959-SSID_S7_R2_16S	(1.0, 9.724738703526414)	(2.0, 4.093710686847748)	(3.0, 2.789008537135352)	(4.0, 2.022327892458996)	(5.0, 1.4953833007619333)	(6.0, 1.338724097824969)	(7.0, 1.1741528139315922)	(8.0, 0.8671640728227931)	(9.0, 0.8687464890140755)	('>10', 17.05290808535553)	('>50', 8.672431936323573)	('>100', 18.839455965313437)	('>500', 5.416610622759892)	('>1k', 25.6446367959237)	('>5k', 0.0)	('>10k+', 0.0)
052022-BEL-CBC-T1-53-PAST_S53_R2_16S	(1.0, 6.635380524301604)	(2.0, 2.695652564518392)	(3.0, 1.9992554665881745)	(4.0, 1.6144348844349028)	(5.0, 1.3357307488013503)	(6.0, 1.144442576562034)	(7.0, 1.0737241928058074)	(8.0, 0.8964302166282252)	(9.0, 0.831887241030993)	('>10', 14.170669261101581)	('>50', 9.062212266609535)	('>100', 18.738479231609404)	('>500', 13.637791298994802)	('>1k', 26.163909526013203)	('>5k', 0.0)	('>10k+', 0.0)
052022-BEL-CBC-T1-54-MCAV_S19_R2_16S	(1.0, 8.968992910224651)	(2.0, 2.8359101392329373)	(3.0, 1.6784829589134707)	(4.0, 1.2983684974801402)	(5.0, 0.9823182711198428)	(6.0, 1.0378406081831384)	(7.0, 0.6577261467498079)	(8.0, 0.5295976766037414)	(9.0, 0.595797386179209)	('>10', 7.909797557017169)	('>50', 6.036986418382165)	('>100', 7.768856239856496)	('>500', 29.168446228752025)	('>1k', 30.530878961305202)	('>5k', 0.0)	('>10k+', 0.0)
052022-BEL-CBC-T1-55-PSTR_S67_R2_16S	(1.0, 8.610836710765623)	(2.0, 5.075842203901511)	(3.0, 3.363737917409086)	(4.0, 2.0643112346169117)	(5.0, 1.260189997876603)	(6.0, 0.675794196663497)	(7.0, 0.458838409483276)	(8.0, 0.2843505636234386)	(9.0, 0.12878864813464186)	('>10', 3.1167776064698987)	('>50', 22.719886998347445)	('>100', 52.24064551270807)	('>500', 0.0)	('>1k', 0.0)	('>5k', 0.0)	('>10k+', 0.0)
052022-BEL-CBC-T1-62-MCAV_S92_R2_16S	(1.0, 5.101062721400291)	(2.0, 2.192679030353546)	(3.0, 1.3902896436757657)	(4.0, 0.9890949503368758)	(5.0, 0.7182051816350629)	(6.0, 0.558449677016045)	(7.0, 0.40063902201847607)	(8.0, 0.4089740918246857)	(9.0, 0.26255469889560323)	('>10', 1.118566367993332)	('>50', 3.3581996249218586)	('>100', 80.85156629853442)	('>500', 2.6497186913940407)	('>1k', 0.0)	('>5k', 0.0)	('>10k+', 0.0)
052022-BEL-CBC-T1-63-OFAV_S60_R2_16S	(1.0, 2.4072342173022907)	(2.0, 1.0248524470263092)	(3.0, 0.7337931530624173)	(4.0, 0.5632342053122068)	(5.0, 0.475481776570776)	(6.0, 0.40016906018722515)	(7.0, 0.3619506667985576)	(8.0, 0.3381203744503296)	(9.0, 0.3264300423549724)	('>10', 4.460985764772533)	('>50', 1.9662239328075684)	('>100', 1.00686732072576)	('>500', 0.31871142565098665)	('>1k', 74.52886462895185)	('>5k', 11.08708098402621)	('>10k+', 0.0)
052022-BEL-CBC-T2-10-MCAV_S3_R2_16S	(1.0, 5.2036980280029015)	(2.0, 1.7962515372887078)	(3.0, 1.1382725724416995)	(4.0, 0.8667010657241841)	(5.0, 0.6653501914579123)	(6.0, 0.5726279198786463)	(7.0, 0.47117656415488884)	(8.0, 0.42209971329808077)	(9.0, 0.44518329136906953)	('>10', 8.569438894471192)	('>50', 5.965262124697877)	('>100', 30.07790222649839)	('>500', 4.919711823835443)	('>1k', 35.398957941332796)	('>5k', 1.1091756252933942)	('>10k+', 2.378190480254812)
052022-BEL-CBC-T2-11-PAST_S86_R2_16S	(1.0, 4.938070014735752)	(2.0, 1.9640766259110278)	(3.0, 1.3740093193675573)	(4.0, 1.083595523517464)	(5.0, 0.9080409414950814)	(6.0, 0.7503285674459358)	(7.0, 0.6367437970448843)	(8.0, 0.5308056872037914)	(9.0, 0.4365765263451353)	('>10', 4.668684535425545)	('>50', 4.265004580031065)	('>100', 27.351228643116016)	('>500', 41.791867457883626)	('>1k', 9.30096778047712)	('>5k', 0.0)	('>10k+', 0.0)
052022-BEL-CBC-T2-59-OFAV_S61_R2_16S	(1.0, 6.0655768099070615)	(2.0, 2.5335897668034435)	(3.0, 1.8541759693481823)	(4.0, 1.3933209712770218)	(5.0, 1.2089110363569608)	(6.0, 1.0213435204474004)	(7.0, 0.840822911759459)	(8.0, 0.7573747271693094)	(9.0, 0.7106968593687913)	('>10', 17.046634484255012)	('>50', 11.296131748078398)	('>100', 8.643828616984672)	('>500', 7.364311049061822)	('>1k', 39.26328152918245)	('>5k', 0.0)	('>10k+', 0.0)
052022-BEL-CBC-T3-16-SSID_S12_R2_16S	(1.0, 5.2229471327230215)	(2.0, 1.7734712479689294)	(3.0, 1.260997503269528)	(4.0, 0.996215273649586)	(5.0, 0.8124281694606269)	(6.0, 0.7059208179764593)	(7.0, 0.6276502992113502)	(8.0, 0.5627551222605318)	(9.0, 0.5216383307573416)	('>10', 9.212885903380494)	('>50', 3.4574020132366345)	('>100', 14.997721238061267)	('>500', 9.37004616969841)	('>1k', 26.40292474141006)	('>5k', 16.34404846827567)	('>10k+', 7.7309475686600875)
052022-BEL-CBC-T3-25-PAST_S69_R2_16S	(1.0, 9.62631335740528)	(2.0, 4.500259570349191)	(3.0, 3.8877606722166598)	(4.0, 3.4542761886693385)	(5.0, 3.0698330717718676)	(6.0, 2.7935989844111795)	(7.0, 2.3374930897953834)	(8.0, 2.198791265906601)	(9.0, 2.007389821047529)	('>10', 38.4759412421122)	('>50', 9.87338243528272)	('>100', 17.549011576239888)	('>500', 0.0)	('>1k', 0.22594872479216732)	('>5k', 0.0)	('>10k+', 0.0)
052022-BEL-CBC-T3-6-SSID_S77_R2_16S	(1.0, 12.704682127320172)	(2.0, 6.1385710568072955)	(3.0, 4.4387361102628375)	(4.0, 3.456290495492783)	(5.0, 2.644416711499175)	(6.0, 2.284605428065601)	(7.0, 2.1357744460572103)	(8.0, 1.728856754874492)	(9.0, 1.6459204025115386)	('>10', 36.90426704895658)	('>50', 17.622522130118824)	('>100', 8.085341877827675)	('>500', 0.0)	('>1k', 0.2100154102058102)	('>5k', 0.0)	('>10k+', 0.0)
052022-BEL-CBC-T3-65-OFAV_S5_R2_16S	(1.0, 2.989289161405997)	(2.0, 1.0217309139978072)	(3.0, 0.6779782784568147)	(4.0, 0.5235160537634744)	(5.0, 0.3717088925886245)	(6.0, 0.3036143223497)	(7.0, 0.27659514654388817)	(8.0, 0.21115563982345387)	(9.0, 0.1658633798021509)	('>10', 3.9547952008946)	('>50', 1.9205480051102164)	('>100', 6.3281096260108765)	('>500', 3.538106408698613)	('>1k', 9.005038373476852)	('>5k', 2.9867902780944764)	('>10k+', 65.72516031898246)
062019-BEL-CBC-T1-12-PAST_S36_R2_16S	(1.0, 6.368073869199488)	(2.0, 2.489940896064264)	(3.0, 1.6903582684762335)	(4.0, 1.3224416286100211)	(5.0, 1.0105558056931312)	(6.0, 0.7932934542569843)	(7.0, 0.7284006203411877)	(8.0, 0.5980432094794995)	(9.0, 0.5248601016273235)	('>10', 11.34738391829792)	('>50', 4.843521079450841)	('>100', 29.055837853676664)	('>500', 24.64841377043088)	('>1k', 14.57887552439556)	('>5k', 0.0)	('>10k+', 0.0)
062019-BEL-CBC-T2-16-MCAV_S33_R2_16S	(1.0, 4.736371088432816)	(2.0, 2.220032939513127)	(3.0, 1.4473080596521046)	(4.0, 1.0934715088252325)	(5.0, 0.7858856442382174)	(6.0, 0.6204360349249084)	(7.0, 0.47378751757902093)	(8.0, 0.3970790623519414)	(9.0, 0.3654932278466733)	('>10', 6.694316805920088)	('>50', 0.3357875025381474)	('>100', 24.715539478532914)	('>500', 47.18134029224417)	('>1k', 8.933150837400635)	('>5k', 0.0)	('>10k+', 0.0)
062019-BEL-CBC-T2-2-PAST_S76_R2_16S	(1.0, 9.335174237250627)	(2.0, 4.143477928059705)	(3.0, 3.8866162594044824)	(4.0, 3.7910815332443524)	(5.0, 3.5597296208613525)	(6.0, 3.527172255992591)	(7.0, 3.262387826121243)	(8.0, 2.9210942283777666)	(9.0, 2.866958380264565)	('>10', 46.44609039571842)	('>50', 13.691107761030683)	('>100', 2.361822975066666)	('>500', 0.0)	('>1k', 0.20728659860754353)	('>5k', 0.0)	('>10k+', 0.0)
062019-BEL-CBC-T3-16-MCAV_S47_R2_16S	(1.0, 2.101360842991776)	(2.0, 0.8406784434289623)	(3.0, 0.5604802344176939)	(4.0, 0.41204139859389616)	(5.0, 0.3495143678064579)	(6.0, 0.3334216199362325)	(7.0, 0.26988879240690516)	(8.0, 0.2494375919884937)	(9.0, 0.2270586144814615)	('>10', 3.803671828639056)	('>50', 1.491680384616674)	('>100', 0.9127605432643469)	('>500', 0.5908217694646815)	('>1k', 78.84356843273399)	('>5k', 9.013615135229372)	('>10k+', 0.0)
062019-BEL-CBC-T3-27-SSID_S17_R2_16S	(1.0, 7.683729509914896)	(2.0, 2.6143462038318033)	(3.0, 1.58219091938121)	(4.0, 1.1570871588479437)	(5.0, 0.6749675093279671)	(6.0, 0.6992831090428877)	(7.0, 0.5341047247725653)	(8.0, 0.5634511382216073)	(9.0, 0.43768079486857003)	('>10', 8.49536745901983)	('>50', 6.404225883536661)	('>100', 20.918961975432858)	('>500', 16.747578920890454)	('>1k', 31.487024692910744)	('>5k', 0.0)	('>10k+', 0.0)
062024-BEL-CBC-T1-1341-SSID_S56_R2_16S	(1.0, 5.199516572015577)	(2.0, 2.020413001393207)	(3.0, 1.3629434858005902)	(4.0, 1.0301051137048243)	(5.0, 0.7852543326567729)	(6.0, 0.6704610707291692)	(7.0, 0.5772936187306845)	(8.0, 0.5541962389982164)	(9.0, 0.5173480848095051)	('>10', 7.928529603084537)	('>50', 5.618395989813604)	('>100', 33.31213512580211)	('>500', 17.553828972858774)	('>1k', 22.869578789602432)	('>5k', 0.0)	('>10k+', 0.0)
062024-BEL-CBC-T2-1369-SSID_S10_R2_16S	(1.0, 3.0729440645274417)	(2.0, 1.0608451692091883)	(3.0, 0.7419340697878309)	(4.0, 0.5562374578681786)	(5.0, 0.4474983926588345)	(6.0, 0.3755333450230873)	(7.0, 0.3554415804547314)	(8.0, 0.2951662867496639)	(9.0, 0.2904173242153253)	('>10', 4.577269273481793)	('>50', 2.036330781070392)	('>100', 6.830591111890429)	('>500', 5.1393516083153115)	('>1k', 40.4349806144914)	('>5k', 6.935068287645878)	('>10k+', 26.850390632610516)
062024-BEL-CBC-T2-1378-PAST_S54_R2_16S	(1.0, 4.271786320274844)	(2.0, 1.81640186224569)	(3.0, 1.2224411929623333)	(4.0, 0.9439079762781022)	(5.0, 0.7438206720960857)	(6.0, 0.6301243262692439)	(7.0, 0.5670205712761935)	(8.0, 0.5114052503054733)	(9.0, 0.43560768642091213)	('>10', 8.618274336040738)	('>50', 5.2104889216837655)	('>100', 10.378421620752826)	('>500', 10.77740903835722)	('>1k', 53.87289022503657)	('>5k', 0.0)	('>10k+', 0.0)
062024-BEL-CBC-T2-1387-OFAV_S44_R2_16S	(1.0, 6.696211913155034)	(2.0, 3.056352917718495)	(3.0, 2.154570797608791)	(4.0, 1.545482248398274)	(5.0, 1.2132863318121796)	(6.0, 1.0180318802740336)	(7.0, 0.8716850948244403)	(8.0, 0.7915517650024265)	(9.0, 0.7956901059791502)	('>10', 9.528341992498317)	('>50', 0.17794866199911966)	('>100', 30.6278615687322)	('>500', 36.399718592813585)	('>1k', 5.123266129183957)	('>5k', 0.0)	('>10k+', 0.0)
062024-BEL-CBC-T3-1412-MCAV_S13_R2_16S	(1.0, 2.5346869627918234)	(2.0, 0.8732556717955883)	(3.0, 0.6459596955082223)	(4.0, 0.5079852993645194)	(5.0, 0.4129251819490568)	(6.0, 0.37125841132338155)	(7.0, 0.32659762125155)	(8.0, 0.3133740353643597)	(9.0, 0.24027006055404332)	('>10', 3.301155941007837)	('>50', 1.908687396924643)	('>100', 5.5354429527019775)	('>500', 0.9643237632828425)	('>1k', 0.0)	('>5k', 8.82137929485852)	('>10k+', 73.24269771132164)
062024-BEL-CBC-T3-1421-OFAV_S55_R2_16S	(1.0, 2.2271396837246566)	(2.0, 0.9225835525896522)	(3.0, 0.6071844757422092)	(4.0, 0.4542930235522255)	(5.0, 0.3653007529064739)	(6.0, 0.3004342640726141)	(7.0, 0.2875747671634453)	(8.0, 0.25127229358800446)	(9.0, 0.24068881383090104)	('>10', 5.202406205333164)	('>50', 2.608429457124389)	('>100', 2.3961908576943034)	('>500', 0.044211633178867636)	('>1k', 57.69293797398058)	('>5k', 25.173830809988985)	('>10k+', 1.2255214355295383)
062024-BEL-CBC-T3-1445-SSID_S58_R2_16S	(1.0, 6.045729635072478)	(2.0, 2.698572759405584)	(3.0, 1.9140722212554795)	(4.0, 1.4369281260096947)	(5.0, 1.1362484234538828)	(6.0, 0.914396970724326)	(7.0, 0.7864598178952014)	(8.0, 0.6802463727282562)	(9.0, 0.6323525204315001)	('>10', 12.072665670211867)	('>50', 7.433450291142318)	('>100', 13.410022526234474)	('>500', 5.423359823536044)	('>1k', 45.4154948418989)	('>5k', 0.0)	('>10k+', 0.0)
062024-BEL-CBC-T3-1448-PAST_S40_R2_16S	(1.0, 5.579020480186218)	(2.0, 2.0750502149387096)	(3.0, 1.3741059863715717)	(4.0, 1.0039233353982466)	(5.0, 0.8362899138367968)	(6.0, 0.7208424846539393)	(7.0, 0.6386213887480994)	(8.0, 0.6217266430140226)	(9.0, 0.5609055583713466)	('>10', 7.9512305006476325)	('>50', 1.6269640141915862)	('>100', 11.971241388372661)	('>500', 29.890747310919636)	('>1k', 35.14933078034954)	('>5k', 0.0)	('>10k+', 0.0)
062024-BEL-CBC-T4-1464-MCAV_S43_R2_16S	(1.0, 3.831624558485517)	(2.0, 1.7264712290597082)	(3.0, 1.1783948666173623)	(4.0, 0.7733216312176441)	(5.0, 0.5953349065723132)	(6.0, 0.3995495094624494)	(7.0, 0.31577299941387127)	(8.0, 0.257773877072548)	(9.0, 0.19333040780441102)	('>10', 3.09021778823876)	('>50', 0.1043370454817456)	('>100', 9.247024092651296)	('>500', 51.08065560489402)	('>1k', 27.206191483028352)	('>5k', 0.0)	('>10k+', 0.0)
062024-BEL-CBC-T4-1467-MCAV_S57_R2_16S	(1.0, 2.3297958874827387)	(2.0, 1.0439563904179987)	(3.0, 0.7078675065735959)	(4.0, 0.5387511113633354)	(5.0, 0.4767039328074456)	(6.0, 0.39649660443031987)	(7.0, 0.39813606240029253)	(8.0, 0.37127417412304764)	(9.0, 0.3087225469610124)	('>10', 6.203330621922076)	('>50', 1.538316024440535)	('>100', 0.23923475146447737)	('>500', 4.750518636223193)	('>1k', 80.03808586976399)	('>5k', 0.6588098796259514)	('>10k+', 0.0)
062024-BEL-CBC-T4-1470-PSTR_S11_R2_16S	(1.0, 3.009342606454547)	(2.0, 1.010874891372911)	(3.0, 0.6659754238825285)	(4.0, 0.44506650278978727)	(5.0, 0.389839272516602)	(6.0, 0.3264903907326542)	(7.0, 0.24256665845477457)	(8.0, 0.22090892109274113)	(9.0, 0.2485225362293338)	('>10', 3.3956624966498183)	('>50', 1.1034617185956042)	('>100', 5.573077266685257)	('>500', 2.980104661015802)	('>1k', 5.313996583491932)	('>5k', 13.130815440883852)	('>10k+', 61.94329462915186)
082024-BEL-CBC-T1-1480-SSID_S70_R2_16S	(1.0, 15.370264150943397)	(2.0, 8.352)	(3.0, 5.4276226415094335)	(4.0, 3.7083773584905657)	(5.0, 2.6958490566037736)	(6.0, 2.3492830188679243)	(7.0, 1.9885283018867925)	(8.0, 1.7292075471698112)	(9.0, 1.4834716981132077)	('>10', 13.405283018867925)	('>50', 15.417056603773585)	('>100', 27.898264150943398)	('>500', 0.17479245283018868)	('>1k', 0.0)	('>5k', 0.0)	('>10k+', 0.0)
082024-BEL-CBC-T1-1483-MCAV_S91_R2_16S	(1.0, 5.12373990357523)	(2.0, 2.3190470227286957)	(3.0, 1.7011301734393587)	(4.0, 1.3900194101809529)	(5.0, 1.3246665831820175)	(6.0, 1.2045269551061297)	(7.0, 1.2053096236929435)	(8.0, 1.114520067622566)	(9.0, 1.1728288773401792)	('>10', 10.121078830380064)	('>50', 16.40708158537349)	('>100', 56.916050967378375)	('>500', 0.0)	('>1k', 0.0)	('>5k', 0.0)	('>10k+', 0.0)
082024-BEL-CBC-T2-1507-OFAV_S28_R2_16S	(1.0, 1.6894089267846677)	(2.0, 0.4628239535078452)	(3.0, 0.2824139584727148)	(4.0, 0.20502289168549287)	(5.0, 0.1793104498239459)	(6.0, 0.1375277317989321)	(7.0, 0.12670144048880705)	(8.0, 0.10758626989436754)	(9.0, 0.10124273982984117)	('>10', 2.9386614474920645)	('>50', 1.6800205022891688)	('>100', 2.851966536610204)	('>500', 1.2102609559107744)	('>1k', 3.489279857092955)	('>5k', 0.0)	('>10k+', 84.53777233831822)
082024-BEL-CBC-T2-1509-SSID_S48_R2_16S	(1.0, 7.606895352450348)	(2.0, 3.834235590258476)	(3.0, 2.7110468745991154)	(4.0, 2.022879981299193)	(5.0, 1.599973773258416)	(6.0, 1.3392742604486483)	(7.0, 1.081568017058785)	(8.0, 0.9852132490656723)	(9.0, 0.8607787631810757)	('>10', 13.600418487572231)	('>50', 5.326879274317464)	('>100', 3.6908437313811513)	('>500', 20.665674611658925)	('>1k', 34.6743180334505)	('>5k', 0.0)	('>10k+', 0.0)
082024-BEL-CBC-T2-1516-OFAV_S41_R2_16S	(1.0, 2.7628805359331974)	(2.0, 0.9975245640423895)	(3.0, 0.6260779171687103)	(4.0, 0.4683115321714797)	(5.0, 0.4528236507824005)	(6.0, 0.33705830006063897)	(7.0, 0.32157041867155983)	(8.0, 0.2625064642216815)	(9.0, 0.24570605051149386)	('>10', 3.2863184255912303)	('>50', 0.2982073433558301)	('>100', 5.125701220392552)	('>500', 43.00669653990229)	('>1k', 41.80861703719454)	('>5k', 0.0)	('>10k+', 0.0)
082024-BEL-CBC-T3-1555-SSID_S65_R2_16S	(1.0, 13.72452667744215)	(2.0, 7.86962207295381)	(3.0, 5.380160657575192)	(4.0, 3.5997693288606953)	(5.0, 2.4265141854628447)	(6.0, 1.7860768849649526)	(7.0, 1.2877784907284822)	(8.0, 0.9649201179346811)	(9.0, 0.8187201000657901)	('>10', 10.316441816454)	('>50', 23.303064514818995)	('>100', 28.522405152738408)	('>500', 0.0)	('>1k', 0.0)	('>5k', 0.0)	('>10k+', 0.0)
082024-BEL-CBC-T3-1563-SSID_S8_R2_16S	(1.0, 4.697986577181208)	(2.0, 1.4620393702751926)	(3.0, 1.0261039576675413)	(4.0, 0.7661757667995037)	(5.0, 0.6209017648352995)	(6.0, 0.5429913516039111)	(7.0, 0.4461420169611083)	(8.0, 0.4245947411038103)	(9.0, 0.3827476632546366)	('>10', 6.173294533115895)	('>50', 2.7261840228083587)	('>100', 10.289277848719978)	('>500', 5.157056959656695)	('>1k', 11.307783556479945)	('>5k', 27.3791027714333)	('>10k+', 26.597617098103616)
082024-BEL-CBC-T4-1605-MCAV_S42_R2_16S	(1.0, 3.0993068966625703)	(2.0, 1.3876903066914268)	(3.0, 1.0051605660549983)	(4.0, 0.8783100444347735)	(5.0, 0.7838521511425202)	(6.0, 0.6201581056988772)	(7.0, 0.5573510248186878)	(8.0, 0.5044348228172685)	(9.0, 0.4829221612559438)	('>10', 6.138773976108582)	('>50', 0.21018117617386187)	('>100', 4.2686560521051495)	('>500', 41.49025872066427)	('>1k', 38.57294399537107)	('>5k', 0.0)	('>10k+', 0.0)
082024-BEL-CBC-T4-1610-MCAV_S72_R2_16S	(1.0, 3.4985116863986074)	(2.0, 1.3712759373823686)	(3.0, 0.837907443127564)	(4.0, 0.5883783230083571)	(5.0, 0.42320705883854115)	(6.0, 0.33814031334335704)	(7.0, 0.2853280421817635)	(8.0, 0.2540660132122834)	(9.0, 0.21883420278636126)	('>10', 4.5942422573311585)	('>50', 0.0813805198570595)	('>100', 7.136887280182213)	('>500', 48.122541482444)	('>1k', 32.24929943990637)	('>5k', 0.0)	('>10k+', 0.0)
092023-BEL-CBC-T1-172-PAST_S83_R2_16S	(1.0, 6.956281111218867)	(2.0, 3.405694903007124)	(3.0, 2.5311331244142004)	(4.0, 2.0065445652947322)	(5.0, 1.665346829025444)	(6.0, 1.455499927519877)	(7.0, 1.2207043740236592)	(8.0, 1.0518099461141486)	(9.0, 0.9447905280829304)	('>10', 16.917596913470607)	('>50', 8.709376531642139)	('>100', 31.651295515813775)	('>500', 19.78018960342468)	('>1k', 1.7037361269478217)	('>5k', 0.0)	('>10k+', 0.0)
092023-BEL-CBC-T1-178-OANN_S87_R2_16S	(1.0, 9.275007778942431)	(2.0, 3.8716673964069375)	(3.0, 3.184437729744574)	(4.0, 2.9810333751636637)	(5.0, 2.7805426554958323)	(6.0, 2.6425007643236045)	(7.0, 2.5773953830879193)	(8.0, 2.4766234822284923)	(9.0, 2.50856147415523)	('>10', 48.09587404300765)	('>50', 14.12488984598802)	('>100', 5.279216916181442)	('>500', 0.0)	('>1k', 0.20224915527421897)	('>5k', 0.0)	('>10k+', 0.0)
092023-BEL-CBC-T2-171-OFAV_S66_R2_16S	(1.0, 8.417373566260258)	(2.0, 3.7413579040922116)	(3.0, 2.554800631783122)	(4.0, 1.9074937721206184)	(5.0, 1.5720843361179546)	(6.0, 1.3418335795375036)	(7.0, 1.284887972731706)	(8.0, 1.1702615670578462)	(9.0, 1.120096558784097)	('>10', 24.763771247155685)	('>50', 2.1489259905561564)	('>100', 45.5015771992629)	('>500', 4.183225575438453)	('>1k', 0.2923100991014908)	('>5k', 0.0)	('>10k+', 0.0)
092023-BEL-CBC-T2-172-OFAV_S71_R2_16S	(1.0, 10.891653621302972)	(2.0, 5.04065648115109)	(3.0, 4.330005333768238)	(4.0, 3.9081506496488596)	(5.0, 3.6487014808121385)	(6.0, 3.5703985753673626)	(7.0, 3.3010288846115294)	(8.0, 3.2269258879311424)	(9.0, 3.018875774005501)	('>10', 50.95185808095558)	('>50', 7.500324971602423)	('>100', 0.314944422188677)	('>500', 0.0)	('>1k', 0.29647583665450605)	('>5k', 0.0)	('>10k+', 0.0)
092023-BEL-CBC-T2-176-MCAV_S51_R2_16S	(1.0, 4.168670531759526)	(2.0, 2.1269371221846485)	(3.0, 1.5014787577677384)	(4.0, 1.0845485907305934)	(5.0, 0.8747581161269801)	(6.0, 0.6831444335467844)	(7.0, 0.6096798991188043)	(8.0, 0.5028912459812249)	(9.0, 0.42942671155324474)	('>10', 9.659702683222694)	('>50', 5.709406111188951)	('>100', 1.7100069551475034)	('>500', 8.04815335153537)	('>1k', 62.89119549013593)	('>5k', 0.0)	('>10k+', 0.0)
092023-BEL-CBC-T2-182-PAST_S32_R2_16S	(1.0, 4.11723163841808)	(2.0, 1.1489569752281616)	(3.0, 0.7423402868318122)	(4.0, 0.5399826162538027)	(5.0, 0.47941112559756627)	(6.0, 0.3723924380704042)	(7.0, 0.3270317253368101)	(8.0, 0.33463711429813126)	(9.0, 0.25545958279009123)	('>10', 4.687228378965667)	('>50', 3.6234245980008692)	('>100', 7.3978704910908295)	('>500', 8.575619295958278)	('>1k', 26.095040199913083)	('>5k', 6.836429813124728)	('>10k+', 34.466943720121684)
092023-BEL-CBC-T3-176-MCAV_S34_R2_16S	(1.0, 5.604050247706339)	(2.0, 2.6141849238767176)	(3.0, 1.6992564281379912)	(4.0, 1.1549364658147139)	(5.0, 0.9165587385543369)	(6.0, 0.6770941827502196)	(7.0, 0.5401537862389392)	(8.0, 0.45067156947098624)	(9.0, 0.3700651191435791)	('>10', 12.878374829050927)	('>50', 5.258801046978164)	('>100', 3.0900346879443545)	('>500', 28.240696294820356)	('>1k', 36.50512167951238)	('>5k', 0.0)	('>10k+', 0.0)
092023-BEL-CBC-T3-181-PAST_S37_R2_16S	(1.0, 5.927938024389202)	(2.0, 2.642205431158173)	(3.0, 1.7858444126715298)	(4.0, 1.3815354693778064)	(5.0, 1.0478361053665792)	(6.0, 0.9475755283782663)	(7.0, 0.7985667009244577)	(8.0, 0.6734294394202476)	(9.0, 0.6185248377361715)	('>10', 10.461274038038711)	('>50', 2.9882174976065614)	('>100', 21.142920321738455)	('>500', 24.605051223354934)	('>1k', 24.979080969838904)	('>5k', 0.0)	('>10k+', 0.0)
092023-BEL-CBC-T4-93-PSTR_S6_R2_16S	(1.0, 21.65426611266789)	(2.0, 8.574097336296582)	(3.0, 5.188907140786549)	(4.0, 3.41417850355912)	(5.0, 2.818307726994557)	(6.0, 2.1644603343318196)	(7.0, 1.5106129416690823)	(8.0, 1.4172061712886914)	(9.0, 1.6233452507488648)	('>10', 14.49093310142687)	('>50', 9.353560730505363)	('>100', 18.027506683415467)	('>500', 9.762617966309143)	('>1k', 0.0)	('>5k', 0.0)	('>10k+', 0.0)
102019-BEL-CBC-T3-35-PSTR_S21_R2_16S	(1.0, 1.411393113396421)	(2.0, 0.3579674281142876)	(3.0, 0.23751196886230524)	(4.0, 0.1764137765232061)	(5.0, 0.15336723992853915)	(6.0, 0.1347973687155701)	(7.0, 0.12302539678592005)	(8.0, 0.11672490476723413)	(9.0, 0.10743996916074959)	('>10', 2.074354095941571)	('>50', 0.9811358294887896)	('>100', 2.8276773982284014)	('>500', 1.4089060770732555)	('>1k', 2.5860203688274868)	('>5k', 0.5038735590733302)	('>10k+', 86.79939150511294)
112023-BEL-CBC-T1-273-PAST_S29_R2_16S	(1.0, 2.565423627049575)	(2.0, 0.7432071294334567)	(3.0, 0.4886424603725975)	(4.0, 0.3622729075240594)	(5.0, 0.25659307279839594)	(6.0, 0.236106195049275)	(7.0, 0.21227245113321844)	(8.0, 0.19066995132845233)	(9.0, 0.18438189974208846)	('>10', 3.124553117301574)	('>50', 1.7267801017650155)	('>100', 6.4548877937762486)	('>500', 7.395560027058906)	('>1k', 4.705693830711453)	('>5k', 0.9142015645078028)	('>10k+', 70.43875387044788)
112023-BEL-CBC-T1-277-OFAV-OANN_S23_R2_16S	(1.0, 3.1379423609722656)	(2.0, 1.0768044328925195)	(3.0, 0.8225986118648425)	(4.0, 0.6669332495501414)	(5.0, 0.585530261917683)	(6.0, 0.5226928679557853)	(7.0, 0.40737196880980264)	(8.0, 0.3684556282311274)	(9.0, 0.31490103110451)	('>10', 4.857758990031704)	('>50', 3.1333009625546255)	('>100', 7.83146725314901)	('>500', 0.4223672560052555)	('>1k', 1.7001799434463454)	('>5k', 45.81488674987861)	('>10k+', 28.336808431635774)
112023-BEL-CBC-T1-278-PSTR_S14_R2_16S	(1.0, 3.956114766329784)	(2.0, 1.4153609622645775)	(3.0, 0.9055144814488232)	(4.0, 0.6443736010309978)	(5.0, 0.49175880078681405)	(6.0, 0.47141016075425624)	(7.0, 0.39566800063306884)	(8.0, 0.3346220805353953)	(9.0, 0.3154039205046463)	('>10', 6.012457889619933)	('>50', 1.91333740306134)	('>100', 5.826493929322391)	('>500', 0.40414660064663455)	('>1k', 14.645933663433494)	('>5k', 62.267403739627845)	('>10k+', 0.0)
112023-BEL-CBC-T2-311-MCAV_S79_R2_16S	(1.0, 5.799880854913779)	(2.0, 2.596980595916573)	(3.0, 1.8817915088419033)	(4.0, 1.3723984797851565)	(5.0, 1.0688015087463325)	(6.0, 0.9021895298866209)	(7.0, 0.7760359091821359)	(8.0, 0.6396880565015307)	(9.0, 0.593495442859737)	('>10', 2.117533123289679)	('>50', 5.992615553212298)	('>100', 76.06426188981946)	('>500', 0.19432754704478772)	('>1k', 0.0)	('>5k', 0.0)	('>10k+', 0.0)
112023-BEL-CBC-T2-312-OFAV_S74_R2_16S	(1.0, 6.623304489290473)	(2.0, 2.974447071535452)	(3.0, 2.151162614235461)	(4.0, 1.7688854625416954)	(5.0, 1.642774977008738)	(6.0, 1.376744073110695)	(7.0, 1.3257535518843728)	(8.0, 1.2237725094317289)	(9.0, 1.0953856613440252)	('>10', 25.81774530841677)	('>50', 2.9577537461339776)	('>100', 49.158959914772986)	('>500', 1.6706983576802954)	('>1k', 0.21261226261332491)	('>5k', 0.0)	('>10k+', 0.0)
112023-BEL-CBC-T3-348-SSID_S85_R2_16S	(1.0, 9.768196456223912)	(2.0, 4.31606788799473)	(3.0, 2.959039338549302)	(4.0, 2.2216365600415253)	(5.0, 1.7289970458223411)	(6.0, 1.3760288034851624)	(7.0, 1.2107152480578127)	(8.0, 0.9808943772837466)	(9.0, 0.897863883719973)	('>10', 12.944604624267441)	('>50', 2.9000724209199547)	('>100', 27.920464441919474)	('>500', 27.763132174853805)	('>1k', 3.0122867368608333)	('>5k', 0.0)	('>10k+', 0.0)
112023-BEL-CBC-T3-350-OFAV_S93_R2_16S	(1.0, 4.088643059848526)	(2.0, 1.9601250835999493)	(3.0, 1.2684778482728702)	(4.0, 0.8870090197567015)	(5.0, 0.6760298609981382)	(6.0, 0.5522477089094951)	(7.0, 0.4210906856099633)	(8.0, 0.34358223523670084)	(9.0, 0.29152432080689766)	('>10', 4.5289662527339445)	('>50', 0.10975543625616833)	('>100', 9.223433291759305)	('>500', 46.86000397664624)	('>1k', 28.7891112195651)	('>5k', 0.0)	('>10k+', 0.0)
112023-BEL-CBC-T3-356-MCAV_S49_R2_16S	(1.0, 2.9687781477625115)	(2.0, 1.324240697288411)	(3.0, 0.930299483695683)	(4.0, 0.7133315734195615)	(5.0, 0.6123820130769903)	(6.0, 0.5139250344712725)	(7.0, 0.5123388460932746)	(8.0, 0.458635039581065)	(9.0, 0.4343890172316707)	('>10', 7.840189254933329)	('>50', 3.254745252481535)	('>100', 0.5737469961557592)	('>500', 3.5785542799327907)	('>1k', 75.68611144786142)	('>5k', 0.5983329160147244)	('>10k+', 0.0)
112023-BEL-CBC-T3-358-SSID_S46_R2_16S	(1.0, 8.303075955248227)	(2.0, 3.6064324362233067)	(3.0, 2.525892104477665)	(4.0, 1.9340204777215364)	(5.0, 1.6013753781701046)	(6.0, 1.3143864061837558)	(7.0, 1.1244993714785305)	(8.0, 0.9776059273381746)	(9.0, 0.8230478071357661)	('>10', 14.047348081499534)	('>50', 13.177370600152344)	('>100', 15.505380771486173)	('>500', 19.678220531991737)	('>1k', 15.38134415089315)	('>5k', 0.0)	('>10k+', 0.0)
112023-BEL-CBC-T4-400-OFAV_S88_R2_16S	(1.0, 4.332929684011125)	(2.0, 1.833454151183634)	(3.0, 1.27990761069373)	(4.0, 0.9866214136311615)	(5.0, 0.8173379500291832)	(6.0, 0.6704871417266082)	(7.0, 0.5837683122127114)	(8.0, 0.5267519799933948)	(9.0, 0.44397963613402264)	('>10', 3.8366071855118284)	('>50', 0.03821859791750183)	('>100', 29.789008414322836)	('>500', 47.124777490907505)	('>1k', 7.73615043172476)	('>5k', 0.0)	('>10k+', 0.0)
122022-BEL-CBC-T1-123-OANN_S30_R2_16S	(1.0, 1.7420550255338076)	(2.0, 0.4703199713938898)	(3.0, 0.31206665667672795)	(4.0, 0.2375385425313712)	(5.0, 0.19821306953552334)	(6.0, 0.16079044200721654)	(7.0, 0.15595404311054978)	(8.0, 0.1433476918880905)	(9.0, 0.12344709970672395)	('>10', 2.727253266353173)	('>50', 2.0533288299323935)	('>100', 4.959766711145679)	('>500', 2.2919773656531635)	('>1k', 5.639954680563782)	('>5k', 0.9671212088777255)	('>10k+', 77.81686539509019)
122022-BEL-CBC-T1-151-MCAV_S62_R2_16S	(1.0, 9.14846530109271)	(2.0, 4.1331874709218255)	(3.0, 3.4554302312422194)	(4.0, 3.1913689690293867)	(5.0, 2.9046738843411672)	(6.0, 2.6142064959070503)	(7.0, 2.4337646333949476)	(8.0, 2.2684119858664356)	(9.0, 1.9804594665962503)	('>10', 25.338564261194314)	('>50', 26.342625774894064)	('>100', 16.188841525519635)	('>500', 0.0)	('>1k', 0.0)	('>5k', 0.0)	('>10k+', 0.0)
122022-BEL-CBC-T2-100-PAST_S15_R2_16S	(1.0, 3.7317667829669174)	(2.0, 1.3001207040468885)	(3.0, 0.874653951706371)	(4.0, 0.7116134107600752)	(5.0, 0.6215357638284201)	(6.0, 0.4765107522684554)	(7.0, 0.4224641641094624)	(8.0, 0.37472301123568513)	(9.0, 0.32698185836190796)	('>10', 7.318808813196975)	('>50', 3.355992865850363)	('>100', 11.245143313536268)	('>500', 3.6999393477177325)	('>1k', 7.307248848507414)	('>5k', 1.3807401980507197)	('>10k+', 56.85175621385634)
122022-BEL-CBC-T2-83-PAST_S75_R2_16S	(1.0, 10.481878432747367)	(2.0, 5.794143670389476)	(3.0, 3.752441528522062)	(4.0, 2.5191566084038666)	(5.0, 1.92609472295955)	(6.0, 1.669003856362999)	(7.0, 1.497262149212868)	(8.0, 1.2871237541944207)	(9.0, 1.1287374167376172)	('>10', 21.614205105090065)	('>50', 11.374601425685714)	('>100', 36.61249394834811)	('>500', 0.10663427989516035)	('>1k', 0.23622310145072703)	('>5k', 0.0)	('>10k+', 0.0)
122022-BEL-CBC-T2-88-MCAV_S89_R2_16S	(1.0, 7.879584142579688)	(2.0, 4.581667237899387)	(3.0, 3.1914772078144638)	(4.0, 2.1105144902700026)	(5.0, 1.5156708176244336)	(6.0, 1.2555695190220495)	(7.0, 1.1102859971819186)	(8.0, 0.9413915229064321)	(9.0, 0.8911230435279333)	('>10', 9.637648044479988)	('>50', 1.5775543623138735)	('>100', 61.668951597547505)	('>500', 3.6385620168323243)	('>1k', 0.0)	('>5k', 0.0)	('>10k+', 0.0)
122022-BEL-CBC-T2-90-SSID_S64_R2_16S	(1.0, 9.181844482905714)	(2.0, 3.7789855019254692)	(3.0, 2.6499679832284864)	(4.0, 2.1281284833151743)	(5.0, 1.7577357139182563)	(6.0, 1.5178069989737866)	(7.0, 1.3507074186167014)	(8.0, 1.1816485093702827)	(9.0, 0.9497891239613878)	('>10', 10.25486278777544)	('>50', 2.1115124534945906)	('>100', 40.81160009847079)	('>500', 21.6738335183236)	('>1k', 0.6515769257203217)	('>5k', 0.0)	('>10k+', 0.0)
122022-BEL-CBC-T2-93-OFAV_S9_R2_16S	(1.0, 2.219232055082931)	(2.0, 0.7819256369378356)	(3.0, 0.4691553821627013)	(4.0, 0.34371572167868103)	(5.0, 0.27215432946422896)	(6.0, 0.22048645168777128)	(7.0, 0.2011455348730545)	(8.0, 0.24977412572148527)	(9.0, 0.280995891436671)	('>10', 3.911838575182288)	('>50', 1.2292534129810708)	('>100', 5.974685502877652)	('>500', 0.7719788797188383)	('>1k', 3.0437077090131437)	('>5k', 11.04670278813131)	('>10k+', 68.98324800305033)
122022-BEL-CBC-T2-94-PAST_S16_R2_16S	(1.0, 3.899127186060743)	(2.0, 1.1780089535894875)	(3.0, 0.800412251602306)	(4.0, 0.6029179683725724)	(5.0, 0.439949756835969)	(6.0, 0.41044800154594346)	(7.0, 0.358014750877645)	(8.0, 0.2823923475796322)	(9.0, 0.26783471287320043)	('>10', 5.420850913072885)	('>50', 2.962543077071725)	('>100', 3.968823472575606)	('>500', 2.3860349769718834)	('>1k', 14.79918837965796)	('>5k', 53.248607040484394)	('>10k+', 8.974846210828046)
122022-BEL-CBC-T4-34-PSTR_S25_R2_16S	(1.0, 9.150817288525129)	(2.0, 2.8048122698811)	(3.0, 1.5478061021082996)	(4.0, 1.08815459299735)	(5.0, 0.7035482282310452)	(6.0, 0.42212893693862713)	(7.0, 0.3775708824839943)	(8.0, 0.28141929129241805)	(9.0, 0.12663868108158816)	('>10', 4.608240894913346)	('>50', 10.73145564128421)	('>100', 23.533688234328462)	('>500', 1.8456415187261086)	('>1k', 18.33446682770104)	('>5k', 0.0)	('>10k+', 24.44361060950728)
122023-BEL-CBC-T1-509-MCAV_S26_R2_16S	(1.0, 2.9906592516602775)	(2.0, 1.0992926947788997)	(3.0, 0.6867879704119648)	(4.0, 0.4254629879596134)	(5.0, 0.37794935478645864)	(6.0, 0.301279628529777)	(7.0, 0.2796825225419794)	(8.0, 0.3239565898169645)	(9.0, 0.19923330273743317)	('>10', 4.053776793909616)	('>50', 2.14837211813617)	('>100', 4.383672587873225)	('>500', 1.1451865450029697)	('>1k', 15.2081421089574)	('>5k', 66.37654554289725)	('>10k+', 0.0)
122023-BEL-CBC-T2-514-SSID_S81_R2_16S	(1.0, 8.351760878872543)	(2.0, 4.26165496278445)	(3.0, 2.5838287805157947)	(4.0, 1.8167132320811428)	(5.0, 1.48229557930171)	(6.0, 1.2393903682419458)	(7.0, 1.0937355172733412)	(8.0, 0.9828024287578584)	(9.0, 0.8077223553713536)	('>10', 5.138820843062048)	('>50', 0.2945464764031785)	('>100', 56.79744706770302)	('>500', 14.991415191359577)	('>1k', 0.15786631827203323)	('>5k', 0.0)	('>10k+', 0.0)
122023-BEL-CBC-T2-516-MCAV_S20_R2_16S	(1.0, 1.6554180315254907)	(2.0, 0.44130596017601326)	(3.0, 0.2849859936847196)	(4.0, 0.23511633746136837)	(5.0, 0.18686657726383363)	(6.0, 0.17703149424994766)	(7.0, 0.1684691866849175)	(8.0, 0.16198960258165143)	(9.0, 0.12912885462937357)	('>10', 2.3024507869802013)	('>50', 1.0436758680617828)	('>100', 3.3615156672872413)	('>500', 2.5258807316838934)	('>1k', 0.8251056114355403)	('>5k', 0.0)	('>10k+', 86.50105929629403)
122023-BEL-CBC-T2-520-PAST_S2_R2_16S	(1.0, 3.311936571533372)	(2.0, 1.1842990091653383)	(3.0, 0.8278430653330137)	(4.0, 0.6628763831478164)	(5.0, 0.5149330587023687)	(6.0, 0.4221040305856129)	(7.0, 0.3752662838762468)	(8.0, 0.33030957117127285)	(9.0, 0.29964871689967976)	('>10', 5.758503449346105)	('>50', 3.079534820290714)	('>100', 6.015264590945643)	('>500', 3.89712625029979)	('>1k', 11.061702617929075)	('>5k', 1.3869804231385994)	('>10k+', 60.871671157635355)
122023-BEL-CBC-T2-521-OFAV_S90_R2_16S	(1.0, 3.0792356014277393)	(2.0, 1.2742424316609462)	(3.0, 0.8100803470443941)	(4.0, 0.5836299629355804)	(5.0, 0.41434300011261316)	(6.0, 0.2871635681725821)	(7.0, 0.2236350550090825)	(8.0, 0.18703577671257693)	(9.0, 0.17406078173120706)	('>10', 2.2777236472955704)	('>50', 0.03696649513560094)	('>100', 39.90814682798094)	('>500', 45.29778837538374)	('>1k', 5.445948129397422)	('>5k', 0.0)	('>10k+', 0.0)
122023-BEL-CBC-T3-527-OFAV_S78_R2_16S	(1.0, 5.072877725453284)	(2.0, 2.0666037194131106)	(3.0, 1.4302247453744128)	(4.0, 1.194616529869853)	(5.0, 1.0719779151830156)	(6.0, 1.0667487546211474)	(7.0, 1.0007429354534125)	(8.0, 1.078193709813161)	(9.0, 1.0380377032342851)	('>10', 19.958423240362805)	('>50', 0.8177223157880198)	('>100', 36.398114739622336)	('>500', 26.42778282605543)	('>1k', 1.377933139755729)	('>5k', 0.0)	('>10k+', 0.0)
122023-BEL-CBC-T3-534-SSID_S27_R2_16S	(1.0, 10.656103040832477)	(2.0, 4.087795737558784)	(3.0, 2.6251398528247996)	(4.0, 1.9320156089396654)	(5.0, 1.4189945150404322)	(6.0, 1.3371294468650228)	(7.0, 1.2543547668209976)	(8.0, 1.0551497675941677)	(9.0, 0.8923292431119642)	('>10', 11.746727671302654)	('>50', 10.868952218088541)	('>100', 23.959176619336528)	('>500', 22.05353975458672)	('>1k', 6.112591757097246)	('>5k', 0.0)	('>10k+', 0.0)
122023-BEL-CBC-T4-536-PSTR_S50_R2_16S	(1.0, 4.252647057566289)	(2.0, 2.1974959284257864)	(3.0, 1.6291426397479687)	(4.0, 1.2324580339319224)	(5.0, 0.9882918196623905)	(6.0, 0.8222656333488645)	(7.0, 0.6798353416916375)	(8.0, 0.6244362846725001)	(9.0, 0.5355242178516623)	('>10', 8.101257165329423)	('>50', 4.517416933474111)	('>100', 1.2885410299266047)	('>500', 1.3004244696266976)	('>1k', 69.85145700374883)	('>5k', 1.9788064409953021)	('>10k+', 0.0)
Negative_S96_R2_16S	(1.0, 19.547971860499924)	(2.0, 9.808910841690366)	(3.0, 7.58868432869331)	(4.0, 5.368457815696253)	(5.0, 2.9686174724342664)	(6.0, 2.3649154318215833)	(7.0, 1.3620715461757222)	(8.0, 0.8381978745696752)	(9.0, 0.673551863493489)	('>10', 5.009230155166392)	('>50', 13.695554557700943)	('>100', 25.440303347802224)	('>500', 0.0)	('>1k', 5.33353290425585)	('>5k', 0.0)	('>10k+', 0.0)
Undetermined_S0_R2_16S	(1.0, 16.912789683780694)	(2.0, 2.821656998458262)	(3.0, 1.4788000300807016)	(4.0, 1.0048951623571751)	(5.0, 0.7353297307756341)	(6.0, 0.6100331669482586)	(7.0, 0.537153014337305)	(8.0, 0.4660407604434324)	(9.0, 0.4175874585181885)	('>10', 10.389339011697245)	('>50', 11.83170271414232)	('>100', 17.956767539700856)	('>500', 1.1509443719181804)	('>1k', 32.408415962735056)	('>5k', 0.21175341105517279)	('>10k+', 1.066790983051522)
